[double3(15.469700000000,0.000000000000,0.000000000000),double3(0.569408013175,15.509531060446,0.000000000000),double3(-5.107223876071,-3.651274715175,14.479480306779)]

double3(0.024357080000,0.054528335000,0.267435300000),
double3(0.436014400000,0.106512295000,0.275338320000),
double3(0.456317550000,0.018245815000,0.308634580000),
double3(0.019891380000,0.104886385000,0.365106730000),
double3(0.098841430000,0.037751545000,0.489720450000),
double3(0.492622880000,0.455203000000,0.020062450000),
double3(0.054202615000,0.479083850000,0.498348535000),
double3(0.022836150000,0.137491330000,0.049772980000),
double3(0.369351835000,0.103328735000,0.121036155000),
double3(0.470922975000,0.151071950000,0.079182800000),
double3(0.411066980000,0.164375825000,0.113164885000),
double3(0.428934250000,0.470543115000,0.049032780000),
double3(0.051274000000,0.201936960000,0.236279650000),
double3(0.044828115000,0.271579920000,0.212139875000),
double3(0.489384175000,0.256670400000,0.338963850000),
double3(0.416049350000,0.441287050000,0.373423300000),
double3(0.456987400000,0.309485165000,0.367943200000),
double3(0.419941725000,0.372689700000,0.398999300000),
double3(0.472098620000,0.403384475000,0.243599650000),
double3(0.012793780000,0.343670515000,0.213086550000),
double3(0.259843765000,0.462726535000,0.260854485000),
double3(0.189390915000,0.446619720000,0.272793325000),
double3(0.168342850000,0.107359970000,0.326448200000),
double3(0.222830770000,0.150880350000,0.341121950000),
double3(0.279546900000,0.200614700000,0.341892630000),
double3(0.316284270000,0.014305580000,0.262375175000),
double3(0.364349350000,0.212425815000,0.348669350000),
double3(0.118565200000,0.472569525000,0.286715925000),
double3(0.087945760000,0.125754800000,0.009703330000),
double3(0.046778085000,0.013439100000,0.010274525000),
double3(0.063814340000,0.091520300000,0.020253055000),
double3(0.394747020000,0.095555440000,0.103942470000),
double3(0.418757050000,0.130446480000,0.099933885000),
double3(0.453338950000,0.122229510000,0.080172950000),
double3(0.464631900000,0.078321980000,0.063254750000),
double3(0.438518250000,0.042344090000,0.065969830000),
double3(0.001392365000,0.069025280000,0.044372595000),
double3(0.011171045000,0.023969865000,0.028978520000),
double3(0.484974550000,0.489541235000,0.031580790000),
double3(0.448700600000,0.498476650000,0.048818020000),
double3(0.028759720000,0.102624225000,0.039883585000),
double3(0.072467030000,0.046830125000,0.005559805000),
double3(0.403650135000,0.051310050000,0.087067330000),
double3(0.379721800000,0.016485090000,0.097621375000),
double3(0.001778245000,0.262198350000,0.312430550000),
double3(0.037169455000,0.230156585000,0.254394400000),
double3(0.448873400000,0.415480165000,0.321842670000),
double3(0.433491020000,0.374067150000,0.371709050000),
double3(0.455107050000,0.337706900000,0.353344620000),
double3(0.014526250000,0.182519970000,0.295741050000),
double3(0.452979700000,0.459632850000,0.313269350000),
double3(0.032985390000,0.269537650000,0.240409685000),
double3(0.020894470000,0.226327950000,0.289764730000),
double3(0.472923750000,0.338548100000,0.317462200000),
double3(0.430780500000,0.412761300000,0.356553250000),
double3(0.467551800000,0.377370600000,0.300154200000),
double3(0.495517200000,0.302090615000,0.297811000000),
double3(0.011153995000,0.304935300000,0.260770400000),
double3(0.002819600000,0.342067420000,0.242608000000),
double3(0.480323800000,0.377055650000,0.261154530000),
double3(0.094713345000,0.057411920000,0.304256500000),
double3(0.186254025000,0.481925550000,0.285523625000),
double3(0.140464300000,0.042003190000,0.308399150000),
double3(0.320807900000,0.149902525000,0.316811200000),
double3(0.283145665000,0.165237800000,0.330069800000),
double3(0.249761430000,0.135920090000,0.328712000000),
double3(0.372094600000,0.085906290000,0.304907920000),
double3(0.251467885000,0.089685670000,0.311439930000),
double3(0.289771550000,0.073450095000,0.297723800000),
double3(0.216235740000,0.059031485000,0.307220300000),
double3(0.220486865000,0.012763470000,0.290333330000),
double3(0.257395300000,0.497755470000,0.275634650000),
double3(0.290535180000,0.027654470000,0.277701900000),
double3(0.175616050000,0.072847105000,0.316689135000),
double3(0.146169185000,0.496554450000,0.293883700000),
double3(0.326335600000,0.103303080000,0.303770750000),
double3(0.353533030000,0.184449030000,0.318687170000),
double3(0.484143585000,0.071041165000,0.304133350000),
double3(0.076080560000,0.125131965000,0.465148270000),
double3(0.119391500000,0.152533450000,0.044791350000),
double3(0.347910050000,0.489961120000,0.062730155000),
double3(0.391121700000,0.017312385000,0.142199380000),
double3(0.487466215000,0.154821950000,0.261745150000),
double3(0.426658150000,0.490399630000,0.323800025000),
double3(0.033711790000,0.172564415000,0.334351630000),
double3(0.486010300000,0.468411415000,0.299920915000),
double3(0.365687370000,0.183972285000,0.285439250000),
double3(0.064440920000,0.046208970000,0.264741800000),
double3(0.401214750000,0.109405035000,0.297702250000),
double3(0.085408410000,0.083195195000,0.338195535000),
double3(0.383918000000,0.049427430000,0.317942900000),
double3(0.024357080000,0.054528335000,0.767435300000),
double3(0.436014400000,0.106512295000,0.775338320000),
double3(0.456317550000,0.018245815000,0.808634580000),
double3(0.019891380000,0.104886385000,0.865106730000),
double3(0.098841430000,0.037751545000,0.989720450000),
double3(0.492622880000,0.455203000000,0.520062450000),
double3(0.054202615000,0.479083850000,0.998348535000),
double3(0.022836150000,0.137491330000,0.549772980000),
double3(0.369351835000,0.103328735000,0.621036155000),
double3(0.470922975000,0.151071950000,0.579182800000),
double3(0.411066980000,0.164375825000,0.613164885000),
double3(0.428934250000,0.470543115000,0.549032780000),
double3(0.051274000000,0.201936960000,0.736279650000),
double3(0.044828115000,0.271579920000,0.712139875000),
double3(0.489384175000,0.256670400000,0.838963850000),
double3(0.416049350000,0.441287050000,0.873423300000),
double3(0.456987400000,0.309485165000,0.867943200000),
double3(0.419941725000,0.372689700000,0.898999300000),
double3(0.472098620000,0.403384475000,0.743599650000),
double3(0.012793780000,0.343670515000,0.713086550000),
double3(0.259843765000,0.462726535000,0.760854485000),
double3(0.189390915000,0.446619720000,0.772793325000),
double3(0.168342850000,0.107359970000,0.826448200000),
double3(0.222830770000,0.150880350000,0.841121950000),
double3(0.279546900000,0.200614700000,0.841892630000),
double3(0.316284270000,0.014305580000,0.762375175000),
double3(0.364349350000,0.212425815000,0.848669350000),
double3(0.118565200000,0.472569525000,0.786715925000),
double3(0.087945760000,0.125754800000,0.509703330000),
double3(0.046778085000,0.013439100000,0.510274525000),
double3(0.063814340000,0.091520300000,0.520253055000),
double3(0.394747020000,0.095555440000,0.603942470000),
double3(0.418757050000,0.130446480000,0.599933885000),
double3(0.453338950000,0.122229510000,0.580172950000),
double3(0.464631900000,0.078321980000,0.563254750000),
double3(0.438518250000,0.042344090000,0.565969830000),
double3(0.001392365000,0.069025280000,0.544372595000),
double3(0.011171045000,0.023969865000,0.528978520000),
double3(0.484974550000,0.489541235000,0.531580790000),
double3(0.448700600000,0.498476650000,0.548818020000),
double3(0.028759720000,0.102624225000,0.539883585000),
double3(0.072467030000,0.046830125000,0.505559805000),
double3(0.403650135000,0.051310050000,0.587067330000),
double3(0.379721800000,0.016485090000,0.597621375000),
double3(0.001778245000,0.262198350000,0.812430550000),
double3(0.037169455000,0.230156585000,0.754394400000),
double3(0.448873400000,0.415480165000,0.821842670000),
double3(0.433491020000,0.374067150000,0.871709050000),
double3(0.455107050000,0.337706900000,0.853344620000),
double3(0.014526250000,0.182519970000,0.795741050000),
double3(0.452979700000,0.459632850000,0.813269350000),
double3(0.032985390000,0.269537650000,0.740409685000),
double3(0.020894470000,0.226327950000,0.789764730000),
double3(0.472923750000,0.338548100000,0.817462200000),
double3(0.430780500000,0.412761300000,0.856553250000),
double3(0.467551800000,0.377370600000,0.800154200000),
double3(0.495517200000,0.302090615000,0.797811000000),
double3(0.011153995000,0.304935300000,0.760770400000),
double3(0.002819600000,0.342067420000,0.742608000000),
double3(0.480323800000,0.377055650000,0.761154530000),
double3(0.094713345000,0.057411920000,0.804256500000),
double3(0.186254025000,0.481925550000,0.785523625000),
double3(0.140464300000,0.042003190000,0.808399150000),
double3(0.320807900000,0.149902525000,0.816811200000),
double3(0.283145665000,0.165237800000,0.830069800000),
double3(0.249761430000,0.135920090000,0.828712000000),
double3(0.372094600000,0.085906290000,0.804907920000),
double3(0.251467885000,0.089685670000,0.811439930000),
double3(0.289771550000,0.073450095000,0.797723800000),
double3(0.216235740000,0.059031485000,0.807220300000),
double3(0.220486865000,0.012763470000,0.790333330000),
double3(0.257395300000,0.497755470000,0.775634650000),
double3(0.290535180000,0.027654470000,0.777701900000),
double3(0.175616050000,0.072847105000,0.816689135000),
double3(0.146169185000,0.496554450000,0.793883700000),
double3(0.326335600000,0.103303080000,0.803770750000),
double3(0.353533030000,0.184449030000,0.818687170000),
double3(0.484143585000,0.071041165000,0.804133350000),
double3(0.076080560000,0.125131965000,0.965148270000),
double3(0.119391500000,0.152533450000,0.544791350000),
double3(0.347910050000,0.489961120000,0.562730155000),
double3(0.391121700000,0.017312385000,0.642199380000),
double3(0.487466215000,0.154821950000,0.761745150000),
double3(0.426658150000,0.490399630000,0.823800025000),
double3(0.033711790000,0.172564415000,0.834351630000),
double3(0.486010300000,0.468411415000,0.799920915000),
double3(0.365687370000,0.183972285000,0.785439250000),
double3(0.064440920000,0.046208970000,0.764741800000),
double3(0.401214750000,0.109405035000,0.797702250000),
double3(0.085408410000,0.083195195000,0.838195535000),
double3(0.383918000000,0.049427430000,0.817942900000),
double3(0.024357080000,0.554528335000,0.267435300000),
double3(0.436014400000,0.606512295000,0.275338320000),
double3(0.456317550000,0.518245815000,0.308634580000),
double3(0.019891380000,0.604886385000,0.365106730000),
double3(0.098841430000,0.537751545000,0.489720450000),
double3(0.492622880000,0.955203000000,0.020062450000),
double3(0.054202615000,0.979083850000,0.498348535000),
double3(0.022836150000,0.637491330000,0.049772980000),
double3(0.369351835000,0.603328735000,0.121036155000),
double3(0.470922975000,0.651071950000,0.079182800000),
double3(0.411066980000,0.664375825000,0.113164885000),
double3(0.428934250000,0.970543115000,0.049032780000),
double3(0.051274000000,0.701936960000,0.236279650000),
double3(0.044828115000,0.771579920000,0.212139875000),
double3(0.489384175000,0.756670400000,0.338963850000),
double3(0.416049350000,0.941287050000,0.373423300000),
double3(0.456987400000,0.809485165000,0.367943200000),
double3(0.419941725000,0.872689700000,0.398999300000),
double3(0.472098620000,0.903384475000,0.243599650000),
double3(0.012793780000,0.843670515000,0.213086550000),
double3(0.259843765000,0.962726535000,0.260854485000),
double3(0.189390915000,0.946619720000,0.272793325000),
double3(0.168342850000,0.607359970000,0.326448200000),
double3(0.222830770000,0.650880350000,0.341121950000),
double3(0.279546900000,0.700614700000,0.341892630000),
double3(0.316284270000,0.514305580000,0.262375175000),
double3(0.364349350000,0.712425815000,0.348669350000),
double3(0.118565200000,0.972569525000,0.286715925000),
double3(0.087945760000,0.625754800000,0.009703330000),
double3(0.046778085000,0.513439100000,0.010274525000),
double3(0.063814340000,0.591520300000,0.020253055000),
double3(0.394747020000,0.595555440000,0.103942470000),
double3(0.418757050000,0.630446480000,0.099933885000),
double3(0.453338950000,0.622229510000,0.080172950000),
double3(0.464631900000,0.578321980000,0.063254750000),
double3(0.438518250000,0.542344090000,0.065969830000),
double3(0.001392365000,0.569025280000,0.044372595000),
double3(0.011171045000,0.523969865000,0.028978520000),
double3(0.484974550000,0.989541235000,0.031580790000),
double3(0.448700600000,0.998476650000,0.048818020000),
double3(0.028759720000,0.602624225000,0.039883585000),
double3(0.072467030000,0.546830125000,0.005559805000),
double3(0.403650135000,0.551310050000,0.087067330000),
double3(0.379721800000,0.516485090000,0.097621375000),
double3(0.001778245000,0.762198350000,0.312430550000),
double3(0.037169455000,0.730156585000,0.254394400000),
double3(0.448873400000,0.915480165000,0.321842670000),
double3(0.433491020000,0.874067150000,0.371709050000),
double3(0.455107050000,0.837706900000,0.353344620000),
double3(0.014526250000,0.682519970000,0.295741050000),
double3(0.452979700000,0.959632850000,0.313269350000),
double3(0.032985390000,0.769537650000,0.240409685000),
double3(0.020894470000,0.726327950000,0.289764730000),
double3(0.472923750000,0.838548100000,0.317462200000),
double3(0.430780500000,0.912761300000,0.356553250000),
double3(0.467551800000,0.877370600000,0.300154200000),
double3(0.495517200000,0.802090615000,0.297811000000),
double3(0.011153995000,0.804935300000,0.260770400000),
double3(0.002819600000,0.842067420000,0.242608000000),
double3(0.480323800000,0.877055650000,0.261154530000),
double3(0.094713345000,0.557411920000,0.304256500000),
double3(0.186254025000,0.981925550000,0.285523625000),
double3(0.140464300000,0.542003190000,0.308399150000),
double3(0.320807900000,0.649902525000,0.316811200000),
double3(0.283145665000,0.665237800000,0.330069800000),
double3(0.249761430000,0.635920090000,0.328712000000),
double3(0.372094600000,0.585906290000,0.304907920000),
double3(0.251467885000,0.589685670000,0.311439930000),
double3(0.289771550000,0.573450095000,0.297723800000),
double3(0.216235740000,0.559031485000,0.307220300000),
double3(0.220486865000,0.512763470000,0.290333330000),
double3(0.257395300000,0.997755470000,0.275634650000),
double3(0.290535180000,0.527654470000,0.277701900000),
double3(0.175616050000,0.572847105000,0.316689135000),
double3(0.146169185000,0.996554450000,0.293883700000),
double3(0.326335600000,0.603303080000,0.303770750000),
double3(0.353533030000,0.684449030000,0.318687170000),
double3(0.484143585000,0.571041165000,0.304133350000),
double3(0.076080560000,0.625131965000,0.465148270000),
double3(0.119391500000,0.652533450000,0.044791350000),
double3(0.347910050000,0.989961120000,0.062730155000),
double3(0.391121700000,0.517312385000,0.142199380000),
double3(0.487466215000,0.654821950000,0.261745150000),
double3(0.426658150000,0.990399630000,0.323800025000),
double3(0.033711790000,0.672564415000,0.334351630000),
double3(0.486010300000,0.968411415000,0.299920915000),
double3(0.365687370000,0.683972285000,0.285439250000),
double3(0.064440920000,0.546208970000,0.264741800000),
double3(0.401214750000,0.609405035000,0.297702250000),
double3(0.085408410000,0.583195195000,0.338195535000),
double3(0.383918000000,0.549427430000,0.317942900000),
double3(0.024357080000,0.554528335000,0.767435300000),
double3(0.436014400000,0.606512295000,0.775338320000),
double3(0.456317550000,0.518245815000,0.808634580000),
double3(0.019891380000,0.604886385000,0.865106730000),
double3(0.098841430000,0.537751545000,0.989720450000),
double3(0.492622880000,0.955203000000,0.520062450000),
double3(0.054202615000,0.979083850000,0.998348535000),
double3(0.022836150000,0.637491330000,0.549772980000),
double3(0.369351835000,0.603328735000,0.621036155000),
double3(0.470922975000,0.651071950000,0.579182800000),
double3(0.411066980000,0.664375825000,0.613164885000),
double3(0.428934250000,0.970543115000,0.549032780000),
double3(0.051274000000,0.701936960000,0.736279650000),
double3(0.044828115000,0.771579920000,0.712139875000),
double3(0.489384175000,0.756670400000,0.838963850000),
double3(0.416049350000,0.941287050000,0.873423300000),
double3(0.456987400000,0.809485165000,0.867943200000),
double3(0.419941725000,0.872689700000,0.898999300000),
double3(0.472098620000,0.903384475000,0.743599650000),
double3(0.012793780000,0.843670515000,0.713086550000),
double3(0.259843765000,0.962726535000,0.760854485000),
double3(0.189390915000,0.946619720000,0.772793325000),
double3(0.168342850000,0.607359970000,0.826448200000),
double3(0.222830770000,0.650880350000,0.841121950000),
double3(0.279546900000,0.700614700000,0.841892630000),
double3(0.316284270000,0.514305580000,0.762375175000),
double3(0.364349350000,0.712425815000,0.848669350000),
double3(0.118565200000,0.972569525000,0.786715925000),
double3(0.087945760000,0.625754800000,0.509703330000),
double3(0.046778085000,0.513439100000,0.510274525000),
double3(0.063814340000,0.591520300000,0.520253055000),
double3(0.394747020000,0.595555440000,0.603942470000),
double3(0.418757050000,0.630446480000,0.599933885000),
double3(0.453338950000,0.622229510000,0.580172950000),
double3(0.464631900000,0.578321980000,0.563254750000),
double3(0.438518250000,0.542344090000,0.565969830000),
double3(0.001392365000,0.569025280000,0.544372595000),
double3(0.011171045000,0.523969865000,0.528978520000),
double3(0.484974550000,0.989541235000,0.531580790000),
double3(0.448700600000,0.998476650000,0.548818020000),
double3(0.028759720000,0.602624225000,0.539883585000),
double3(0.072467030000,0.546830125000,0.505559805000),
double3(0.403650135000,0.551310050000,0.587067330000),
double3(0.379721800000,0.516485090000,0.597621375000),
double3(0.001778245000,0.762198350000,0.812430550000),
double3(0.037169455000,0.730156585000,0.754394400000),
double3(0.448873400000,0.915480165000,0.821842670000),
double3(0.433491020000,0.874067150000,0.871709050000),
double3(0.455107050000,0.837706900000,0.853344620000),
double3(0.014526250000,0.682519970000,0.795741050000),
double3(0.452979700000,0.959632850000,0.813269350000),
double3(0.032985390000,0.769537650000,0.740409685000),
double3(0.020894470000,0.726327950000,0.789764730000),
double3(0.472923750000,0.838548100000,0.817462200000),
double3(0.430780500000,0.912761300000,0.856553250000),
double3(0.467551800000,0.877370600000,0.800154200000),
double3(0.495517200000,0.802090615000,0.797811000000),
double3(0.011153995000,0.804935300000,0.760770400000),
double3(0.002819600000,0.842067420000,0.742608000000),
double3(0.480323800000,0.877055650000,0.761154530000),
double3(0.094713345000,0.557411920000,0.804256500000),
double3(0.186254025000,0.981925550000,0.785523625000),
double3(0.140464300000,0.542003190000,0.808399150000),
double3(0.320807900000,0.649902525000,0.816811200000),
double3(0.283145665000,0.665237800000,0.830069800000),
double3(0.249761430000,0.635920090000,0.828712000000),
double3(0.372094600000,0.585906290000,0.804907920000),
double3(0.251467885000,0.589685670000,0.811439930000),
double3(0.289771550000,0.573450095000,0.797723800000),
double3(0.216235740000,0.559031485000,0.807220300000),
double3(0.220486865000,0.512763470000,0.790333330000),
double3(0.257395300000,0.997755470000,0.775634650000),
double3(0.290535180000,0.527654470000,0.777701900000),
double3(0.175616050000,0.572847105000,0.816689135000),
double3(0.146169185000,0.996554450000,0.793883700000),
double3(0.326335600000,0.603303080000,0.803770750000),
double3(0.353533030000,0.684449030000,0.818687170000),
double3(0.484143585000,0.571041165000,0.804133350000),
double3(0.076080560000,0.625131965000,0.965148270000),
double3(0.119391500000,0.652533450000,0.544791350000),
double3(0.347910050000,0.989961120000,0.562730155000),
double3(0.391121700000,0.517312385000,0.642199380000),
double3(0.487466215000,0.654821950000,0.761745150000),
double3(0.426658150000,0.990399630000,0.823800025000),
double3(0.033711790000,0.672564415000,0.834351630000),
double3(0.486010300000,0.968411415000,0.799920915000),
double3(0.365687370000,0.683972285000,0.785439250000),
double3(0.064440920000,0.546208970000,0.764741800000),
double3(0.401214750000,0.609405035000,0.797702250000),
double3(0.085408410000,0.583195195000,0.838195535000),
double3(0.383918000000,0.549427430000,0.817942900000),
double3(0.524357080000,0.054528335000,0.267435300000),
double3(0.936014400000,0.106512295000,0.275338320000),
double3(0.956317550000,0.018245815000,0.308634580000),
double3(0.519891380000,0.104886385000,0.365106730000),
double3(0.598841430000,0.037751545000,0.489720450000),
double3(0.992622880000,0.455203000000,0.020062450000),
double3(0.554202615000,0.479083850000,0.498348535000),
double3(0.522836150000,0.137491330000,0.049772980000),
double3(0.869351835000,0.103328735000,0.121036155000),
double3(0.970922975000,0.151071950000,0.079182800000),
double3(0.911066980000,0.164375825000,0.113164885000),
double3(0.928934250000,0.470543115000,0.049032780000),
double3(0.551274000000,0.201936960000,0.236279650000),
double3(0.544828115000,0.271579920000,0.212139875000),
double3(0.989384175000,0.256670400000,0.338963850000),
double3(0.916049350000,0.441287050000,0.373423300000),
double3(0.956987400000,0.309485165000,0.367943200000),
double3(0.919941725000,0.372689700000,0.398999300000),
double3(0.972098620000,0.403384475000,0.243599650000),
double3(0.512793780000,0.343670515000,0.213086550000),
double3(0.759843765000,0.462726535000,0.260854485000),
double3(0.689390915000,0.446619720000,0.272793325000),
double3(0.668342850000,0.107359970000,0.326448200000),
double3(0.722830770000,0.150880350000,0.341121950000),
double3(0.779546900000,0.200614700000,0.341892630000),
double3(0.816284270000,0.014305580000,0.262375175000),
double3(0.864349350000,0.212425815000,0.348669350000),
double3(0.618565200000,0.472569525000,0.286715925000),
double3(0.587945760000,0.125754800000,0.009703330000),
double3(0.546778085000,0.013439100000,0.010274525000),
double3(0.563814340000,0.091520300000,0.020253055000),
double3(0.894747020000,0.095555440000,0.103942470000),
double3(0.918757050000,0.130446480000,0.099933885000),
double3(0.953338950000,0.122229510000,0.080172950000),
double3(0.964631900000,0.078321980000,0.063254750000),
double3(0.938518250000,0.042344090000,0.065969830000),
double3(0.501392365000,0.069025280000,0.044372595000),
double3(0.511171045000,0.023969865000,0.028978520000),
double3(0.984974550000,0.489541235000,0.031580790000),
double3(0.948700600000,0.498476650000,0.048818020000),
double3(0.528759720000,0.102624225000,0.039883585000),
double3(0.572467030000,0.046830125000,0.005559805000),
double3(0.903650135000,0.051310050000,0.087067330000),
double3(0.879721800000,0.016485090000,0.097621375000),
double3(0.501778245000,0.262198350000,0.312430550000),
double3(0.537169455000,0.230156585000,0.254394400000),
double3(0.948873400000,0.415480165000,0.321842670000),
double3(0.933491020000,0.374067150000,0.371709050000),
double3(0.955107050000,0.337706900000,0.353344620000),
double3(0.514526250000,0.182519970000,0.295741050000),
double3(0.952979700000,0.459632850000,0.313269350000),
double3(0.532985390000,0.269537650000,0.240409685000),
double3(0.520894470000,0.226327950000,0.289764730000),
double3(0.972923750000,0.338548100000,0.317462200000),
double3(0.930780500000,0.412761300000,0.356553250000),
double3(0.967551800000,0.377370600000,0.300154200000),
double3(0.995517200000,0.302090615000,0.297811000000),
double3(0.511153995000,0.304935300000,0.260770400000),
double3(0.502819600000,0.342067420000,0.242608000000),
double3(0.980323800000,0.377055650000,0.261154530000),
double3(0.594713345000,0.057411920000,0.304256500000),
double3(0.686254025000,0.481925550000,0.285523625000),
double3(0.640464300000,0.042003190000,0.308399150000),
double3(0.820807900000,0.149902525000,0.316811200000),
double3(0.783145665000,0.165237800000,0.330069800000),
double3(0.749761430000,0.135920090000,0.328712000000),
double3(0.872094600000,0.085906290000,0.304907920000),
double3(0.751467885000,0.089685670000,0.311439930000),
double3(0.789771550000,0.073450095000,0.297723800000),
double3(0.716235740000,0.059031485000,0.307220300000),
double3(0.720486865000,0.012763470000,0.290333330000),
double3(0.757395300000,0.497755470000,0.275634650000),
double3(0.790535180000,0.027654470000,0.277701900000),
double3(0.675616050000,0.072847105000,0.316689135000),
double3(0.646169185000,0.496554450000,0.293883700000),
double3(0.826335600000,0.103303080000,0.303770750000),
double3(0.853533030000,0.184449030000,0.318687170000),
double3(0.984143585000,0.071041165000,0.304133350000),
double3(0.576080560000,0.125131965000,0.465148270000),
double3(0.619391500000,0.152533450000,0.044791350000),
double3(0.847910050000,0.489961120000,0.062730155000),
double3(0.891121700000,0.017312385000,0.142199380000),
double3(0.987466215000,0.154821950000,0.261745150000),
double3(0.926658150000,0.490399630000,0.323800025000),
double3(0.533711790000,0.172564415000,0.334351630000),
double3(0.986010300000,0.468411415000,0.299920915000),
double3(0.865687370000,0.183972285000,0.285439250000),
double3(0.564440920000,0.046208970000,0.264741800000),
double3(0.901214750000,0.109405035000,0.297702250000),
double3(0.585408410000,0.083195195000,0.338195535000),
double3(0.883918000000,0.049427430000,0.317942900000),
double3(0.524357080000,0.054528335000,0.767435300000),
double3(0.936014400000,0.106512295000,0.775338320000),
double3(0.956317550000,0.018245815000,0.808634580000),
double3(0.519891380000,0.104886385000,0.865106730000),
double3(0.598841430000,0.037751545000,0.989720450000),
double3(0.992622880000,0.455203000000,0.520062450000),
double3(0.554202615000,0.479083850000,0.998348535000),
double3(0.522836150000,0.137491330000,0.549772980000),
double3(0.869351835000,0.103328735000,0.621036155000),
double3(0.970922975000,0.151071950000,0.579182800000),
double3(0.911066980000,0.164375825000,0.613164885000),
double3(0.928934250000,0.470543115000,0.549032780000),
double3(0.551274000000,0.201936960000,0.736279650000),
double3(0.544828115000,0.271579920000,0.712139875000),
double3(0.989384175000,0.256670400000,0.838963850000),
double3(0.916049350000,0.441287050000,0.873423300000),
double3(0.956987400000,0.309485165000,0.867943200000),
double3(0.919941725000,0.372689700000,0.898999300000),
double3(0.972098620000,0.403384475000,0.743599650000),
double3(0.512793780000,0.343670515000,0.713086550000),
double3(0.759843765000,0.462726535000,0.760854485000),
double3(0.689390915000,0.446619720000,0.772793325000),
double3(0.668342850000,0.107359970000,0.826448200000),
double3(0.722830770000,0.150880350000,0.841121950000),
double3(0.779546900000,0.200614700000,0.841892630000),
double3(0.816284270000,0.014305580000,0.762375175000),
double3(0.864349350000,0.212425815000,0.848669350000),
double3(0.618565200000,0.472569525000,0.786715925000),
double3(0.587945760000,0.125754800000,0.509703330000),
double3(0.546778085000,0.013439100000,0.510274525000),
double3(0.563814340000,0.091520300000,0.520253055000),
double3(0.894747020000,0.095555440000,0.603942470000),
double3(0.918757050000,0.130446480000,0.599933885000),
double3(0.953338950000,0.122229510000,0.580172950000),
double3(0.964631900000,0.078321980000,0.563254750000),
double3(0.938518250000,0.042344090000,0.565969830000),
double3(0.501392365000,0.069025280000,0.544372595000),
double3(0.511171045000,0.023969865000,0.528978520000),
double3(0.984974550000,0.489541235000,0.531580790000),
double3(0.948700600000,0.498476650000,0.548818020000),
double3(0.528759720000,0.102624225000,0.539883585000),
double3(0.572467030000,0.046830125000,0.505559805000),
double3(0.903650135000,0.051310050000,0.587067330000),
double3(0.879721800000,0.016485090000,0.597621375000),
double3(0.501778245000,0.262198350000,0.812430550000),
double3(0.537169455000,0.230156585000,0.754394400000),
double3(0.948873400000,0.415480165000,0.821842670000),
double3(0.933491020000,0.374067150000,0.871709050000),
double3(0.955107050000,0.337706900000,0.853344620000),
double3(0.514526250000,0.182519970000,0.795741050000),
double3(0.952979700000,0.459632850000,0.813269350000),
double3(0.532985390000,0.269537650000,0.740409685000),
double3(0.520894470000,0.226327950000,0.789764730000),
double3(0.972923750000,0.338548100000,0.817462200000),
double3(0.930780500000,0.412761300000,0.856553250000),
double3(0.967551800000,0.377370600000,0.800154200000),
double3(0.995517200000,0.302090615000,0.797811000000),
double3(0.511153995000,0.304935300000,0.760770400000),
double3(0.502819600000,0.342067420000,0.742608000000),
double3(0.980323800000,0.377055650000,0.761154530000),
double3(0.594713345000,0.057411920000,0.804256500000),
double3(0.686254025000,0.481925550000,0.785523625000),
double3(0.640464300000,0.042003190000,0.808399150000),
double3(0.820807900000,0.149902525000,0.816811200000),
double3(0.783145665000,0.165237800000,0.830069800000),
double3(0.749761430000,0.135920090000,0.828712000000),
double3(0.872094600000,0.085906290000,0.804907920000),
double3(0.751467885000,0.089685670000,0.811439930000),
double3(0.789771550000,0.073450095000,0.797723800000),
double3(0.716235740000,0.059031485000,0.807220300000),
double3(0.720486865000,0.012763470000,0.790333330000),
double3(0.757395300000,0.497755470000,0.775634650000),
double3(0.790535180000,0.027654470000,0.777701900000),
double3(0.675616050000,0.072847105000,0.816689135000),
double3(0.646169185000,0.496554450000,0.793883700000),
double3(0.826335600000,0.103303080000,0.803770750000),
double3(0.853533030000,0.184449030000,0.818687170000),
double3(0.984143585000,0.071041165000,0.804133350000),
double3(0.576080560000,0.125131965000,0.965148270000),
double3(0.619391500000,0.152533450000,0.544791350000),
double3(0.847910050000,0.489961120000,0.562730155000),
double3(0.891121700000,0.017312385000,0.642199380000),
double3(0.987466215000,0.154821950000,0.761745150000),
double3(0.926658150000,0.490399630000,0.823800025000),
double3(0.533711790000,0.172564415000,0.834351630000),
double3(0.986010300000,0.468411415000,0.799920915000),
double3(0.865687370000,0.183972285000,0.785439250000),
double3(0.564440920000,0.046208970000,0.764741800000),
double3(0.901214750000,0.109405035000,0.797702250000),
double3(0.585408410000,0.083195195000,0.838195535000),
double3(0.883918000000,0.049427430000,0.817942900000),
double3(0.524357080000,0.554528335000,0.267435300000),
double3(0.936014400000,0.606512295000,0.275338320000),
double3(0.956317550000,0.518245815000,0.308634580000),
double3(0.519891380000,0.604886385000,0.365106730000),
double3(0.598841430000,0.537751545000,0.489720450000),
double3(0.992622880000,0.955203000000,0.020062450000),
double3(0.554202615000,0.979083850000,0.498348535000),
double3(0.522836150000,0.637491330000,0.049772980000),
double3(0.869351835000,0.603328735000,0.121036155000),
double3(0.970922975000,0.651071950000,0.079182800000),
double3(0.911066980000,0.664375825000,0.113164885000),
double3(0.928934250000,0.970543115000,0.049032780000),
double3(0.551274000000,0.701936960000,0.236279650000),
double3(0.544828115000,0.771579920000,0.212139875000),
double3(0.989384175000,0.756670400000,0.338963850000),
double3(0.916049350000,0.941287050000,0.373423300000),
double3(0.956987400000,0.809485165000,0.367943200000),
double3(0.919941725000,0.872689700000,0.398999300000),
double3(0.972098620000,0.903384475000,0.243599650000),
double3(0.512793780000,0.843670515000,0.213086550000),
double3(0.759843765000,0.962726535000,0.260854485000),
double3(0.689390915000,0.946619720000,0.272793325000),
double3(0.668342850000,0.607359970000,0.326448200000),
double3(0.722830770000,0.650880350000,0.341121950000),
double3(0.779546900000,0.700614700000,0.341892630000),
double3(0.816284270000,0.514305580000,0.262375175000),
double3(0.864349350000,0.712425815000,0.348669350000),
double3(0.618565200000,0.972569525000,0.286715925000),
double3(0.587945760000,0.625754800000,0.009703330000),
double3(0.546778085000,0.513439100000,0.010274525000),
double3(0.563814340000,0.591520300000,0.020253055000),
double3(0.894747020000,0.595555440000,0.103942470000),
double3(0.918757050000,0.630446480000,0.099933885000),
double3(0.953338950000,0.622229510000,0.080172950000),
double3(0.964631900000,0.578321980000,0.063254750000),
double3(0.938518250000,0.542344090000,0.065969830000),
double3(0.501392365000,0.569025280000,0.044372595000),
double3(0.511171045000,0.523969865000,0.028978520000),
double3(0.984974550000,0.989541235000,0.031580790000),
double3(0.948700600000,0.998476650000,0.048818020000),
double3(0.528759720000,0.602624225000,0.039883585000),
double3(0.572467030000,0.546830125000,0.005559805000),
double3(0.903650135000,0.551310050000,0.087067330000),
double3(0.879721800000,0.516485090000,0.097621375000),
double3(0.501778245000,0.762198350000,0.312430550000),
double3(0.537169455000,0.730156585000,0.254394400000),
double3(0.948873400000,0.915480165000,0.321842670000),
double3(0.933491020000,0.874067150000,0.371709050000),
double3(0.955107050000,0.837706900000,0.353344620000),
double3(0.514526250000,0.682519970000,0.295741050000),
double3(0.952979700000,0.959632850000,0.313269350000),
double3(0.532985390000,0.769537650000,0.240409685000),
double3(0.520894470000,0.726327950000,0.289764730000),
double3(0.972923750000,0.838548100000,0.317462200000),
double3(0.930780500000,0.912761300000,0.356553250000),
double3(0.967551800000,0.877370600000,0.300154200000),
double3(0.995517200000,0.802090615000,0.297811000000),
double3(0.511153995000,0.804935300000,0.260770400000),
double3(0.502819600000,0.842067420000,0.242608000000),
double3(0.980323800000,0.877055650000,0.261154530000),
double3(0.594713345000,0.557411920000,0.304256500000),
double3(0.686254025000,0.981925550000,0.285523625000),
double3(0.640464300000,0.542003190000,0.308399150000),
double3(0.820807900000,0.649902525000,0.316811200000),
double3(0.783145665000,0.665237800000,0.330069800000),
double3(0.749761430000,0.635920090000,0.328712000000),
double3(0.872094600000,0.585906290000,0.304907920000),
double3(0.751467885000,0.589685670000,0.311439930000),
double3(0.789771550000,0.573450095000,0.297723800000),
double3(0.716235740000,0.559031485000,0.307220300000),
double3(0.720486865000,0.512763470000,0.290333330000),
double3(0.757395300000,0.997755470000,0.275634650000),
double3(0.790535180000,0.527654470000,0.277701900000),
double3(0.675616050000,0.572847105000,0.316689135000),
double3(0.646169185000,0.996554450000,0.293883700000),
double3(0.826335600000,0.603303080000,0.303770750000),
double3(0.853533030000,0.684449030000,0.318687170000),
double3(0.984143585000,0.571041165000,0.304133350000),
double3(0.576080560000,0.625131965000,0.465148270000),
double3(0.619391500000,0.652533450000,0.044791350000),
double3(0.847910050000,0.989961120000,0.062730155000),
double3(0.891121700000,0.517312385000,0.142199380000),
double3(0.987466215000,0.654821950000,0.261745150000),
double3(0.926658150000,0.990399630000,0.323800025000),
double3(0.533711790000,0.672564415000,0.334351630000),
double3(0.986010300000,0.968411415000,0.299920915000),
double3(0.865687370000,0.683972285000,0.285439250000),
double3(0.564440920000,0.546208970000,0.264741800000),
double3(0.901214750000,0.609405035000,0.297702250000),
double3(0.585408410000,0.583195195000,0.338195535000),
double3(0.883918000000,0.549427430000,0.317942900000),
double3(0.524357080000,0.554528335000,0.767435300000),
double3(0.936014400000,0.606512295000,0.775338320000),
double3(0.956317550000,0.518245815000,0.808634580000),
double3(0.519891380000,0.604886385000,0.865106730000),
double3(0.598841430000,0.537751545000,0.989720450000),
double3(0.992622880000,0.955203000000,0.520062450000),
double3(0.554202615000,0.979083850000,0.998348535000),
double3(0.522836150000,0.637491330000,0.549772980000),
double3(0.869351835000,0.603328735000,0.621036155000),
double3(0.970922975000,0.651071950000,0.579182800000),
double3(0.911066980000,0.664375825000,0.613164885000),
double3(0.928934250000,0.970543115000,0.549032780000),
double3(0.551274000000,0.701936960000,0.736279650000),
double3(0.544828115000,0.771579920000,0.712139875000),
double3(0.989384175000,0.756670400000,0.838963850000),
double3(0.916049350000,0.941287050000,0.873423300000),
double3(0.956987400000,0.809485165000,0.867943200000),
double3(0.919941725000,0.872689700000,0.898999300000),
double3(0.972098620000,0.903384475000,0.743599650000),
double3(0.512793780000,0.843670515000,0.713086550000),
double3(0.759843765000,0.962726535000,0.760854485000),
double3(0.689390915000,0.946619720000,0.772793325000),
double3(0.668342850000,0.607359970000,0.826448200000),
double3(0.722830770000,0.650880350000,0.841121950000),
double3(0.779546900000,0.700614700000,0.841892630000),
double3(0.816284270000,0.514305580000,0.762375175000),
double3(0.864349350000,0.712425815000,0.848669350000),
double3(0.618565200000,0.972569525000,0.786715925000),
double3(0.587945760000,0.625754800000,0.509703330000),
double3(0.546778085000,0.513439100000,0.510274525000),
double3(0.563814340000,0.591520300000,0.520253055000),
double3(0.894747020000,0.595555440000,0.603942470000),
double3(0.918757050000,0.630446480000,0.599933885000),
double3(0.953338950000,0.622229510000,0.580172950000),
double3(0.964631900000,0.578321980000,0.563254750000),
double3(0.938518250000,0.542344090000,0.565969830000),
double3(0.501392365000,0.569025280000,0.544372595000),
double3(0.511171045000,0.523969865000,0.528978520000),
double3(0.984974550000,0.989541235000,0.531580790000),
double3(0.948700600000,0.998476650000,0.548818020000),
double3(0.528759720000,0.602624225000,0.539883585000),
double3(0.572467030000,0.546830125000,0.505559805000),
double3(0.903650135000,0.551310050000,0.587067330000),
double3(0.879721800000,0.516485090000,0.597621375000),
double3(0.501778245000,0.762198350000,0.812430550000),
double3(0.537169455000,0.730156585000,0.754394400000),
double3(0.948873400000,0.915480165000,0.821842670000),
double3(0.933491020000,0.874067150000,0.871709050000),
double3(0.955107050000,0.837706900000,0.853344620000),
double3(0.514526250000,0.682519970000,0.795741050000),
double3(0.952979700000,0.959632850000,0.813269350000),
double3(0.532985390000,0.769537650000,0.740409685000),
double3(0.520894470000,0.726327950000,0.789764730000),
double3(0.972923750000,0.838548100000,0.817462200000),
double3(0.930780500000,0.912761300000,0.856553250000),
double3(0.967551800000,0.877370600000,0.800154200000),
double3(0.995517200000,0.802090615000,0.797811000000),
double3(0.511153995000,0.804935300000,0.760770400000),
double3(0.502819600000,0.842067420000,0.742608000000),
double3(0.980323800000,0.877055650000,0.761154530000),
double3(0.594713345000,0.557411920000,0.804256500000),
double3(0.686254025000,0.981925550000,0.785523625000),
double3(0.640464300000,0.542003190000,0.808399150000),
double3(0.820807900000,0.649902525000,0.816811200000),
double3(0.783145665000,0.665237800000,0.830069800000),
double3(0.749761430000,0.635920090000,0.828712000000),
double3(0.872094600000,0.585906290000,0.804907920000),
double3(0.751467885000,0.589685670000,0.811439930000),
double3(0.789771550000,0.573450095000,0.797723800000),
double3(0.716235740000,0.559031485000,0.807220300000),
double3(0.720486865000,0.512763470000,0.790333330000),
double3(0.757395300000,0.997755470000,0.775634650000),
double3(0.790535180000,0.527654470000,0.777701900000),
double3(0.675616050000,0.572847105000,0.816689135000),
double3(0.646169185000,0.996554450000,0.793883700000),
double3(0.826335600000,0.603303080000,0.803770750000),
double3(0.853533030000,0.684449030000,0.818687170000),
double3(0.984143585000,0.571041165000,0.804133350000),
double3(0.576080560000,0.625131965000,0.965148270000),
double3(0.619391500000,0.652533450000,0.544791350000),
double3(0.847910050000,0.989961120000,0.562730155000),
double3(0.891121700000,0.517312385000,0.642199380000),
double3(0.987466215000,0.654821950000,0.761745150000),
double3(0.926658150000,0.990399630000,0.823800025000),
double3(0.533711790000,0.672564415000,0.834351630000),
double3(0.986010300000,0.968411415000,0.799920915000),
double3(0.865687370000,0.683972285000,0.785439250000),
double3(0.564440920000,0.546208970000,0.764741800000),
double3(0.901214750000,0.609405035000,0.797702250000),
double3(0.585408410000,0.583195195000,0.838195535000),
double3(0.883918000000,0.549427430000,0.817942900000),
