[double3(11.740360000000,0.000000000000,0.000000000000),double3(0.738280493316,12.082996254824,0.000000000000),double3(0.374877774801,0.412766410942,12.542611990489)]

double3(0.251039030000,0.009959490000,0.338362550000),
double3(0.265968100000,0.028927740000,0.217717810000),
double3(0.142316835000,0.267516250000,0.303678500000),
double3(0.373698800000,0.271570535000,0.254478800000),
double3(0.344395725000,0.496109500000,0.475483180000),
double3(0.183556800000,0.250397770000,0.289920925000),
double3(0.332465950000,0.288690330000,0.268255300000),
double3(0.187765730000,0.195871400000,0.273362430000),
double3(0.328224780000,0.343228050000,0.284836085000),
double3(0.286752350000,0.201816125000,0.253000450000),
double3(0.229282350000,0.337227300000,0.305200950000),
double3(0.284219475000,0.257258450000,0.269694200000),
double3(0.231820000000,0.281803550000,0.288487150000),
double3(0.243911650000,0.493051600000,0.487858350000),
double3(0.309616565000,0.116523350000,0.497335250000),
double3(0.334492775000,0.451465935000,0.089474030000),
double3(0.228743525000,0.463795000000,0.440925630000),
double3(0.286109300000,0.075746835000,0.119250380000),
double3(0.221105920000,0.052008600000,0.001066370000),
double3(0.233113335000,0.472918350000,0.045810255000),
double3(0.210500820000,0.032190705000,0.059437785000),
double3(0.271587900000,0.046104430000,0.072254040000),
double3(0.282205730000,0.065682115000,0.014226790000),
double3(0.294058235000,0.487251200000,0.058502485000),
double3(0.305479600000,0.006770800000,0.000137130000),
double3(0.370385530000,0.015230430000,0.292282250000),
double3(0.147530290000,0.025789940000,0.265056900000),
double3(0.429626550000,0.017476315000,0.286461385000),
double3(0.088290050000,0.023532760000,0.270876380000),
double3(0.479789350000,0.019392935000,0.281534285000),
double3(0.038126495000,0.021627560000,0.275804900000),
double3(0.198041470000,0.405177050000,0.068382970000),
double3(0.168544050000,0.098048365000,0.458049750000),
double3(0.143006200000,0.051281810000,0.102943770000),
double3(0.277144300000,0.366955520000,0.302698100000),
double3(0.238846465000,0.172137765000,0.255526800000),
double3(0.366392600000,0.423269300000,0.113877705000),
double3(0.331286150000,0.156595485000,0.484096465000),
double3(0.125305650000,0.159463970000,0.275995970000),
double3(0.164638500000,0.368354620000,0.330112300000),
double3(0.351411075000,0.170533685000,0.228159100000),
double3(0.390668125000,0.379661600000,0.282197350000),
double3(0.275327830000,0.128186225000,0.120164090000),
double3(0.308049300000,0.048168275000,0.158671530000),
double3(0.266457850000,0.457714320000,0.402823300000),
double3(0.178305925000,0.445510650000,0.439429285000),
double3(0.348198475000,0.007102640000,0.338281500000),
double3(0.169717370000,0.033917775000,0.219057680000),
double3(0.178013920000,0.019480005000,0.305860070000),
double3(0.339901925000,0.021540410000,0.251479100000),
double3(0.251039030000,0.009959490000,0.838362550000),
double3(0.265968100000,0.028927740000,0.717717810000),
double3(0.142316835000,0.267516250000,0.803678500000),
double3(0.373698800000,0.271570535000,0.754478800000),
double3(0.344395725000,0.496109500000,0.975483180000),
double3(0.183556800000,0.250397770000,0.789920925000),
double3(0.332465950000,0.288690330000,0.768255300000),
double3(0.187765730000,0.195871400000,0.773362430000),
double3(0.328224780000,0.343228050000,0.784836085000),
double3(0.286752350000,0.201816125000,0.753000450000),
double3(0.229282350000,0.337227300000,0.805200950000),
double3(0.284219475000,0.257258450000,0.769694200000),
double3(0.231820000000,0.281803550000,0.788487150000),
double3(0.243911650000,0.493051600000,0.987858350000),
double3(0.309616565000,0.116523350000,0.997335250000),
double3(0.334492775000,0.451465935000,0.589474030000),
double3(0.228743525000,0.463795000000,0.940925630000),
double3(0.286109300000,0.075746835000,0.619250380000),
double3(0.221105920000,0.052008600000,0.501066370000),
double3(0.233113335000,0.472918350000,0.545810255000),
double3(0.210500820000,0.032190705000,0.559437785000),
double3(0.271587900000,0.046104430000,0.572254040000),
double3(0.282205730000,0.065682115000,0.514226790000),
double3(0.294058235000,0.487251200000,0.558502485000),
double3(0.305479600000,0.006770800000,0.500137130000),
double3(0.370385530000,0.015230430000,0.792282250000),
double3(0.147530290000,0.025789940000,0.765056900000),
double3(0.429626550000,0.017476315000,0.786461385000),
double3(0.088290050000,0.023532760000,0.770876380000),
double3(0.479789350000,0.019392935000,0.781534285000),
double3(0.038126495000,0.021627560000,0.775804900000),
double3(0.198041470000,0.405177050000,0.568382970000),
double3(0.168544050000,0.098048365000,0.958049750000),
double3(0.143006200000,0.051281810000,0.602943770000),
double3(0.277144300000,0.366955520000,0.802698100000),
double3(0.238846465000,0.172137765000,0.755526800000),
double3(0.366392600000,0.423269300000,0.613877705000),
double3(0.331286150000,0.156595485000,0.984096465000),
double3(0.125305650000,0.159463970000,0.775995970000),
double3(0.164638500000,0.368354620000,0.830112300000),
double3(0.351411075000,0.170533685000,0.728159100000),
double3(0.390668125000,0.379661600000,0.782197350000),
double3(0.275327830000,0.128186225000,0.620164090000),
double3(0.308049300000,0.048168275000,0.658671530000),
double3(0.266457850000,0.457714320000,0.902823300000),
double3(0.178305925000,0.445510650000,0.939429285000),
double3(0.348198475000,0.007102640000,0.838281500000),
double3(0.169717370000,0.033917775000,0.719057680000),
double3(0.178013920000,0.019480005000,0.805860070000),
double3(0.339901925000,0.021540410000,0.751479100000),
double3(0.251039030000,0.509959490000,0.338362550000),
double3(0.265968100000,0.528927740000,0.217717810000),
double3(0.142316835000,0.767516250000,0.303678500000),
double3(0.373698800000,0.771570535000,0.254478800000),
double3(0.344395725000,0.996109500000,0.475483180000),
double3(0.183556800000,0.750397770000,0.289920925000),
double3(0.332465950000,0.788690330000,0.268255300000),
double3(0.187765730000,0.695871400000,0.273362430000),
double3(0.328224780000,0.843228050000,0.284836085000),
double3(0.286752350000,0.701816125000,0.253000450000),
double3(0.229282350000,0.837227300000,0.305200950000),
double3(0.284219475000,0.757258450000,0.269694200000),
double3(0.231820000000,0.781803550000,0.288487150000),
double3(0.243911650000,0.993051600000,0.487858350000),
double3(0.309616565000,0.616523350000,0.497335250000),
double3(0.334492775000,0.951465935000,0.089474030000),
double3(0.228743525000,0.963795000000,0.440925630000),
double3(0.286109300000,0.575746835000,0.119250380000),
double3(0.221105920000,0.552008600000,0.001066370000),
double3(0.233113335000,0.972918350000,0.045810255000),
double3(0.210500820000,0.532190705000,0.059437785000),
double3(0.271587900000,0.546104430000,0.072254040000),
double3(0.282205730000,0.565682115000,0.014226790000),
double3(0.294058235000,0.987251200000,0.058502485000),
double3(0.305479600000,0.506770800000,0.000137130000),
double3(0.370385530000,0.515230430000,0.292282250000),
double3(0.147530290000,0.525789940000,0.265056900000),
double3(0.429626550000,0.517476315000,0.286461385000),
double3(0.088290050000,0.523532760000,0.270876380000),
double3(0.479789350000,0.519392935000,0.281534285000),
double3(0.038126495000,0.521627560000,0.275804900000),
double3(0.198041470000,0.905177050000,0.068382970000),
double3(0.168544050000,0.598048365000,0.458049750000),
double3(0.143006200000,0.551281810000,0.102943770000),
double3(0.277144300000,0.866955520000,0.302698100000),
double3(0.238846465000,0.672137765000,0.255526800000),
double3(0.366392600000,0.923269300000,0.113877705000),
double3(0.331286150000,0.656595485000,0.484096465000),
double3(0.125305650000,0.659463970000,0.275995970000),
double3(0.164638500000,0.868354620000,0.330112300000),
double3(0.351411075000,0.670533685000,0.228159100000),
double3(0.390668125000,0.879661600000,0.282197350000),
double3(0.275327830000,0.628186225000,0.120164090000),
double3(0.308049300000,0.548168275000,0.158671530000),
double3(0.266457850000,0.957714320000,0.402823300000),
double3(0.178305925000,0.945510650000,0.439429285000),
double3(0.348198475000,0.507102640000,0.338281500000),
double3(0.169717370000,0.533917775000,0.219057680000),
double3(0.178013920000,0.519480005000,0.305860070000),
double3(0.339901925000,0.521540410000,0.251479100000),
double3(0.251039030000,0.509959490000,0.838362550000),
double3(0.265968100000,0.528927740000,0.717717810000),
double3(0.142316835000,0.767516250000,0.803678500000),
double3(0.373698800000,0.771570535000,0.754478800000),
double3(0.344395725000,0.996109500000,0.975483180000),
double3(0.183556800000,0.750397770000,0.789920925000),
double3(0.332465950000,0.788690330000,0.768255300000),
double3(0.187765730000,0.695871400000,0.773362430000),
double3(0.328224780000,0.843228050000,0.784836085000),
double3(0.286752350000,0.701816125000,0.753000450000),
double3(0.229282350000,0.837227300000,0.805200950000),
double3(0.284219475000,0.757258450000,0.769694200000),
double3(0.231820000000,0.781803550000,0.788487150000),
double3(0.243911650000,0.993051600000,0.987858350000),
double3(0.309616565000,0.616523350000,0.997335250000),
double3(0.334492775000,0.951465935000,0.589474030000),
double3(0.228743525000,0.963795000000,0.940925630000),
double3(0.286109300000,0.575746835000,0.619250380000),
double3(0.221105920000,0.552008600000,0.501066370000),
double3(0.233113335000,0.972918350000,0.545810255000),
double3(0.210500820000,0.532190705000,0.559437785000),
double3(0.271587900000,0.546104430000,0.572254040000),
double3(0.282205730000,0.565682115000,0.514226790000),
double3(0.294058235000,0.987251200000,0.558502485000),
double3(0.305479600000,0.506770800000,0.500137130000),
double3(0.370385530000,0.515230430000,0.792282250000),
double3(0.147530290000,0.525789940000,0.765056900000),
double3(0.429626550000,0.517476315000,0.786461385000),
double3(0.088290050000,0.523532760000,0.770876380000),
double3(0.479789350000,0.519392935000,0.781534285000),
double3(0.038126495000,0.521627560000,0.775804900000),
double3(0.198041470000,0.905177050000,0.568382970000),
double3(0.168544050000,0.598048365000,0.958049750000),
double3(0.143006200000,0.551281810000,0.602943770000),
double3(0.277144300000,0.866955520000,0.802698100000),
double3(0.238846465000,0.672137765000,0.755526800000),
double3(0.366392600000,0.923269300000,0.613877705000),
double3(0.331286150000,0.656595485000,0.984096465000),
double3(0.125305650000,0.659463970000,0.775995970000),
double3(0.164638500000,0.868354620000,0.830112300000),
double3(0.351411075000,0.670533685000,0.728159100000),
double3(0.390668125000,0.879661600000,0.782197350000),
double3(0.275327830000,0.628186225000,0.620164090000),
double3(0.308049300000,0.548168275000,0.658671530000),
double3(0.266457850000,0.957714320000,0.902823300000),
double3(0.178305925000,0.945510650000,0.939429285000),
double3(0.348198475000,0.507102640000,0.838281500000),
double3(0.169717370000,0.533917775000,0.719057680000),
double3(0.178013920000,0.519480005000,0.805860070000),
double3(0.339901925000,0.521540410000,0.751479100000),
double3(0.751039030000,0.009959490000,0.338362550000),
double3(0.765968100000,0.028927740000,0.217717810000),
double3(0.642316835000,0.267516250000,0.303678500000),
double3(0.873698800000,0.271570535000,0.254478800000),
double3(0.844395725000,0.496109500000,0.475483180000),
double3(0.683556800000,0.250397770000,0.289920925000),
double3(0.832465950000,0.288690330000,0.268255300000),
double3(0.687765730000,0.195871400000,0.273362430000),
double3(0.828224780000,0.343228050000,0.284836085000),
double3(0.786752350000,0.201816125000,0.253000450000),
double3(0.729282350000,0.337227300000,0.305200950000),
double3(0.784219475000,0.257258450000,0.269694200000),
double3(0.731820000000,0.281803550000,0.288487150000),
double3(0.743911650000,0.493051600000,0.487858350000),
double3(0.809616565000,0.116523350000,0.497335250000),
double3(0.834492775000,0.451465935000,0.089474030000),
double3(0.728743525000,0.463795000000,0.440925630000),
double3(0.786109300000,0.075746835000,0.119250380000),
double3(0.721105920000,0.052008600000,0.001066370000),
double3(0.733113335000,0.472918350000,0.045810255000),
double3(0.710500820000,0.032190705000,0.059437785000),
double3(0.771587900000,0.046104430000,0.072254040000),
double3(0.782205730000,0.065682115000,0.014226790000),
double3(0.794058235000,0.487251200000,0.058502485000),
double3(0.805479600000,0.006770800000,0.000137130000),
double3(0.870385530000,0.015230430000,0.292282250000),
double3(0.647530290000,0.025789940000,0.265056900000),
double3(0.929626550000,0.017476315000,0.286461385000),
double3(0.588290050000,0.023532760000,0.270876380000),
double3(0.979789350000,0.019392935000,0.281534285000),
double3(0.538126495000,0.021627560000,0.275804900000),
double3(0.698041470000,0.405177050000,0.068382970000),
double3(0.668544050000,0.098048365000,0.458049750000),
double3(0.643006200000,0.051281810000,0.102943770000),
double3(0.777144300000,0.366955520000,0.302698100000),
double3(0.738846465000,0.172137765000,0.255526800000),
double3(0.866392600000,0.423269300000,0.113877705000),
double3(0.831286150000,0.156595485000,0.484096465000),
double3(0.625305650000,0.159463970000,0.275995970000),
double3(0.664638500000,0.368354620000,0.330112300000),
double3(0.851411075000,0.170533685000,0.228159100000),
double3(0.890668125000,0.379661600000,0.282197350000),
double3(0.775327830000,0.128186225000,0.120164090000),
double3(0.808049300000,0.048168275000,0.158671530000),
double3(0.766457850000,0.457714320000,0.402823300000),
double3(0.678305925000,0.445510650000,0.439429285000),
double3(0.848198475000,0.007102640000,0.338281500000),
double3(0.669717370000,0.033917775000,0.219057680000),
double3(0.678013920000,0.019480005000,0.305860070000),
double3(0.839901925000,0.021540410000,0.251479100000),
double3(0.751039030000,0.009959490000,0.838362550000),
double3(0.765968100000,0.028927740000,0.717717810000),
double3(0.642316835000,0.267516250000,0.803678500000),
double3(0.873698800000,0.271570535000,0.754478800000),
double3(0.844395725000,0.496109500000,0.975483180000),
double3(0.683556800000,0.250397770000,0.789920925000),
double3(0.832465950000,0.288690330000,0.768255300000),
double3(0.687765730000,0.195871400000,0.773362430000),
double3(0.828224780000,0.343228050000,0.784836085000),
double3(0.786752350000,0.201816125000,0.753000450000),
double3(0.729282350000,0.337227300000,0.805200950000),
double3(0.784219475000,0.257258450000,0.769694200000),
double3(0.731820000000,0.281803550000,0.788487150000),
double3(0.743911650000,0.493051600000,0.987858350000),
double3(0.809616565000,0.116523350000,0.997335250000),
double3(0.834492775000,0.451465935000,0.589474030000),
double3(0.728743525000,0.463795000000,0.940925630000),
double3(0.786109300000,0.075746835000,0.619250380000),
double3(0.721105920000,0.052008600000,0.501066370000),
double3(0.733113335000,0.472918350000,0.545810255000),
double3(0.710500820000,0.032190705000,0.559437785000),
double3(0.771587900000,0.046104430000,0.572254040000),
double3(0.782205730000,0.065682115000,0.514226790000),
double3(0.794058235000,0.487251200000,0.558502485000),
double3(0.805479600000,0.006770800000,0.500137130000),
double3(0.870385530000,0.015230430000,0.792282250000),
double3(0.647530290000,0.025789940000,0.765056900000),
double3(0.929626550000,0.017476315000,0.786461385000),
double3(0.588290050000,0.023532760000,0.770876380000),
double3(0.979789350000,0.019392935000,0.781534285000),
double3(0.538126495000,0.021627560000,0.775804900000),
double3(0.698041470000,0.405177050000,0.568382970000),
double3(0.668544050000,0.098048365000,0.958049750000),
double3(0.643006200000,0.051281810000,0.602943770000),
double3(0.777144300000,0.366955520000,0.802698100000),
double3(0.738846465000,0.172137765000,0.755526800000),
double3(0.866392600000,0.423269300000,0.613877705000),
double3(0.831286150000,0.156595485000,0.984096465000),
double3(0.625305650000,0.159463970000,0.775995970000),
double3(0.664638500000,0.368354620000,0.830112300000),
double3(0.851411075000,0.170533685000,0.728159100000),
double3(0.890668125000,0.379661600000,0.782197350000),
double3(0.775327830000,0.128186225000,0.620164090000),
double3(0.808049300000,0.048168275000,0.658671530000),
double3(0.766457850000,0.457714320000,0.902823300000),
double3(0.678305925000,0.445510650000,0.939429285000),
double3(0.848198475000,0.007102640000,0.838281500000),
double3(0.669717370000,0.033917775000,0.719057680000),
double3(0.678013920000,0.019480005000,0.805860070000),
double3(0.839901925000,0.021540410000,0.751479100000),
double3(0.751039030000,0.509959490000,0.338362550000),
double3(0.765968100000,0.528927740000,0.217717810000),
double3(0.642316835000,0.767516250000,0.303678500000),
double3(0.873698800000,0.771570535000,0.254478800000),
double3(0.844395725000,0.996109500000,0.475483180000),
double3(0.683556800000,0.750397770000,0.289920925000),
double3(0.832465950000,0.788690330000,0.268255300000),
double3(0.687765730000,0.695871400000,0.273362430000),
double3(0.828224780000,0.843228050000,0.284836085000),
double3(0.786752350000,0.701816125000,0.253000450000),
double3(0.729282350000,0.837227300000,0.305200950000),
double3(0.784219475000,0.757258450000,0.269694200000),
double3(0.731820000000,0.781803550000,0.288487150000),
double3(0.743911650000,0.993051600000,0.487858350000),
double3(0.809616565000,0.616523350000,0.497335250000),
double3(0.834492775000,0.951465935000,0.089474030000),
double3(0.728743525000,0.963795000000,0.440925630000),
double3(0.786109300000,0.575746835000,0.119250380000),
double3(0.721105920000,0.552008600000,0.001066370000),
double3(0.733113335000,0.972918350000,0.045810255000),
double3(0.710500820000,0.532190705000,0.059437785000),
double3(0.771587900000,0.546104430000,0.072254040000),
double3(0.782205730000,0.565682115000,0.014226790000),
double3(0.794058235000,0.987251200000,0.058502485000),
double3(0.805479600000,0.506770800000,0.000137130000),
double3(0.870385530000,0.515230430000,0.292282250000),
double3(0.647530290000,0.525789940000,0.265056900000),
double3(0.929626550000,0.517476315000,0.286461385000),
double3(0.588290050000,0.523532760000,0.270876380000),
double3(0.979789350000,0.519392935000,0.281534285000),
double3(0.538126495000,0.521627560000,0.275804900000),
double3(0.698041470000,0.905177050000,0.068382970000),
double3(0.668544050000,0.598048365000,0.458049750000),
double3(0.643006200000,0.551281810000,0.102943770000),
double3(0.777144300000,0.866955520000,0.302698100000),
double3(0.738846465000,0.672137765000,0.255526800000),
double3(0.866392600000,0.923269300000,0.113877705000),
double3(0.831286150000,0.656595485000,0.484096465000),
double3(0.625305650000,0.659463970000,0.275995970000),
double3(0.664638500000,0.868354620000,0.330112300000),
double3(0.851411075000,0.670533685000,0.228159100000),
double3(0.890668125000,0.879661600000,0.282197350000),
double3(0.775327830000,0.628186225000,0.120164090000),
double3(0.808049300000,0.548168275000,0.158671530000),
double3(0.766457850000,0.957714320000,0.402823300000),
double3(0.678305925000,0.945510650000,0.439429285000),
double3(0.848198475000,0.507102640000,0.338281500000),
double3(0.669717370000,0.533917775000,0.219057680000),
double3(0.678013920000,0.519480005000,0.305860070000),
double3(0.839901925000,0.521540410000,0.251479100000),
double3(0.751039030000,0.509959490000,0.838362550000),
double3(0.765968100000,0.528927740000,0.717717810000),
double3(0.642316835000,0.767516250000,0.803678500000),
double3(0.873698800000,0.771570535000,0.754478800000),
double3(0.844395725000,0.996109500000,0.975483180000),
double3(0.683556800000,0.750397770000,0.789920925000),
double3(0.832465950000,0.788690330000,0.768255300000),
double3(0.687765730000,0.695871400000,0.773362430000),
double3(0.828224780000,0.843228050000,0.784836085000),
double3(0.786752350000,0.701816125000,0.753000450000),
double3(0.729282350000,0.837227300000,0.805200950000),
double3(0.784219475000,0.757258450000,0.769694200000),
double3(0.731820000000,0.781803550000,0.788487150000),
double3(0.743911650000,0.993051600000,0.987858350000),
double3(0.809616565000,0.616523350000,0.997335250000),
double3(0.834492775000,0.951465935000,0.589474030000),
double3(0.728743525000,0.963795000000,0.940925630000),
double3(0.786109300000,0.575746835000,0.619250380000),
double3(0.721105920000,0.552008600000,0.501066370000),
double3(0.733113335000,0.972918350000,0.545810255000),
double3(0.710500820000,0.532190705000,0.559437785000),
double3(0.771587900000,0.546104430000,0.572254040000),
double3(0.782205730000,0.565682115000,0.514226790000),
double3(0.794058235000,0.987251200000,0.558502485000),
double3(0.805479600000,0.506770800000,0.500137130000),
double3(0.870385530000,0.515230430000,0.792282250000),
double3(0.647530290000,0.525789940000,0.765056900000),
double3(0.929626550000,0.517476315000,0.786461385000),
double3(0.588290050000,0.523532760000,0.770876380000),
double3(0.979789350000,0.519392935000,0.781534285000),
double3(0.538126495000,0.521627560000,0.775804900000),
double3(0.698041470000,0.905177050000,0.568382970000),
double3(0.668544050000,0.598048365000,0.958049750000),
double3(0.643006200000,0.551281810000,0.602943770000),
double3(0.777144300000,0.866955520000,0.802698100000),
double3(0.738846465000,0.672137765000,0.755526800000),
double3(0.866392600000,0.923269300000,0.613877705000),
double3(0.831286150000,0.656595485000,0.984096465000),
double3(0.625305650000,0.659463970000,0.775995970000),
double3(0.664638500000,0.868354620000,0.830112300000),
double3(0.851411075000,0.670533685000,0.728159100000),
double3(0.890668125000,0.879661600000,0.782197350000),
double3(0.775327830000,0.628186225000,0.620164090000),
double3(0.808049300000,0.548168275000,0.658671530000),
double3(0.766457850000,0.957714320000,0.902823300000),
double3(0.678305925000,0.945510650000,0.939429285000),
double3(0.848198475000,0.507102640000,0.838281500000),
double3(0.669717370000,0.533917775000,0.719057680000),
double3(0.678013920000,0.519480005000,0.805860070000),
double3(0.839901925000,0.521540410000,0.751479100000),
