[double3(10.757270000000,0.000000000000,0.000000000000),double3(2.083381573508,12.473387262952,0.000000000000),double3(2.788806151299,1.185596295878,23.016387102977)]

double3(0.163764625000,0.008958560000,0.325903250000),
double3(0.058038360000,0.054066835000,0.284574400000),
double3(0.049114840000,0.098756700000,0.347602400000),
double3(0.155288770000,0.128539325000,0.298477250000),
double3(0.336532100000,0.397878100000,0.368125080000),
double3(0.447780730000,0.408187450000,0.369412550000),
double3(0.205400140000,0.165274800000,0.335284900000),
double3(0.426852450000,0.185796590000,0.337847750000),
double3(0.233855160000,0.252266200000,0.337846600000),
double3(0.345209450000,0.262585300000,0.339135320000),
double3(0.482397885000,0.492064925000,0.355159880000),
double3(0.261544230000,0.471598600000,0.352603970000),
double3(0.185667290000,0.158315880000,0.367455275000),
double3(0.117465885000,0.327712450000,0.237632410000),
double3(0.069780470000,0.420390350000,0.222833975000),
double3(0.028325895000,0.488193350000,0.261198900000),
double3(0.033450300000,0.461067170000,0.313849000000),
double3(0.099597440000,0.319714500000,0.390921700000),
double3(0.144407215000,0.226164760000,0.405814750000),
double3(0.177617030000,0.184655740000,0.314885250000),
double3(0.213408680000,0.470911200000,0.167030675000),
double3(0.197017700000,0.127542720000,0.445323450000),
double3(0.209729790000,0.458042650000,0.219880730000),
double3(0.178892135000,0.145576100000,0.394303920000),
double3(0.057933055000,0.092483120000,0.229176100000),
double3(0.498526450000,0.089814665000,0.412893535000),
double3(0.056240590000,0.100501250000,0.176671370000),
double3(0.013161380000,0.078723300000,0.464311200000),
double3(0.042367265000,0.219312640000,0.026609770000),
double3(0.035652985000,0.235502465000,0.064122750000),
double3(0.052184185000,0.285229650000,0.035694580000),
double3(0.145884600000,0.249158400000,0.059442460000),
double3(0.160578280000,0.234907300000,0.022795545000),
double3(0.017882335000,0.462079850000,0.115141160000),
double3(0.493665450000,0.453216600000,0.080224840000),
double3(0.003537640000,0.397242800000,0.106437005000),
double3(0.090251760000,0.390579450000,0.067543360000),
double3(0.120746615000,0.394134370000,0.100397260000),
double3(0.295658680000,0.149450675000,0.061550880000),
double3(0.256953865000,0.215725510000,0.051005090000),
double3(0.305072850000,0.207028600000,0.080448380000),
double3(0.188418435000,0.219166875000,0.099475435000),
double3(0.235380990000,0.157680975000,0.110282795000),
double3(0.254250850000,0.415971600000,0.039094260000),
double3(0.203153800000,0.370961725000,0.057173225000),
double3(0.238609270000,0.359868735000,0.020719560000),
double3(0.123364550000,0.402652650000,0.021159850000),
double3(0.180347710000,0.439524600000,0.001626860000),
double3(0.255294770000,0.167501300000,0.331889125000),
double3(0.380913230000,0.179142220000,0.333333335000),
double3(0.225658210000,0.061447160000,0.316194535000),
double3(0.483575165000,0.085348115000,0.319179350000),
double3(0.270918050000,0.217939285000,0.334724700000),
double3(0.333551200000,0.223743450000,0.335449515000),
double3(0.367159050000,0.127553350000,0.328741600000),
double3(0.302717925000,0.121581645000,0.327995800000),
double3(0.414836000000,0.081144320000,0.327623070000),
double3(0.287292200000,0.069324950000,0.326147000000),
double3(0.395018150000,0.031078820000,0.337205770000),
double3(0.330588850000,0.025108195000,0.336460100000),
double3(0.435954100000,0.488300700000,0.349998450000),
double3(0.310547000000,0.476679325000,0.348547130000),
double3(0.415620300000,0.440132320000,0.359747400000),
double3(0.353057650000,0.434334700000,0.359023400000),
double3(0.161093115000,0.215279625000,0.331031600000),
double3(0.154823720000,0.245417730000,0.269644750000),
double3(0.103402680000,0.338593400000,0.284224950000),
double3(0.083361290000,0.362070550000,0.336197375000),
double3(0.110481515000,0.307907650000,0.344433450000),
double3(0.099281065000,0.355073630000,0.254396700000),
double3(0.059605540000,0.401241870000,0.358979800000),
double3(0.134390050000,0.269048630000,0.322544400000),
double3(0.072502175000,0.408488800000,0.246001870000),
double3(0.130676435000,0.284455200000,0.292452450000),
double3(0.049245140000,0.446732820000,0.267652480000),
double3(0.114878135000,0.291545650000,0.374267350000),
double3(0.052917255000,0.431187570000,0.297605000000),
double3(0.079908585000,0.377540300000,0.306097270000),
double3(0.141581340000,0.238062800000,0.382652550000),
double3(0.164876000000,0.199806350000,0.360994800000),
double3(0.178160890000,0.496539200000,0.180595680000),
double3(0.152793300000,0.120739265000,0.438430150000),
double3(0.176475165000,0.489744950000,0.210696340000),
double3(0.142675310000,0.130330665000,0.409315375000),
double3(0.132776560000,0.023738445000,0.228775000000),
double3(0.086719090000,0.119941080000,0.399607850000),
double3(0.089861870000,0.063937605000,0.216151715000),
double3(0.040468695000,0.100862385000,0.419716475000),
double3(0.090010955000,0.069493780000,0.186040910000),
double3(0.049574905000,0.093113915000,0.449050350000),
double3(0.134808800000,0.036376565000,0.168019740000),
double3(0.106235275000,0.102206385000,0.458554650000),
double3(0.135345175000,0.018039080000,0.260401875000),
double3(0.079552850000,0.126729535000,0.368366900000),
double3(0.116905095000,0.040567185000,0.000619745000),
double3(0.148156510000,0.092326760000,0.123938420000),
double3(0.128470940000,0.131929860000,0.004261255000),
double3(0.129607050000,0.002610685000,0.120882550000),
double3(0.136860950000,0.123093130000,0.034173200000),
double3(0.129237265000,0.009547675000,0.090297355000),
double3(0.136413335000,0.070267350000,0.046741335000),
double3(0.140364615000,0.059852565000,0.076828105000),
double3(0.130426185000,0.028016750000,0.029484185000),
double3(0.153882460000,0.100310610000,0.093457540000),
double3(0.147833300000,0.164125850000,0.051779015000),
double3(0.120443610000,0.467998920000,0.072508575000),
double3(0.169081000000,0.148740900000,0.079291985000),
double3(0.134450270000,0.475033200000,0.042036035000),
double3(0.132677420000,0.223986150000,0.043331650000),
double3(0.061446430000,0.241835430000,0.042264795000),
double3(0.091698935000,0.418537320000,0.084641390000),
double3(0.022667565000,0.433911850000,0.097483270000),
double3(0.213991390000,0.180187200000,0.091619030000),
double3(0.271096950000,0.188604190000,0.069690280000),
double3(0.160923435000,0.426678330000,0.023716335000),
double3(0.217455625000,0.391352900000,0.036100710000),
double3(0.117252700000,0.091356455000,0.488577950000),
double3(0.137359950000,0.044004950000,0.136856780000),
double3(0.210866300000,0.014495105000,0.316638300000),
double3(0.025968970000,0.043695395000,0.320284935000),
double3(0.186124370000,0.101483725000,0.307856650000),
double3(0.001203535000,0.130681855000,0.311503000000),
double3(0.209278465000,0.214687080000,0.271986785000),
double3(0.120389135000,0.242354950000,0.249655750000),
double3(0.025016680000,0.386248530000,0.381773470000),
double3(0.073530350000,0.449793600000,0.353842650000),
double3(0.190206990000,0.002042180000,0.269498615000),
double3(0.024159200000,0.142852365000,0.359314770000),
double3(0.130471065000,0.117670370000,0.350389900000),
double3(0.083895115000,0.027224175000,0.278423500000),
double3(0.100675015000,0.002968680000,0.484978320000),
double3(0.150480850000,0.133211550000,0.140746610000),
double3(0.131712350000,0.180299280000,0.490617720000),
double3(0.122711645000,0.455106825000,0.134832800000),
double3(0.106551660000,0.072580375000,0.314139350000),
double3(0.163764625000,0.008958560000,0.825903250000),
double3(0.058038360000,0.054066835000,0.784574400000),
double3(0.049114840000,0.098756700000,0.847602400000),
double3(0.155288770000,0.128539325000,0.798477250000),
double3(0.336532100000,0.397878100000,0.868125080000),
double3(0.447780730000,0.408187450000,0.869412550000),
double3(0.205400140000,0.165274800000,0.835284900000),
double3(0.426852450000,0.185796590000,0.837847750000),
double3(0.233855160000,0.252266200000,0.837846600000),
double3(0.345209450000,0.262585300000,0.839135320000),
double3(0.482397885000,0.492064925000,0.855159880000),
double3(0.261544230000,0.471598600000,0.852603970000),
double3(0.185667290000,0.158315880000,0.867455275000),
double3(0.117465885000,0.327712450000,0.737632410000),
double3(0.069780470000,0.420390350000,0.722833975000),
double3(0.028325895000,0.488193350000,0.761198900000),
double3(0.033450300000,0.461067170000,0.813849000000),
double3(0.099597440000,0.319714500000,0.890921700000),
double3(0.144407215000,0.226164760000,0.905814750000),
double3(0.177617030000,0.184655740000,0.814885250000),
double3(0.213408680000,0.470911200000,0.667030675000),
double3(0.197017700000,0.127542720000,0.945323450000),
double3(0.209729790000,0.458042650000,0.719880730000),
double3(0.178892135000,0.145576100000,0.894303920000),
double3(0.057933055000,0.092483120000,0.729176100000),
double3(0.498526450000,0.089814665000,0.912893535000),
double3(0.056240590000,0.100501250000,0.676671370000),
double3(0.013161380000,0.078723300000,0.964311200000),
double3(0.042367265000,0.219312640000,0.526609770000),
double3(0.035652985000,0.235502465000,0.564122750000),
double3(0.052184185000,0.285229650000,0.535694580000),
double3(0.145884600000,0.249158400000,0.559442460000),
double3(0.160578280000,0.234907300000,0.522795545000),
double3(0.017882335000,0.462079850000,0.615141160000),
double3(0.493665450000,0.453216600000,0.580224840000),
double3(0.003537640000,0.397242800000,0.606437005000),
double3(0.090251760000,0.390579450000,0.567543360000),
double3(0.120746615000,0.394134370000,0.600397260000),
double3(0.295658680000,0.149450675000,0.561550880000),
double3(0.256953865000,0.215725510000,0.551005090000),
double3(0.305072850000,0.207028600000,0.580448380000),
double3(0.188418435000,0.219166875000,0.599475435000),
double3(0.235380990000,0.157680975000,0.610282795000),
double3(0.254250850000,0.415971600000,0.539094260000),
double3(0.203153800000,0.370961725000,0.557173225000),
double3(0.238609270000,0.359868735000,0.520719560000),
double3(0.123364550000,0.402652650000,0.521159850000),
double3(0.180347710000,0.439524600000,0.501626860000),
double3(0.255294770000,0.167501300000,0.831889125000),
double3(0.380913230000,0.179142220000,0.833333335000),
double3(0.225658210000,0.061447160000,0.816194535000),
double3(0.483575165000,0.085348115000,0.819179350000),
double3(0.270918050000,0.217939285000,0.834724700000),
double3(0.333551200000,0.223743450000,0.835449515000),
double3(0.367159050000,0.127553350000,0.828741600000),
double3(0.302717925000,0.121581645000,0.827995800000),
double3(0.414836000000,0.081144320000,0.827623070000),
double3(0.287292200000,0.069324950000,0.826147000000),
double3(0.395018150000,0.031078820000,0.837205770000),
double3(0.330588850000,0.025108195000,0.836460100000),
double3(0.435954100000,0.488300700000,0.849998450000),
double3(0.310547000000,0.476679325000,0.848547130000),
double3(0.415620300000,0.440132320000,0.859747400000),
double3(0.353057650000,0.434334700000,0.859023400000),
double3(0.161093115000,0.215279625000,0.831031600000),
double3(0.154823720000,0.245417730000,0.769644750000),
double3(0.103402680000,0.338593400000,0.784224950000),
double3(0.083361290000,0.362070550000,0.836197375000),
double3(0.110481515000,0.307907650000,0.844433450000),
double3(0.099281065000,0.355073630000,0.754396700000),
double3(0.059605540000,0.401241870000,0.858979800000),
double3(0.134390050000,0.269048630000,0.822544400000),
double3(0.072502175000,0.408488800000,0.746001870000),
double3(0.130676435000,0.284455200000,0.792452450000),
double3(0.049245140000,0.446732820000,0.767652480000),
double3(0.114878135000,0.291545650000,0.874267350000),
double3(0.052917255000,0.431187570000,0.797605000000),
double3(0.079908585000,0.377540300000,0.806097270000),
double3(0.141581340000,0.238062800000,0.882652550000),
double3(0.164876000000,0.199806350000,0.860994800000),
double3(0.178160890000,0.496539200000,0.680595680000),
double3(0.152793300000,0.120739265000,0.938430150000),
double3(0.176475165000,0.489744950000,0.710696340000),
double3(0.142675310000,0.130330665000,0.909315375000),
double3(0.132776560000,0.023738445000,0.728775000000),
double3(0.086719090000,0.119941080000,0.899607850000),
double3(0.089861870000,0.063937605000,0.716151715000),
double3(0.040468695000,0.100862385000,0.919716475000),
double3(0.090010955000,0.069493780000,0.686040910000),
double3(0.049574905000,0.093113915000,0.949050350000),
double3(0.134808800000,0.036376565000,0.668019740000),
double3(0.106235275000,0.102206385000,0.958554650000),
double3(0.135345175000,0.018039080000,0.760401875000),
double3(0.079552850000,0.126729535000,0.868366900000),
double3(0.116905095000,0.040567185000,0.500619745000),
double3(0.148156510000,0.092326760000,0.623938420000),
double3(0.128470940000,0.131929860000,0.504261255000),
double3(0.129607050000,0.002610685000,0.620882550000),
double3(0.136860950000,0.123093130000,0.534173200000),
double3(0.129237265000,0.009547675000,0.590297355000),
double3(0.136413335000,0.070267350000,0.546741335000),
double3(0.140364615000,0.059852565000,0.576828105000),
double3(0.130426185000,0.028016750000,0.529484185000),
double3(0.153882460000,0.100310610000,0.593457540000),
double3(0.147833300000,0.164125850000,0.551779015000),
double3(0.120443610000,0.467998920000,0.572508575000),
double3(0.169081000000,0.148740900000,0.579291985000),
double3(0.134450270000,0.475033200000,0.542036035000),
double3(0.132677420000,0.223986150000,0.543331650000),
double3(0.061446430000,0.241835430000,0.542264795000),
double3(0.091698935000,0.418537320000,0.584641390000),
double3(0.022667565000,0.433911850000,0.597483270000),
double3(0.213991390000,0.180187200000,0.591619030000),
double3(0.271096950000,0.188604190000,0.569690280000),
double3(0.160923435000,0.426678330000,0.523716335000),
double3(0.217455625000,0.391352900000,0.536100710000),
double3(0.117252700000,0.091356455000,0.988577950000),
double3(0.137359950000,0.044004950000,0.636856780000),
double3(0.210866300000,0.014495105000,0.816638300000),
double3(0.025968970000,0.043695395000,0.820284935000),
double3(0.186124370000,0.101483725000,0.807856650000),
double3(0.001203535000,0.130681855000,0.811503000000),
double3(0.209278465000,0.214687080000,0.771986785000),
double3(0.120389135000,0.242354950000,0.749655750000),
double3(0.025016680000,0.386248530000,0.881773470000),
double3(0.073530350000,0.449793600000,0.853842650000),
double3(0.190206990000,0.002042180000,0.769498615000),
double3(0.024159200000,0.142852365000,0.859314770000),
double3(0.130471065000,0.117670370000,0.850389900000),
double3(0.083895115000,0.027224175000,0.778423500000),
double3(0.100675015000,0.002968680000,0.984978320000),
double3(0.150480850000,0.133211550000,0.640746610000),
double3(0.131712350000,0.180299280000,0.990617720000),
double3(0.122711645000,0.455106825000,0.634832800000),
double3(0.106551660000,0.072580375000,0.814139350000),
double3(0.163764625000,0.508958560000,0.325903250000),
double3(0.058038360000,0.554066835000,0.284574400000),
double3(0.049114840000,0.598756700000,0.347602400000),
double3(0.155288770000,0.628539325000,0.298477250000),
double3(0.336532100000,0.897878100000,0.368125080000),
double3(0.447780730000,0.908187450000,0.369412550000),
double3(0.205400140000,0.665274800000,0.335284900000),
double3(0.426852450000,0.685796590000,0.337847750000),
double3(0.233855160000,0.752266200000,0.337846600000),
double3(0.345209450000,0.762585300000,0.339135320000),
double3(0.482397885000,0.992064925000,0.355159880000),
double3(0.261544230000,0.971598600000,0.352603970000),
double3(0.185667290000,0.658315880000,0.367455275000),
double3(0.117465885000,0.827712450000,0.237632410000),
double3(0.069780470000,0.920390350000,0.222833975000),
double3(0.028325895000,0.988193350000,0.261198900000),
double3(0.033450300000,0.961067170000,0.313849000000),
double3(0.099597440000,0.819714500000,0.390921700000),
double3(0.144407215000,0.726164760000,0.405814750000),
double3(0.177617030000,0.684655740000,0.314885250000),
double3(0.213408680000,0.970911200000,0.167030675000),
double3(0.197017700000,0.627542720000,0.445323450000),
double3(0.209729790000,0.958042650000,0.219880730000),
double3(0.178892135000,0.645576100000,0.394303920000),
double3(0.057933055000,0.592483120000,0.229176100000),
double3(0.498526450000,0.589814665000,0.412893535000),
double3(0.056240590000,0.600501250000,0.176671370000),
double3(0.013161380000,0.578723300000,0.464311200000),
double3(0.042367265000,0.719312640000,0.026609770000),
double3(0.035652985000,0.735502465000,0.064122750000),
double3(0.052184185000,0.785229650000,0.035694580000),
double3(0.145884600000,0.749158400000,0.059442460000),
double3(0.160578280000,0.734907300000,0.022795545000),
double3(0.017882335000,0.962079850000,0.115141160000),
double3(0.493665450000,0.953216600000,0.080224840000),
double3(0.003537640000,0.897242800000,0.106437005000),
double3(0.090251760000,0.890579450000,0.067543360000),
double3(0.120746615000,0.894134370000,0.100397260000),
double3(0.295658680000,0.649450675000,0.061550880000),
double3(0.256953865000,0.715725510000,0.051005090000),
double3(0.305072850000,0.707028600000,0.080448380000),
double3(0.188418435000,0.719166875000,0.099475435000),
double3(0.235380990000,0.657680975000,0.110282795000),
double3(0.254250850000,0.915971600000,0.039094260000),
double3(0.203153800000,0.870961725000,0.057173225000),
double3(0.238609270000,0.859868735000,0.020719560000),
double3(0.123364550000,0.902652650000,0.021159850000),
double3(0.180347710000,0.939524600000,0.001626860000),
double3(0.255294770000,0.667501300000,0.331889125000),
double3(0.380913230000,0.679142220000,0.333333335000),
double3(0.225658210000,0.561447160000,0.316194535000),
double3(0.483575165000,0.585348115000,0.319179350000),
double3(0.270918050000,0.717939285000,0.334724700000),
double3(0.333551200000,0.723743450000,0.335449515000),
double3(0.367159050000,0.627553350000,0.328741600000),
double3(0.302717925000,0.621581645000,0.327995800000),
double3(0.414836000000,0.581144320000,0.327623070000),
double3(0.287292200000,0.569324950000,0.326147000000),
double3(0.395018150000,0.531078820000,0.337205770000),
double3(0.330588850000,0.525108195000,0.336460100000),
double3(0.435954100000,0.988300700000,0.349998450000),
double3(0.310547000000,0.976679325000,0.348547130000),
double3(0.415620300000,0.940132320000,0.359747400000),
double3(0.353057650000,0.934334700000,0.359023400000),
double3(0.161093115000,0.715279625000,0.331031600000),
double3(0.154823720000,0.745417730000,0.269644750000),
double3(0.103402680000,0.838593400000,0.284224950000),
double3(0.083361290000,0.862070550000,0.336197375000),
double3(0.110481515000,0.807907650000,0.344433450000),
double3(0.099281065000,0.855073630000,0.254396700000),
double3(0.059605540000,0.901241870000,0.358979800000),
double3(0.134390050000,0.769048630000,0.322544400000),
double3(0.072502175000,0.908488800000,0.246001870000),
double3(0.130676435000,0.784455200000,0.292452450000),
double3(0.049245140000,0.946732820000,0.267652480000),
double3(0.114878135000,0.791545650000,0.374267350000),
double3(0.052917255000,0.931187570000,0.297605000000),
double3(0.079908585000,0.877540300000,0.306097270000),
double3(0.141581340000,0.738062800000,0.382652550000),
double3(0.164876000000,0.699806350000,0.360994800000),
double3(0.178160890000,0.996539200000,0.180595680000),
double3(0.152793300000,0.620739265000,0.438430150000),
double3(0.176475165000,0.989744950000,0.210696340000),
double3(0.142675310000,0.630330665000,0.409315375000),
double3(0.132776560000,0.523738445000,0.228775000000),
double3(0.086719090000,0.619941080000,0.399607850000),
double3(0.089861870000,0.563937605000,0.216151715000),
double3(0.040468695000,0.600862385000,0.419716475000),
double3(0.090010955000,0.569493780000,0.186040910000),
double3(0.049574905000,0.593113915000,0.449050350000),
double3(0.134808800000,0.536376565000,0.168019740000),
double3(0.106235275000,0.602206385000,0.458554650000),
double3(0.135345175000,0.518039080000,0.260401875000),
double3(0.079552850000,0.626729535000,0.368366900000),
double3(0.116905095000,0.540567185000,0.000619745000),
double3(0.148156510000,0.592326760000,0.123938420000),
double3(0.128470940000,0.631929860000,0.004261255000),
double3(0.129607050000,0.502610685000,0.120882550000),
double3(0.136860950000,0.623093130000,0.034173200000),
double3(0.129237265000,0.509547675000,0.090297355000),
double3(0.136413335000,0.570267350000,0.046741335000),
double3(0.140364615000,0.559852565000,0.076828105000),
double3(0.130426185000,0.528016750000,0.029484185000),
double3(0.153882460000,0.600310610000,0.093457540000),
double3(0.147833300000,0.664125850000,0.051779015000),
double3(0.120443610000,0.967998920000,0.072508575000),
double3(0.169081000000,0.648740900000,0.079291985000),
double3(0.134450270000,0.975033200000,0.042036035000),
double3(0.132677420000,0.723986150000,0.043331650000),
double3(0.061446430000,0.741835430000,0.042264795000),
double3(0.091698935000,0.918537320000,0.084641390000),
double3(0.022667565000,0.933911850000,0.097483270000),
double3(0.213991390000,0.680187200000,0.091619030000),
double3(0.271096950000,0.688604190000,0.069690280000),
double3(0.160923435000,0.926678330000,0.023716335000),
double3(0.217455625000,0.891352900000,0.036100710000),
double3(0.117252700000,0.591356455000,0.488577950000),
double3(0.137359950000,0.544004950000,0.136856780000),
double3(0.210866300000,0.514495105000,0.316638300000),
double3(0.025968970000,0.543695395000,0.320284935000),
double3(0.186124370000,0.601483725000,0.307856650000),
double3(0.001203535000,0.630681855000,0.311503000000),
double3(0.209278465000,0.714687080000,0.271986785000),
double3(0.120389135000,0.742354950000,0.249655750000),
double3(0.025016680000,0.886248530000,0.381773470000),
double3(0.073530350000,0.949793600000,0.353842650000),
double3(0.190206990000,0.502042180000,0.269498615000),
double3(0.024159200000,0.642852365000,0.359314770000),
double3(0.130471065000,0.617670370000,0.350389900000),
double3(0.083895115000,0.527224175000,0.278423500000),
double3(0.100675015000,0.502968680000,0.484978320000),
double3(0.150480850000,0.633211550000,0.140746610000),
double3(0.131712350000,0.680299280000,0.490617720000),
double3(0.122711645000,0.955106825000,0.134832800000),
double3(0.106551660000,0.572580375000,0.314139350000),
double3(0.163764625000,0.508958560000,0.825903250000),
double3(0.058038360000,0.554066835000,0.784574400000),
double3(0.049114840000,0.598756700000,0.847602400000),
double3(0.155288770000,0.628539325000,0.798477250000),
double3(0.336532100000,0.897878100000,0.868125080000),
double3(0.447780730000,0.908187450000,0.869412550000),
double3(0.205400140000,0.665274800000,0.835284900000),
double3(0.426852450000,0.685796590000,0.837847750000),
double3(0.233855160000,0.752266200000,0.837846600000),
double3(0.345209450000,0.762585300000,0.839135320000),
double3(0.482397885000,0.992064925000,0.855159880000),
double3(0.261544230000,0.971598600000,0.852603970000),
double3(0.185667290000,0.658315880000,0.867455275000),
double3(0.117465885000,0.827712450000,0.737632410000),
double3(0.069780470000,0.920390350000,0.722833975000),
double3(0.028325895000,0.988193350000,0.761198900000),
double3(0.033450300000,0.961067170000,0.813849000000),
double3(0.099597440000,0.819714500000,0.890921700000),
double3(0.144407215000,0.726164760000,0.905814750000),
double3(0.177617030000,0.684655740000,0.814885250000),
double3(0.213408680000,0.970911200000,0.667030675000),
double3(0.197017700000,0.627542720000,0.945323450000),
double3(0.209729790000,0.958042650000,0.719880730000),
double3(0.178892135000,0.645576100000,0.894303920000),
double3(0.057933055000,0.592483120000,0.729176100000),
double3(0.498526450000,0.589814665000,0.912893535000),
double3(0.056240590000,0.600501250000,0.676671370000),
double3(0.013161380000,0.578723300000,0.964311200000),
double3(0.042367265000,0.719312640000,0.526609770000),
double3(0.035652985000,0.735502465000,0.564122750000),
double3(0.052184185000,0.785229650000,0.535694580000),
double3(0.145884600000,0.749158400000,0.559442460000),
double3(0.160578280000,0.734907300000,0.522795545000),
double3(0.017882335000,0.962079850000,0.615141160000),
double3(0.493665450000,0.953216600000,0.580224840000),
double3(0.003537640000,0.897242800000,0.606437005000),
double3(0.090251760000,0.890579450000,0.567543360000),
double3(0.120746615000,0.894134370000,0.600397260000),
double3(0.295658680000,0.649450675000,0.561550880000),
double3(0.256953865000,0.715725510000,0.551005090000),
double3(0.305072850000,0.707028600000,0.580448380000),
double3(0.188418435000,0.719166875000,0.599475435000),
double3(0.235380990000,0.657680975000,0.610282795000),
double3(0.254250850000,0.915971600000,0.539094260000),
double3(0.203153800000,0.870961725000,0.557173225000),
double3(0.238609270000,0.859868735000,0.520719560000),
double3(0.123364550000,0.902652650000,0.521159850000),
double3(0.180347710000,0.939524600000,0.501626860000),
double3(0.255294770000,0.667501300000,0.831889125000),
double3(0.380913230000,0.679142220000,0.833333335000),
double3(0.225658210000,0.561447160000,0.816194535000),
double3(0.483575165000,0.585348115000,0.819179350000),
double3(0.270918050000,0.717939285000,0.834724700000),
double3(0.333551200000,0.723743450000,0.835449515000),
double3(0.367159050000,0.627553350000,0.828741600000),
double3(0.302717925000,0.621581645000,0.827995800000),
double3(0.414836000000,0.581144320000,0.827623070000),
double3(0.287292200000,0.569324950000,0.826147000000),
double3(0.395018150000,0.531078820000,0.837205770000),
double3(0.330588850000,0.525108195000,0.836460100000),
double3(0.435954100000,0.988300700000,0.849998450000),
double3(0.310547000000,0.976679325000,0.848547130000),
double3(0.415620300000,0.940132320000,0.859747400000),
double3(0.353057650000,0.934334700000,0.859023400000),
double3(0.161093115000,0.715279625000,0.831031600000),
double3(0.154823720000,0.745417730000,0.769644750000),
double3(0.103402680000,0.838593400000,0.784224950000),
double3(0.083361290000,0.862070550000,0.836197375000),
double3(0.110481515000,0.807907650000,0.844433450000),
double3(0.099281065000,0.855073630000,0.754396700000),
double3(0.059605540000,0.901241870000,0.858979800000),
double3(0.134390050000,0.769048630000,0.822544400000),
double3(0.072502175000,0.908488800000,0.746001870000),
double3(0.130676435000,0.784455200000,0.792452450000),
double3(0.049245140000,0.946732820000,0.767652480000),
double3(0.114878135000,0.791545650000,0.874267350000),
double3(0.052917255000,0.931187570000,0.797605000000),
double3(0.079908585000,0.877540300000,0.806097270000),
double3(0.141581340000,0.738062800000,0.882652550000),
double3(0.164876000000,0.699806350000,0.860994800000),
double3(0.178160890000,0.996539200000,0.680595680000),
double3(0.152793300000,0.620739265000,0.938430150000),
double3(0.176475165000,0.989744950000,0.710696340000),
double3(0.142675310000,0.630330665000,0.909315375000),
double3(0.132776560000,0.523738445000,0.728775000000),
double3(0.086719090000,0.619941080000,0.899607850000),
double3(0.089861870000,0.563937605000,0.716151715000),
double3(0.040468695000,0.600862385000,0.919716475000),
double3(0.090010955000,0.569493780000,0.686040910000),
double3(0.049574905000,0.593113915000,0.949050350000),
double3(0.134808800000,0.536376565000,0.668019740000),
double3(0.106235275000,0.602206385000,0.958554650000),
double3(0.135345175000,0.518039080000,0.760401875000),
double3(0.079552850000,0.626729535000,0.868366900000),
double3(0.116905095000,0.540567185000,0.500619745000),
double3(0.148156510000,0.592326760000,0.623938420000),
double3(0.128470940000,0.631929860000,0.504261255000),
double3(0.129607050000,0.502610685000,0.620882550000),
double3(0.136860950000,0.623093130000,0.534173200000),
double3(0.129237265000,0.509547675000,0.590297355000),
double3(0.136413335000,0.570267350000,0.546741335000),
double3(0.140364615000,0.559852565000,0.576828105000),
double3(0.130426185000,0.528016750000,0.529484185000),
double3(0.153882460000,0.600310610000,0.593457540000),
double3(0.147833300000,0.664125850000,0.551779015000),
double3(0.120443610000,0.967998920000,0.572508575000),
double3(0.169081000000,0.648740900000,0.579291985000),
double3(0.134450270000,0.975033200000,0.542036035000),
double3(0.132677420000,0.723986150000,0.543331650000),
double3(0.061446430000,0.741835430000,0.542264795000),
double3(0.091698935000,0.918537320000,0.584641390000),
double3(0.022667565000,0.933911850000,0.597483270000),
double3(0.213991390000,0.680187200000,0.591619030000),
double3(0.271096950000,0.688604190000,0.569690280000),
double3(0.160923435000,0.926678330000,0.523716335000),
double3(0.217455625000,0.891352900000,0.536100710000),
double3(0.117252700000,0.591356455000,0.988577950000),
double3(0.137359950000,0.544004950000,0.636856780000),
double3(0.210866300000,0.514495105000,0.816638300000),
double3(0.025968970000,0.543695395000,0.820284935000),
double3(0.186124370000,0.601483725000,0.807856650000),
double3(0.001203535000,0.630681855000,0.811503000000),
double3(0.209278465000,0.714687080000,0.771986785000),
double3(0.120389135000,0.742354950000,0.749655750000),
double3(0.025016680000,0.886248530000,0.881773470000),
double3(0.073530350000,0.949793600000,0.853842650000),
double3(0.190206990000,0.502042180000,0.769498615000),
double3(0.024159200000,0.642852365000,0.859314770000),
double3(0.130471065000,0.617670370000,0.850389900000),
double3(0.083895115000,0.527224175000,0.778423500000),
double3(0.100675015000,0.502968680000,0.984978320000),
double3(0.150480850000,0.633211550000,0.640746610000),
double3(0.131712350000,0.680299280000,0.990617720000),
double3(0.122711645000,0.955106825000,0.634832800000),
double3(0.106551660000,0.572580375000,0.814139350000),
double3(0.663764625000,0.008958560000,0.325903250000),
double3(0.558038360000,0.054066835000,0.284574400000),
double3(0.549114840000,0.098756700000,0.347602400000),
double3(0.655288770000,0.128539325000,0.298477250000),
double3(0.836532100000,0.397878100000,0.368125080000),
double3(0.947780730000,0.408187450000,0.369412550000),
double3(0.705400140000,0.165274800000,0.335284900000),
double3(0.926852450000,0.185796590000,0.337847750000),
double3(0.733855160000,0.252266200000,0.337846600000),
double3(0.845209450000,0.262585300000,0.339135320000),
double3(0.982397885000,0.492064925000,0.355159880000),
double3(0.761544230000,0.471598600000,0.352603970000),
double3(0.685667290000,0.158315880000,0.367455275000),
double3(0.617465885000,0.327712450000,0.237632410000),
double3(0.569780470000,0.420390350000,0.222833975000),
double3(0.528325895000,0.488193350000,0.261198900000),
double3(0.533450300000,0.461067170000,0.313849000000),
double3(0.599597440000,0.319714500000,0.390921700000),
double3(0.644407215000,0.226164760000,0.405814750000),
double3(0.677617030000,0.184655740000,0.314885250000),
double3(0.713408680000,0.470911200000,0.167030675000),
double3(0.697017700000,0.127542720000,0.445323450000),
double3(0.709729790000,0.458042650000,0.219880730000),
double3(0.678892135000,0.145576100000,0.394303920000),
double3(0.557933055000,0.092483120000,0.229176100000),
double3(0.998526450000,0.089814665000,0.412893535000),
double3(0.556240590000,0.100501250000,0.176671370000),
double3(0.513161380000,0.078723300000,0.464311200000),
double3(0.542367265000,0.219312640000,0.026609770000),
double3(0.535652985000,0.235502465000,0.064122750000),
double3(0.552184185000,0.285229650000,0.035694580000),
double3(0.645884600000,0.249158400000,0.059442460000),
double3(0.660578280000,0.234907300000,0.022795545000),
double3(0.517882335000,0.462079850000,0.115141160000),
double3(0.993665450000,0.453216600000,0.080224840000),
double3(0.503537640000,0.397242800000,0.106437005000),
double3(0.590251760000,0.390579450000,0.067543360000),
double3(0.620746615000,0.394134370000,0.100397260000),
double3(0.795658680000,0.149450675000,0.061550880000),
double3(0.756953865000,0.215725510000,0.051005090000),
double3(0.805072850000,0.207028600000,0.080448380000),
double3(0.688418435000,0.219166875000,0.099475435000),
double3(0.735380990000,0.157680975000,0.110282795000),
double3(0.754250850000,0.415971600000,0.039094260000),
double3(0.703153800000,0.370961725000,0.057173225000),
double3(0.738609270000,0.359868735000,0.020719560000),
double3(0.623364550000,0.402652650000,0.021159850000),
double3(0.680347710000,0.439524600000,0.001626860000),
double3(0.755294770000,0.167501300000,0.331889125000),
double3(0.880913230000,0.179142220000,0.333333335000),
double3(0.725658210000,0.061447160000,0.316194535000),
double3(0.983575165000,0.085348115000,0.319179350000),
double3(0.770918050000,0.217939285000,0.334724700000),
double3(0.833551200000,0.223743450000,0.335449515000),
double3(0.867159050000,0.127553350000,0.328741600000),
double3(0.802717925000,0.121581645000,0.327995800000),
double3(0.914836000000,0.081144320000,0.327623070000),
double3(0.787292200000,0.069324950000,0.326147000000),
double3(0.895018150000,0.031078820000,0.337205770000),
double3(0.830588850000,0.025108195000,0.336460100000),
double3(0.935954100000,0.488300700000,0.349998450000),
double3(0.810547000000,0.476679325000,0.348547130000),
double3(0.915620300000,0.440132320000,0.359747400000),
double3(0.853057650000,0.434334700000,0.359023400000),
double3(0.661093115000,0.215279625000,0.331031600000),
double3(0.654823720000,0.245417730000,0.269644750000),
double3(0.603402680000,0.338593400000,0.284224950000),
double3(0.583361290000,0.362070550000,0.336197375000),
double3(0.610481515000,0.307907650000,0.344433450000),
double3(0.599281065000,0.355073630000,0.254396700000),
double3(0.559605540000,0.401241870000,0.358979800000),
double3(0.634390050000,0.269048630000,0.322544400000),
double3(0.572502175000,0.408488800000,0.246001870000),
double3(0.630676435000,0.284455200000,0.292452450000),
double3(0.549245140000,0.446732820000,0.267652480000),
double3(0.614878135000,0.291545650000,0.374267350000),
double3(0.552917255000,0.431187570000,0.297605000000),
double3(0.579908585000,0.377540300000,0.306097270000),
double3(0.641581340000,0.238062800000,0.382652550000),
double3(0.664876000000,0.199806350000,0.360994800000),
double3(0.678160890000,0.496539200000,0.180595680000),
double3(0.652793300000,0.120739265000,0.438430150000),
double3(0.676475165000,0.489744950000,0.210696340000),
double3(0.642675310000,0.130330665000,0.409315375000),
double3(0.632776560000,0.023738445000,0.228775000000),
double3(0.586719090000,0.119941080000,0.399607850000),
double3(0.589861870000,0.063937605000,0.216151715000),
double3(0.540468695000,0.100862385000,0.419716475000),
double3(0.590010955000,0.069493780000,0.186040910000),
double3(0.549574905000,0.093113915000,0.449050350000),
double3(0.634808800000,0.036376565000,0.168019740000),
double3(0.606235275000,0.102206385000,0.458554650000),
double3(0.635345175000,0.018039080000,0.260401875000),
double3(0.579552850000,0.126729535000,0.368366900000),
double3(0.616905095000,0.040567185000,0.000619745000),
double3(0.648156510000,0.092326760000,0.123938420000),
double3(0.628470940000,0.131929860000,0.004261255000),
double3(0.629607050000,0.002610685000,0.120882550000),
double3(0.636860950000,0.123093130000,0.034173200000),
double3(0.629237265000,0.009547675000,0.090297355000),
double3(0.636413335000,0.070267350000,0.046741335000),
double3(0.640364615000,0.059852565000,0.076828105000),
double3(0.630426185000,0.028016750000,0.029484185000),
double3(0.653882460000,0.100310610000,0.093457540000),
double3(0.647833300000,0.164125850000,0.051779015000),
double3(0.620443610000,0.467998920000,0.072508575000),
double3(0.669081000000,0.148740900000,0.079291985000),
double3(0.634450270000,0.475033200000,0.042036035000),
double3(0.632677420000,0.223986150000,0.043331650000),
double3(0.561446430000,0.241835430000,0.042264795000),
double3(0.591698935000,0.418537320000,0.084641390000),
double3(0.522667565000,0.433911850000,0.097483270000),
double3(0.713991390000,0.180187200000,0.091619030000),
double3(0.771096950000,0.188604190000,0.069690280000),
double3(0.660923435000,0.426678330000,0.023716335000),
double3(0.717455625000,0.391352900000,0.036100710000),
double3(0.617252700000,0.091356455000,0.488577950000),
double3(0.637359950000,0.044004950000,0.136856780000),
double3(0.710866300000,0.014495105000,0.316638300000),
double3(0.525968970000,0.043695395000,0.320284935000),
double3(0.686124370000,0.101483725000,0.307856650000),
double3(0.501203535000,0.130681855000,0.311503000000),
double3(0.709278465000,0.214687080000,0.271986785000),
double3(0.620389135000,0.242354950000,0.249655750000),
double3(0.525016680000,0.386248530000,0.381773470000),
double3(0.573530350000,0.449793600000,0.353842650000),
double3(0.690206990000,0.002042180000,0.269498615000),
double3(0.524159200000,0.142852365000,0.359314770000),
double3(0.630471065000,0.117670370000,0.350389900000),
double3(0.583895115000,0.027224175000,0.278423500000),
double3(0.600675015000,0.002968680000,0.484978320000),
double3(0.650480850000,0.133211550000,0.140746610000),
double3(0.631712350000,0.180299280000,0.490617720000),
double3(0.622711645000,0.455106825000,0.134832800000),
double3(0.606551660000,0.072580375000,0.314139350000),
double3(0.663764625000,0.008958560000,0.825903250000),
double3(0.558038360000,0.054066835000,0.784574400000),
double3(0.549114840000,0.098756700000,0.847602400000),
double3(0.655288770000,0.128539325000,0.798477250000),
double3(0.836532100000,0.397878100000,0.868125080000),
double3(0.947780730000,0.408187450000,0.869412550000),
double3(0.705400140000,0.165274800000,0.835284900000),
double3(0.926852450000,0.185796590000,0.837847750000),
double3(0.733855160000,0.252266200000,0.837846600000),
double3(0.845209450000,0.262585300000,0.839135320000),
double3(0.982397885000,0.492064925000,0.855159880000),
double3(0.761544230000,0.471598600000,0.852603970000),
double3(0.685667290000,0.158315880000,0.867455275000),
double3(0.617465885000,0.327712450000,0.737632410000),
double3(0.569780470000,0.420390350000,0.722833975000),
double3(0.528325895000,0.488193350000,0.761198900000),
double3(0.533450300000,0.461067170000,0.813849000000),
double3(0.599597440000,0.319714500000,0.890921700000),
double3(0.644407215000,0.226164760000,0.905814750000),
double3(0.677617030000,0.184655740000,0.814885250000),
double3(0.713408680000,0.470911200000,0.667030675000),
double3(0.697017700000,0.127542720000,0.945323450000),
double3(0.709729790000,0.458042650000,0.719880730000),
double3(0.678892135000,0.145576100000,0.894303920000),
double3(0.557933055000,0.092483120000,0.729176100000),
double3(0.998526450000,0.089814665000,0.912893535000),
double3(0.556240590000,0.100501250000,0.676671370000),
double3(0.513161380000,0.078723300000,0.964311200000),
double3(0.542367265000,0.219312640000,0.526609770000),
double3(0.535652985000,0.235502465000,0.564122750000),
double3(0.552184185000,0.285229650000,0.535694580000),
double3(0.645884600000,0.249158400000,0.559442460000),
double3(0.660578280000,0.234907300000,0.522795545000),
double3(0.517882335000,0.462079850000,0.615141160000),
double3(0.993665450000,0.453216600000,0.580224840000),
double3(0.503537640000,0.397242800000,0.606437005000),
double3(0.590251760000,0.390579450000,0.567543360000),
double3(0.620746615000,0.394134370000,0.600397260000),
double3(0.795658680000,0.149450675000,0.561550880000),
double3(0.756953865000,0.215725510000,0.551005090000),
double3(0.805072850000,0.207028600000,0.580448380000),
double3(0.688418435000,0.219166875000,0.599475435000),
double3(0.735380990000,0.157680975000,0.610282795000),
double3(0.754250850000,0.415971600000,0.539094260000),
double3(0.703153800000,0.370961725000,0.557173225000),
double3(0.738609270000,0.359868735000,0.520719560000),
double3(0.623364550000,0.402652650000,0.521159850000),
double3(0.680347710000,0.439524600000,0.501626860000),
double3(0.755294770000,0.167501300000,0.831889125000),
double3(0.880913230000,0.179142220000,0.833333335000),
double3(0.725658210000,0.061447160000,0.816194535000),
double3(0.983575165000,0.085348115000,0.819179350000),
double3(0.770918050000,0.217939285000,0.834724700000),
double3(0.833551200000,0.223743450000,0.835449515000),
double3(0.867159050000,0.127553350000,0.828741600000),
double3(0.802717925000,0.121581645000,0.827995800000),
double3(0.914836000000,0.081144320000,0.827623070000),
double3(0.787292200000,0.069324950000,0.826147000000),
double3(0.895018150000,0.031078820000,0.837205770000),
double3(0.830588850000,0.025108195000,0.836460100000),
double3(0.935954100000,0.488300700000,0.849998450000),
double3(0.810547000000,0.476679325000,0.848547130000),
double3(0.915620300000,0.440132320000,0.859747400000),
double3(0.853057650000,0.434334700000,0.859023400000),
double3(0.661093115000,0.215279625000,0.831031600000),
double3(0.654823720000,0.245417730000,0.769644750000),
double3(0.603402680000,0.338593400000,0.784224950000),
double3(0.583361290000,0.362070550000,0.836197375000),
double3(0.610481515000,0.307907650000,0.844433450000),
double3(0.599281065000,0.355073630000,0.754396700000),
double3(0.559605540000,0.401241870000,0.858979800000),
double3(0.634390050000,0.269048630000,0.822544400000),
double3(0.572502175000,0.408488800000,0.746001870000),
double3(0.630676435000,0.284455200000,0.792452450000),
double3(0.549245140000,0.446732820000,0.767652480000),
double3(0.614878135000,0.291545650000,0.874267350000),
double3(0.552917255000,0.431187570000,0.797605000000),
double3(0.579908585000,0.377540300000,0.806097270000),
double3(0.641581340000,0.238062800000,0.882652550000),
double3(0.664876000000,0.199806350000,0.860994800000),
double3(0.678160890000,0.496539200000,0.680595680000),
double3(0.652793300000,0.120739265000,0.938430150000),
double3(0.676475165000,0.489744950000,0.710696340000),
double3(0.642675310000,0.130330665000,0.909315375000),
double3(0.632776560000,0.023738445000,0.728775000000),
double3(0.586719090000,0.119941080000,0.899607850000),
double3(0.589861870000,0.063937605000,0.716151715000),
double3(0.540468695000,0.100862385000,0.919716475000),
double3(0.590010955000,0.069493780000,0.686040910000),
double3(0.549574905000,0.093113915000,0.949050350000),
double3(0.634808800000,0.036376565000,0.668019740000),
double3(0.606235275000,0.102206385000,0.958554650000),
double3(0.635345175000,0.018039080000,0.760401875000),
double3(0.579552850000,0.126729535000,0.868366900000),
double3(0.616905095000,0.040567185000,0.500619745000),
double3(0.648156510000,0.092326760000,0.623938420000),
double3(0.628470940000,0.131929860000,0.504261255000),
double3(0.629607050000,0.002610685000,0.620882550000),
double3(0.636860950000,0.123093130000,0.534173200000),
double3(0.629237265000,0.009547675000,0.590297355000),
double3(0.636413335000,0.070267350000,0.546741335000),
double3(0.640364615000,0.059852565000,0.576828105000),
double3(0.630426185000,0.028016750000,0.529484185000),
double3(0.653882460000,0.100310610000,0.593457540000),
double3(0.647833300000,0.164125850000,0.551779015000),
double3(0.620443610000,0.467998920000,0.572508575000),
double3(0.669081000000,0.148740900000,0.579291985000),
double3(0.634450270000,0.475033200000,0.542036035000),
double3(0.632677420000,0.223986150000,0.543331650000),
double3(0.561446430000,0.241835430000,0.542264795000),
double3(0.591698935000,0.418537320000,0.584641390000),
double3(0.522667565000,0.433911850000,0.597483270000),
double3(0.713991390000,0.180187200000,0.591619030000),
double3(0.771096950000,0.188604190000,0.569690280000),
double3(0.660923435000,0.426678330000,0.523716335000),
double3(0.717455625000,0.391352900000,0.536100710000),
double3(0.617252700000,0.091356455000,0.988577950000),
double3(0.637359950000,0.044004950000,0.636856780000),
double3(0.710866300000,0.014495105000,0.816638300000),
double3(0.525968970000,0.043695395000,0.820284935000),
double3(0.686124370000,0.101483725000,0.807856650000),
double3(0.501203535000,0.130681855000,0.811503000000),
double3(0.709278465000,0.214687080000,0.771986785000),
double3(0.620389135000,0.242354950000,0.749655750000),
double3(0.525016680000,0.386248530000,0.881773470000),
double3(0.573530350000,0.449793600000,0.853842650000),
double3(0.690206990000,0.002042180000,0.769498615000),
double3(0.524159200000,0.142852365000,0.859314770000),
double3(0.630471065000,0.117670370000,0.850389900000),
double3(0.583895115000,0.027224175000,0.778423500000),
double3(0.600675015000,0.002968680000,0.984978320000),
double3(0.650480850000,0.133211550000,0.640746610000),
double3(0.631712350000,0.180299280000,0.990617720000),
double3(0.622711645000,0.455106825000,0.634832800000),
double3(0.606551660000,0.072580375000,0.814139350000),
double3(0.663764625000,0.508958560000,0.325903250000),
double3(0.558038360000,0.554066835000,0.284574400000),
double3(0.549114840000,0.598756700000,0.347602400000),
double3(0.655288770000,0.628539325000,0.298477250000),
double3(0.836532100000,0.897878100000,0.368125080000),
double3(0.947780730000,0.908187450000,0.369412550000),
double3(0.705400140000,0.665274800000,0.335284900000),
double3(0.926852450000,0.685796590000,0.337847750000),
double3(0.733855160000,0.752266200000,0.337846600000),
double3(0.845209450000,0.762585300000,0.339135320000),
double3(0.982397885000,0.992064925000,0.355159880000),
double3(0.761544230000,0.971598600000,0.352603970000),
double3(0.685667290000,0.658315880000,0.367455275000),
double3(0.617465885000,0.827712450000,0.237632410000),
double3(0.569780470000,0.920390350000,0.222833975000),
double3(0.528325895000,0.988193350000,0.261198900000),
double3(0.533450300000,0.961067170000,0.313849000000),
double3(0.599597440000,0.819714500000,0.390921700000),
double3(0.644407215000,0.726164760000,0.405814750000),
double3(0.677617030000,0.684655740000,0.314885250000),
double3(0.713408680000,0.970911200000,0.167030675000),
double3(0.697017700000,0.627542720000,0.445323450000),
double3(0.709729790000,0.958042650000,0.219880730000),
double3(0.678892135000,0.645576100000,0.394303920000),
double3(0.557933055000,0.592483120000,0.229176100000),
double3(0.998526450000,0.589814665000,0.412893535000),
double3(0.556240590000,0.600501250000,0.176671370000),
double3(0.513161380000,0.578723300000,0.464311200000),
double3(0.542367265000,0.719312640000,0.026609770000),
double3(0.535652985000,0.735502465000,0.064122750000),
double3(0.552184185000,0.785229650000,0.035694580000),
double3(0.645884600000,0.749158400000,0.059442460000),
double3(0.660578280000,0.734907300000,0.022795545000),
double3(0.517882335000,0.962079850000,0.115141160000),
double3(0.993665450000,0.953216600000,0.080224840000),
double3(0.503537640000,0.897242800000,0.106437005000),
double3(0.590251760000,0.890579450000,0.067543360000),
double3(0.620746615000,0.894134370000,0.100397260000),
double3(0.795658680000,0.649450675000,0.061550880000),
double3(0.756953865000,0.715725510000,0.051005090000),
double3(0.805072850000,0.707028600000,0.080448380000),
double3(0.688418435000,0.719166875000,0.099475435000),
double3(0.735380990000,0.657680975000,0.110282795000),
double3(0.754250850000,0.915971600000,0.039094260000),
double3(0.703153800000,0.870961725000,0.057173225000),
double3(0.738609270000,0.859868735000,0.020719560000),
double3(0.623364550000,0.902652650000,0.021159850000),
double3(0.680347710000,0.939524600000,0.001626860000),
double3(0.755294770000,0.667501300000,0.331889125000),
double3(0.880913230000,0.679142220000,0.333333335000),
double3(0.725658210000,0.561447160000,0.316194535000),
double3(0.983575165000,0.585348115000,0.319179350000),
double3(0.770918050000,0.717939285000,0.334724700000),
double3(0.833551200000,0.723743450000,0.335449515000),
double3(0.867159050000,0.627553350000,0.328741600000),
double3(0.802717925000,0.621581645000,0.327995800000),
double3(0.914836000000,0.581144320000,0.327623070000),
double3(0.787292200000,0.569324950000,0.326147000000),
double3(0.895018150000,0.531078820000,0.337205770000),
double3(0.830588850000,0.525108195000,0.336460100000),
double3(0.935954100000,0.988300700000,0.349998450000),
double3(0.810547000000,0.976679325000,0.348547130000),
double3(0.915620300000,0.940132320000,0.359747400000),
double3(0.853057650000,0.934334700000,0.359023400000),
double3(0.661093115000,0.715279625000,0.331031600000),
double3(0.654823720000,0.745417730000,0.269644750000),
double3(0.603402680000,0.838593400000,0.284224950000),
double3(0.583361290000,0.862070550000,0.336197375000),
double3(0.610481515000,0.807907650000,0.344433450000),
double3(0.599281065000,0.855073630000,0.254396700000),
double3(0.559605540000,0.901241870000,0.358979800000),
double3(0.634390050000,0.769048630000,0.322544400000),
double3(0.572502175000,0.908488800000,0.246001870000),
double3(0.630676435000,0.784455200000,0.292452450000),
double3(0.549245140000,0.946732820000,0.267652480000),
double3(0.614878135000,0.791545650000,0.374267350000),
double3(0.552917255000,0.931187570000,0.297605000000),
double3(0.579908585000,0.877540300000,0.306097270000),
double3(0.641581340000,0.738062800000,0.382652550000),
double3(0.664876000000,0.699806350000,0.360994800000),
double3(0.678160890000,0.996539200000,0.180595680000),
double3(0.652793300000,0.620739265000,0.438430150000),
double3(0.676475165000,0.989744950000,0.210696340000),
double3(0.642675310000,0.630330665000,0.409315375000),
double3(0.632776560000,0.523738445000,0.228775000000),
double3(0.586719090000,0.619941080000,0.399607850000),
double3(0.589861870000,0.563937605000,0.216151715000),
double3(0.540468695000,0.600862385000,0.419716475000),
double3(0.590010955000,0.569493780000,0.186040910000),
double3(0.549574905000,0.593113915000,0.449050350000),
double3(0.634808800000,0.536376565000,0.168019740000),
double3(0.606235275000,0.602206385000,0.458554650000),
double3(0.635345175000,0.518039080000,0.260401875000),
double3(0.579552850000,0.626729535000,0.368366900000),
double3(0.616905095000,0.540567185000,0.000619745000),
double3(0.648156510000,0.592326760000,0.123938420000),
double3(0.628470940000,0.631929860000,0.004261255000),
double3(0.629607050000,0.502610685000,0.120882550000),
double3(0.636860950000,0.623093130000,0.034173200000),
double3(0.629237265000,0.509547675000,0.090297355000),
double3(0.636413335000,0.570267350000,0.046741335000),
double3(0.640364615000,0.559852565000,0.076828105000),
double3(0.630426185000,0.528016750000,0.029484185000),
double3(0.653882460000,0.600310610000,0.093457540000),
double3(0.647833300000,0.664125850000,0.051779015000),
double3(0.620443610000,0.967998920000,0.072508575000),
double3(0.669081000000,0.648740900000,0.079291985000),
double3(0.634450270000,0.975033200000,0.042036035000),
double3(0.632677420000,0.723986150000,0.043331650000),
double3(0.561446430000,0.741835430000,0.042264795000),
double3(0.591698935000,0.918537320000,0.084641390000),
double3(0.522667565000,0.933911850000,0.097483270000),
double3(0.713991390000,0.680187200000,0.091619030000),
double3(0.771096950000,0.688604190000,0.069690280000),
double3(0.660923435000,0.926678330000,0.023716335000),
double3(0.717455625000,0.891352900000,0.036100710000),
double3(0.617252700000,0.591356455000,0.488577950000),
double3(0.637359950000,0.544004950000,0.136856780000),
double3(0.710866300000,0.514495105000,0.316638300000),
double3(0.525968970000,0.543695395000,0.320284935000),
double3(0.686124370000,0.601483725000,0.307856650000),
double3(0.501203535000,0.630681855000,0.311503000000),
double3(0.709278465000,0.714687080000,0.271986785000),
double3(0.620389135000,0.742354950000,0.249655750000),
double3(0.525016680000,0.886248530000,0.381773470000),
double3(0.573530350000,0.949793600000,0.353842650000),
double3(0.690206990000,0.502042180000,0.269498615000),
double3(0.524159200000,0.642852365000,0.359314770000),
double3(0.630471065000,0.617670370000,0.350389900000),
double3(0.583895115000,0.527224175000,0.278423500000),
double3(0.600675015000,0.502968680000,0.484978320000),
double3(0.650480850000,0.633211550000,0.140746610000),
double3(0.631712350000,0.680299280000,0.490617720000),
double3(0.622711645000,0.955106825000,0.134832800000),
double3(0.606551660000,0.572580375000,0.314139350000),
double3(0.663764625000,0.508958560000,0.825903250000),
double3(0.558038360000,0.554066835000,0.784574400000),
double3(0.549114840000,0.598756700000,0.847602400000),
double3(0.655288770000,0.628539325000,0.798477250000),
double3(0.836532100000,0.897878100000,0.868125080000),
double3(0.947780730000,0.908187450000,0.869412550000),
double3(0.705400140000,0.665274800000,0.835284900000),
double3(0.926852450000,0.685796590000,0.837847750000),
double3(0.733855160000,0.752266200000,0.837846600000),
double3(0.845209450000,0.762585300000,0.839135320000),
double3(0.982397885000,0.992064925000,0.855159880000),
double3(0.761544230000,0.971598600000,0.852603970000),
double3(0.685667290000,0.658315880000,0.867455275000),
double3(0.617465885000,0.827712450000,0.737632410000),
double3(0.569780470000,0.920390350000,0.722833975000),
double3(0.528325895000,0.988193350000,0.761198900000),
double3(0.533450300000,0.961067170000,0.813849000000),
double3(0.599597440000,0.819714500000,0.890921700000),
double3(0.644407215000,0.726164760000,0.905814750000),
double3(0.677617030000,0.684655740000,0.814885250000),
double3(0.713408680000,0.970911200000,0.667030675000),
double3(0.697017700000,0.627542720000,0.945323450000),
double3(0.709729790000,0.958042650000,0.719880730000),
double3(0.678892135000,0.645576100000,0.894303920000),
double3(0.557933055000,0.592483120000,0.729176100000),
double3(0.998526450000,0.589814665000,0.912893535000),
double3(0.556240590000,0.600501250000,0.676671370000),
double3(0.513161380000,0.578723300000,0.964311200000),
double3(0.542367265000,0.719312640000,0.526609770000),
double3(0.535652985000,0.735502465000,0.564122750000),
double3(0.552184185000,0.785229650000,0.535694580000),
double3(0.645884600000,0.749158400000,0.559442460000),
double3(0.660578280000,0.734907300000,0.522795545000),
double3(0.517882335000,0.962079850000,0.615141160000),
double3(0.993665450000,0.953216600000,0.580224840000),
double3(0.503537640000,0.897242800000,0.606437005000),
double3(0.590251760000,0.890579450000,0.567543360000),
double3(0.620746615000,0.894134370000,0.600397260000),
double3(0.795658680000,0.649450675000,0.561550880000),
double3(0.756953865000,0.715725510000,0.551005090000),
double3(0.805072850000,0.707028600000,0.580448380000),
double3(0.688418435000,0.719166875000,0.599475435000),
double3(0.735380990000,0.657680975000,0.610282795000),
double3(0.754250850000,0.915971600000,0.539094260000),
double3(0.703153800000,0.870961725000,0.557173225000),
double3(0.738609270000,0.859868735000,0.520719560000),
double3(0.623364550000,0.902652650000,0.521159850000),
double3(0.680347710000,0.939524600000,0.501626860000),
double3(0.755294770000,0.667501300000,0.831889125000),
double3(0.880913230000,0.679142220000,0.833333335000),
double3(0.725658210000,0.561447160000,0.816194535000),
double3(0.983575165000,0.585348115000,0.819179350000),
double3(0.770918050000,0.717939285000,0.834724700000),
double3(0.833551200000,0.723743450000,0.835449515000),
double3(0.867159050000,0.627553350000,0.828741600000),
double3(0.802717925000,0.621581645000,0.827995800000),
double3(0.914836000000,0.581144320000,0.827623070000),
double3(0.787292200000,0.569324950000,0.826147000000),
double3(0.895018150000,0.531078820000,0.837205770000),
double3(0.830588850000,0.525108195000,0.836460100000),
double3(0.935954100000,0.988300700000,0.849998450000),
double3(0.810547000000,0.976679325000,0.848547130000),
double3(0.915620300000,0.940132320000,0.859747400000),
double3(0.853057650000,0.934334700000,0.859023400000),
double3(0.661093115000,0.715279625000,0.831031600000),
double3(0.654823720000,0.745417730000,0.769644750000),
double3(0.603402680000,0.838593400000,0.784224950000),
double3(0.583361290000,0.862070550000,0.836197375000),
double3(0.610481515000,0.807907650000,0.844433450000),
double3(0.599281065000,0.855073630000,0.754396700000),
double3(0.559605540000,0.901241870000,0.858979800000),
double3(0.634390050000,0.769048630000,0.822544400000),
double3(0.572502175000,0.908488800000,0.746001870000),
double3(0.630676435000,0.784455200000,0.792452450000),
double3(0.549245140000,0.946732820000,0.767652480000),
double3(0.614878135000,0.791545650000,0.874267350000),
double3(0.552917255000,0.931187570000,0.797605000000),
double3(0.579908585000,0.877540300000,0.806097270000),
double3(0.641581340000,0.738062800000,0.882652550000),
double3(0.664876000000,0.699806350000,0.860994800000),
double3(0.678160890000,0.996539200000,0.680595680000),
double3(0.652793300000,0.620739265000,0.938430150000),
double3(0.676475165000,0.989744950000,0.710696340000),
double3(0.642675310000,0.630330665000,0.909315375000),
double3(0.632776560000,0.523738445000,0.728775000000),
double3(0.586719090000,0.619941080000,0.899607850000),
double3(0.589861870000,0.563937605000,0.716151715000),
double3(0.540468695000,0.600862385000,0.919716475000),
double3(0.590010955000,0.569493780000,0.686040910000),
double3(0.549574905000,0.593113915000,0.949050350000),
double3(0.634808800000,0.536376565000,0.668019740000),
double3(0.606235275000,0.602206385000,0.958554650000),
double3(0.635345175000,0.518039080000,0.760401875000),
double3(0.579552850000,0.626729535000,0.868366900000),
double3(0.616905095000,0.540567185000,0.500619745000),
double3(0.648156510000,0.592326760000,0.623938420000),
double3(0.628470940000,0.631929860000,0.504261255000),
double3(0.629607050000,0.502610685000,0.620882550000),
double3(0.636860950000,0.623093130000,0.534173200000),
double3(0.629237265000,0.509547675000,0.590297355000),
double3(0.636413335000,0.570267350000,0.546741335000),
double3(0.640364615000,0.559852565000,0.576828105000),
double3(0.630426185000,0.528016750000,0.529484185000),
double3(0.653882460000,0.600310610000,0.593457540000),
double3(0.647833300000,0.664125850000,0.551779015000),
double3(0.620443610000,0.967998920000,0.572508575000),
double3(0.669081000000,0.648740900000,0.579291985000),
double3(0.634450270000,0.975033200000,0.542036035000),
double3(0.632677420000,0.723986150000,0.543331650000),
double3(0.561446430000,0.741835430000,0.542264795000),
double3(0.591698935000,0.918537320000,0.584641390000),
double3(0.522667565000,0.933911850000,0.597483270000),
double3(0.713991390000,0.680187200000,0.591619030000),
double3(0.771096950000,0.688604190000,0.569690280000),
double3(0.660923435000,0.926678330000,0.523716335000),
double3(0.717455625000,0.891352900000,0.536100710000),
double3(0.617252700000,0.591356455000,0.988577950000),
double3(0.637359950000,0.544004950000,0.636856780000),
double3(0.710866300000,0.514495105000,0.816638300000),
double3(0.525968970000,0.543695395000,0.820284935000),
double3(0.686124370000,0.601483725000,0.807856650000),
double3(0.501203535000,0.630681855000,0.811503000000),
double3(0.709278465000,0.714687080000,0.771986785000),
double3(0.620389135000,0.742354950000,0.749655750000),
double3(0.525016680000,0.886248530000,0.881773470000),
double3(0.573530350000,0.949793600000,0.853842650000),
double3(0.690206990000,0.502042180000,0.769498615000),
double3(0.524159200000,0.642852365000,0.859314770000),
double3(0.630471065000,0.617670370000,0.850389900000),
double3(0.583895115000,0.527224175000,0.778423500000),
double3(0.600675015000,0.502968680000,0.984978320000),
double3(0.650480850000,0.633211550000,0.640746610000),
double3(0.631712350000,0.680299280000,0.990617720000),
double3(0.622711645000,0.955106825000,0.634832800000),
double3(0.606551660000,0.572580375000,0.814139350000),
