[double3(9.105228670000,0.000000000000,0.000000000000),double3(-0.789741986665,14.533322753544,0.000000000000),double3(-0.560185862729,-0.295804722725,15.309631965075)]

double3(0.116341000000,0.003426265000,0.487297100000),
double3(0.112085750000,0.117628250000,0.421761025000),
double3(0.143945333333,0.079495875000,0.305494000000),
double3(0.116234000000,0.158955000000,0.303305000000),
double3(0.132052666667,0.075582050000,0.349889000000),
double3(0.106803416667,0.157649750000,0.347271750000),
double3(0.114253750000,0.116207000000,0.372629000000),
double3(0.136203666667,0.121032000000,0.282657000000),
double3(0.069401083333,0.240513500000,0.481060500000),
double3(0.120054166667,0.457423750000,0.482416700000),
double3(0.069043000000,0.290156250000,0.481459750000),
double3(0.221489666667,0.131766750000,0.004179665000),
double3(0.316620823333,0.122906585000,0.012015165000),
double3(0.273209040000,0.126852500000,0.008451000000),
double3(0.182334833333,0.009436830000,0.040375000000),
double3(0.140089166667,0.134798000000,0.097852000000),
double3(0.160267083333,0.167338000000,0.217538000000),
double3(0.126809000000,0.085723775000,0.209153000000),
double3(0.156572666667,0.173733000000,0.172125000000),
double3(0.125332666667,0.090258250000,0.163870000000),
double3(0.141334666667,0.133775250000,0.144283000000),
double3(0.143998333333,0.123867000000,0.235786000000),
double3(0.030279916667,0.118398750000,0.015897665000),
double3(0.137500416667,0.246395750000,0.031252000000),
double3(0.134550333333,0.292486750000,0.035851250000),
double3(0.150552000000,0.434312000000,0.010755750000),
double3(0.103171833333,0.315896000000,0.008199250000),
double3(0.183616666667,0.459826000000,0.038628000000),
double3(0.130599666667,0.087137835000,0.012782750000),
double3(0.121239583333,0.163630165000,0.006959250000),
double3(0.159017083333,0.049593025000,0.288542000000),
double3(0.108404750000,0.188008250000,0.287083000000),
double3(0.080677083333,0.051706115000,0.469787440000),
double3(0.104114916667,0.410129750000,0.440004900000),
double3(0.014388250000,0.293002000000,0.440753125000),
double3(0.173974583333,0.198148500000,0.050876750000),
double3(0.171360333333,0.194607000000,0.237012000000),
double3(0.111047000000,0.053212825000,0.223532000000),
double3(0.150537416667,0.338176750000,0.078343750000),
double3(0.238818340000,0.456628000000,0.078582000000),
double3(0.137435416667,0.029689750000,0.369573000000),
double3(0.087862250000,0.199838250000,0.363037500000),
double3(0.031685250000,0.211775500000,0.457182850000),
double3(0.144989583333,0.028768975000,0.016584500000),
double3(0.107959083333,0.221443250000,0.002889000000),
double3(0.216399333333,0.037362840000,0.069090250000),
double3(0.165711416667,0.221116000000,0.156030000000),
double3(0.100319500000,0.052794175000,0.138485000000),
double3(0.146424916667,0.385020000000,0.013628000000),
double3(0.107402833333,0.362646000000,0.004599000000),
double3(0.322745566667,0.204147500000,0.474028560000),
double3(0.138352416667,0.090644500000,0.444841240000),
double3(0.172441250000,0.024520500000,0.397812000000),
double3(0.114152750000,0.229008000000,0.388515750000),
double3(0.199782416667,0.170311500000,0.494886200000),
double3(0.082987333333,0.019128950000,0.465107390000),
double3(0.099124166667,0.153928500000,0.444213450000),
double3(0.028427750000,0.216029750000,0.415707990000),
double3(0.050670583333,0.215162000000,0.341387500000),
double3(0.120461583333,0.491688000000,0.348126000000),
double3(0.089085666667,0.435934250000,0.451474200000),
double3(0.038694333333,0.315111000000,0.455289900000),
double3(0.194191000000,0.093729990000,0.003300250000),
double3(0.174560833333,0.228555250000,0.054790000000),
double3(0.210574166667,0.036012950000,0.111614750000),
double3(0.260024876667,0.048439185000,0.055389415000),
double3(0.113593500000,0.163029415000,0.076056500000),
double3(0.151543250000,0.098264550000,0.074632000000),
double3(0.128932083333,0.244135000000,0.142524000000),
double3(0.204483916667,0.245907500000,0.169544000000),
double3(0.108979666667,0.008481065000,0.145502000000),
double3(0.051710083333,0.079458335000,0.023739000000),
double3(0.058009500000,0.156009415000,0.016388915000),
double3(0.062029333333,0.062416150000,0.115637000000),
double3(0.165070583333,0.313389000000,0.067330000000),
double3(0.214171000000,0.434560000000,0.064314000000),
double3(0.116341000000,0.003426265000,0.987297100000),
double3(0.112085750000,0.117628250000,0.921761025000),
double3(0.143945333333,0.079495875000,0.805494000000),
double3(0.116234000000,0.158955000000,0.803305000000),
double3(0.132052666667,0.075582050000,0.849889000000),
double3(0.106803416667,0.157649750000,0.847271750000),
double3(0.114253750000,0.116207000000,0.872629000000),
double3(0.136203666667,0.121032000000,0.782657000000),
double3(0.069401083333,0.240513500000,0.981060500000),
double3(0.120054166667,0.457423750000,0.982416700000),
double3(0.069043000000,0.290156250000,0.981459750000),
double3(0.221489666667,0.131766750000,0.504179665000),
double3(0.316620823333,0.122906585000,0.512015165000),
double3(0.273209040000,0.126852500000,0.508451000000),
double3(0.182334833333,0.009436830000,0.540375000000),
double3(0.140089166667,0.134798000000,0.597852000000),
double3(0.160267083333,0.167338000000,0.717538000000),
double3(0.126809000000,0.085723775000,0.709153000000),
double3(0.156572666667,0.173733000000,0.672125000000),
double3(0.125332666667,0.090258250000,0.663870000000),
double3(0.141334666667,0.133775250000,0.644283000000),
double3(0.143998333333,0.123867000000,0.735786000000),
double3(0.030279916667,0.118398750000,0.515897665000),
double3(0.137500416667,0.246395750000,0.531252000000),
double3(0.134550333333,0.292486750000,0.535851250000),
double3(0.150552000000,0.434312000000,0.510755750000),
double3(0.103171833333,0.315896000000,0.508199250000),
double3(0.183616666667,0.459826000000,0.538628000000),
double3(0.130599666667,0.087137835000,0.512782750000),
double3(0.121239583333,0.163630165000,0.506959250000),
double3(0.159017083333,0.049593025000,0.788542000000),
double3(0.108404750000,0.188008250000,0.787083000000),
double3(0.080677083333,0.051706115000,0.969787440000),
double3(0.104114916667,0.410129750000,0.940004900000),
double3(0.014388250000,0.293002000000,0.940753125000),
double3(0.173974583333,0.198148500000,0.550876750000),
double3(0.171360333333,0.194607000000,0.737012000000),
double3(0.111047000000,0.053212825000,0.723532000000),
double3(0.150537416667,0.338176750000,0.578343750000),
double3(0.238818340000,0.456628000000,0.578582000000),
double3(0.137435416667,0.029689750000,0.869573000000),
double3(0.087862250000,0.199838250000,0.863037500000),
double3(0.031685250000,0.211775500000,0.957182850000),
double3(0.144989583333,0.028768975000,0.516584500000),
double3(0.107959083333,0.221443250000,0.502889000000),
double3(0.216399333333,0.037362840000,0.569090250000),
double3(0.165711416667,0.221116000000,0.656030000000),
double3(0.100319500000,0.052794175000,0.638485000000),
double3(0.146424916667,0.385020000000,0.513628000000),
double3(0.107402833333,0.362646000000,0.504599000000),
double3(0.322745566667,0.204147500000,0.974028560000),
double3(0.138352416667,0.090644500000,0.944841240000),
double3(0.172441250000,0.024520500000,0.897812000000),
double3(0.114152750000,0.229008000000,0.888515750000),
double3(0.199782416667,0.170311500000,0.994886200000),
double3(0.082987333333,0.019128950000,0.965107390000),
double3(0.099124166667,0.153928500000,0.944213450000),
double3(0.028427750000,0.216029750000,0.915707990000),
double3(0.050670583333,0.215162000000,0.841387500000),
double3(0.120461583333,0.491688000000,0.848126000000),
double3(0.089085666667,0.435934250000,0.951474200000),
double3(0.038694333333,0.315111000000,0.955289900000),
double3(0.194191000000,0.093729990000,0.503300250000),
double3(0.174560833333,0.228555250000,0.554790000000),
double3(0.210574166667,0.036012950000,0.611614750000),
double3(0.260024876667,0.048439185000,0.555389415000),
double3(0.113593500000,0.163029415000,0.576056500000),
double3(0.151543250000,0.098264550000,0.574632000000),
double3(0.128932083333,0.244135000000,0.642524000000),
double3(0.204483916667,0.245907500000,0.669544000000),
double3(0.108979666667,0.008481065000,0.645502000000),
double3(0.051710083333,0.079458335000,0.523739000000),
double3(0.058009500000,0.156009415000,0.516388915000),
double3(0.062029333333,0.062416150000,0.615637000000),
double3(0.165070583333,0.313389000000,0.567330000000),
double3(0.214171000000,0.434560000000,0.564314000000),
double3(0.116341000000,0.503426265000,0.487297100000),
double3(0.112085750000,0.617628250000,0.421761025000),
double3(0.143945333333,0.579495875000,0.305494000000),
double3(0.116234000000,0.658955000000,0.303305000000),
double3(0.132052666667,0.575582050000,0.349889000000),
double3(0.106803416667,0.657649750000,0.347271750000),
double3(0.114253750000,0.616207000000,0.372629000000),
double3(0.136203666667,0.621032000000,0.282657000000),
double3(0.069401083333,0.740513500000,0.481060500000),
double3(0.120054166667,0.957423750000,0.482416700000),
double3(0.069043000000,0.790156250000,0.481459750000),
double3(0.221489666667,0.631766750000,0.004179665000),
double3(0.316620823333,0.622906585000,0.012015165000),
double3(0.273209040000,0.626852500000,0.008451000000),
double3(0.182334833333,0.509436830000,0.040375000000),
double3(0.140089166667,0.634798000000,0.097852000000),
double3(0.160267083333,0.667338000000,0.217538000000),
double3(0.126809000000,0.585723775000,0.209153000000),
double3(0.156572666667,0.673733000000,0.172125000000),
double3(0.125332666667,0.590258250000,0.163870000000),
double3(0.141334666667,0.633775250000,0.144283000000),
double3(0.143998333333,0.623867000000,0.235786000000),
double3(0.030279916667,0.618398750000,0.015897665000),
double3(0.137500416667,0.746395750000,0.031252000000),
double3(0.134550333333,0.792486750000,0.035851250000),
double3(0.150552000000,0.934312000000,0.010755750000),
double3(0.103171833333,0.815896000000,0.008199250000),
double3(0.183616666667,0.959826000000,0.038628000000),
double3(0.130599666667,0.587137835000,0.012782750000),
double3(0.121239583333,0.663630165000,0.006959250000),
double3(0.159017083333,0.549593025000,0.288542000000),
double3(0.108404750000,0.688008250000,0.287083000000),
double3(0.080677083333,0.551706115000,0.469787440000),
double3(0.104114916667,0.910129750000,0.440004900000),
double3(0.014388250000,0.793002000000,0.440753125000),
double3(0.173974583333,0.698148500000,0.050876750000),
double3(0.171360333333,0.694607000000,0.237012000000),
double3(0.111047000000,0.553212825000,0.223532000000),
double3(0.150537416667,0.838176750000,0.078343750000),
double3(0.238818340000,0.956628000000,0.078582000000),
double3(0.137435416667,0.529689750000,0.369573000000),
double3(0.087862250000,0.699838250000,0.363037500000),
double3(0.031685250000,0.711775500000,0.457182850000),
double3(0.144989583333,0.528768975000,0.016584500000),
double3(0.107959083333,0.721443250000,0.002889000000),
double3(0.216399333333,0.537362840000,0.069090250000),
double3(0.165711416667,0.721116000000,0.156030000000),
double3(0.100319500000,0.552794175000,0.138485000000),
double3(0.146424916667,0.885020000000,0.013628000000),
double3(0.107402833333,0.862646000000,0.004599000000),
double3(0.322745566667,0.704147500000,0.474028560000),
double3(0.138352416667,0.590644500000,0.444841240000),
double3(0.172441250000,0.524520500000,0.397812000000),
double3(0.114152750000,0.729008000000,0.388515750000),
double3(0.199782416667,0.670311500000,0.494886200000),
double3(0.082987333333,0.519128950000,0.465107390000),
double3(0.099124166667,0.653928500000,0.444213450000),
double3(0.028427750000,0.716029750000,0.415707990000),
double3(0.050670583333,0.715162000000,0.341387500000),
double3(0.120461583333,0.991688000000,0.348126000000),
double3(0.089085666667,0.935934250000,0.451474200000),
double3(0.038694333333,0.815111000000,0.455289900000),
double3(0.194191000000,0.593729990000,0.003300250000),
double3(0.174560833333,0.728555250000,0.054790000000),
double3(0.210574166667,0.536012950000,0.111614750000),
double3(0.260024876667,0.548439185000,0.055389415000),
double3(0.113593500000,0.663029415000,0.076056500000),
double3(0.151543250000,0.598264550000,0.074632000000),
double3(0.128932083333,0.744135000000,0.142524000000),
double3(0.204483916667,0.745907500000,0.169544000000),
double3(0.108979666667,0.508481065000,0.145502000000),
double3(0.051710083333,0.579458335000,0.023739000000),
double3(0.058009500000,0.656009415000,0.016388915000),
double3(0.062029333333,0.562416150000,0.115637000000),
double3(0.165070583333,0.813389000000,0.067330000000),
double3(0.214171000000,0.934560000000,0.064314000000),
double3(0.116341000000,0.503426265000,0.987297100000),
double3(0.112085750000,0.617628250000,0.921761025000),
double3(0.143945333333,0.579495875000,0.805494000000),
double3(0.116234000000,0.658955000000,0.803305000000),
double3(0.132052666667,0.575582050000,0.849889000000),
double3(0.106803416667,0.657649750000,0.847271750000),
double3(0.114253750000,0.616207000000,0.872629000000),
double3(0.136203666667,0.621032000000,0.782657000000),
double3(0.069401083333,0.740513500000,0.981060500000),
double3(0.120054166667,0.957423750000,0.982416700000),
double3(0.069043000000,0.790156250000,0.981459750000),
double3(0.221489666667,0.631766750000,0.504179665000),
double3(0.316620823333,0.622906585000,0.512015165000),
double3(0.273209040000,0.626852500000,0.508451000000),
double3(0.182334833333,0.509436830000,0.540375000000),
double3(0.140089166667,0.634798000000,0.597852000000),
double3(0.160267083333,0.667338000000,0.717538000000),
double3(0.126809000000,0.585723775000,0.709153000000),
double3(0.156572666667,0.673733000000,0.672125000000),
double3(0.125332666667,0.590258250000,0.663870000000),
double3(0.141334666667,0.633775250000,0.644283000000),
double3(0.143998333333,0.623867000000,0.735786000000),
double3(0.030279916667,0.618398750000,0.515897665000),
double3(0.137500416667,0.746395750000,0.531252000000),
double3(0.134550333333,0.792486750000,0.535851250000),
double3(0.150552000000,0.934312000000,0.510755750000),
double3(0.103171833333,0.815896000000,0.508199250000),
double3(0.183616666667,0.959826000000,0.538628000000),
double3(0.130599666667,0.587137835000,0.512782750000),
double3(0.121239583333,0.663630165000,0.506959250000),
double3(0.159017083333,0.549593025000,0.788542000000),
double3(0.108404750000,0.688008250000,0.787083000000),
double3(0.080677083333,0.551706115000,0.969787440000),
double3(0.104114916667,0.910129750000,0.940004900000),
double3(0.014388250000,0.793002000000,0.940753125000),
double3(0.173974583333,0.698148500000,0.550876750000),
double3(0.171360333333,0.694607000000,0.737012000000),
double3(0.111047000000,0.553212825000,0.723532000000),
double3(0.150537416667,0.838176750000,0.578343750000),
double3(0.238818340000,0.956628000000,0.578582000000),
double3(0.137435416667,0.529689750000,0.869573000000),
double3(0.087862250000,0.699838250000,0.863037500000),
double3(0.031685250000,0.711775500000,0.957182850000),
double3(0.144989583333,0.528768975000,0.516584500000),
double3(0.107959083333,0.721443250000,0.502889000000),
double3(0.216399333333,0.537362840000,0.569090250000),
double3(0.165711416667,0.721116000000,0.656030000000),
double3(0.100319500000,0.552794175000,0.638485000000),
double3(0.146424916667,0.885020000000,0.513628000000),
double3(0.107402833333,0.862646000000,0.504599000000),
double3(0.322745566667,0.704147500000,0.974028560000),
double3(0.138352416667,0.590644500000,0.944841240000),
double3(0.172441250000,0.524520500000,0.897812000000),
double3(0.114152750000,0.729008000000,0.888515750000),
double3(0.199782416667,0.670311500000,0.994886200000),
double3(0.082987333333,0.519128950000,0.965107390000),
double3(0.099124166667,0.653928500000,0.944213450000),
double3(0.028427750000,0.716029750000,0.915707990000),
double3(0.050670583333,0.715162000000,0.841387500000),
double3(0.120461583333,0.991688000000,0.848126000000),
double3(0.089085666667,0.935934250000,0.951474200000),
double3(0.038694333333,0.815111000000,0.955289900000),
double3(0.194191000000,0.593729990000,0.503300250000),
double3(0.174560833333,0.728555250000,0.554790000000),
double3(0.210574166667,0.536012950000,0.611614750000),
double3(0.260024876667,0.548439185000,0.555389415000),
double3(0.113593500000,0.663029415000,0.576056500000),
double3(0.151543250000,0.598264550000,0.574632000000),
double3(0.128932083333,0.744135000000,0.642524000000),
double3(0.204483916667,0.745907500000,0.669544000000),
double3(0.108979666667,0.508481065000,0.645502000000),
double3(0.051710083333,0.579458335000,0.523739000000),
double3(0.058009500000,0.656009415000,0.516388915000),
double3(0.062029333333,0.562416150000,0.615637000000),
double3(0.165070583333,0.813389000000,0.567330000000),
double3(0.214171000000,0.934560000000,0.564314000000),
double3(0.449674333333,0.003426265000,0.487297100000),
double3(0.445419083333,0.117628250000,0.421761025000),
double3(0.477278666667,0.079495875000,0.305494000000),
double3(0.449567333333,0.158955000000,0.303305000000),
double3(0.465386000000,0.075582050000,0.349889000000),
double3(0.440136750000,0.157649750000,0.347271750000),
double3(0.447587083333,0.116207000000,0.372629000000),
double3(0.469537000000,0.121032000000,0.282657000000),
double3(0.402734416667,0.240513500000,0.481060500000),
double3(0.453387500000,0.457423750000,0.482416700000),
double3(0.402376333333,0.290156250000,0.481459750000),
double3(0.554823000000,0.131766750000,0.004179665000),
double3(0.649954156667,0.122906585000,0.012015165000),
double3(0.606542373333,0.126852500000,0.008451000000),
double3(0.515668166667,0.009436830000,0.040375000000),
double3(0.473422500000,0.134798000000,0.097852000000),
double3(0.493600416667,0.167338000000,0.217538000000),
double3(0.460142333333,0.085723775000,0.209153000000),
double3(0.489906000000,0.173733000000,0.172125000000),
double3(0.458666000000,0.090258250000,0.163870000000),
double3(0.474668000000,0.133775250000,0.144283000000),
double3(0.477331666667,0.123867000000,0.235786000000),
double3(0.363613250000,0.118398750000,0.015897665000),
double3(0.470833750000,0.246395750000,0.031252000000),
double3(0.467883666667,0.292486750000,0.035851250000),
double3(0.483885333333,0.434312000000,0.010755750000),
double3(0.436505166667,0.315896000000,0.008199250000),
double3(0.516950000000,0.459826000000,0.038628000000),
double3(0.463933000000,0.087137835000,0.012782750000),
double3(0.454572916667,0.163630165000,0.006959250000),
double3(0.492350416667,0.049593025000,0.288542000000),
double3(0.441738083333,0.188008250000,0.287083000000),
double3(0.414010416667,0.051706115000,0.469787440000),
double3(0.437448250000,0.410129750000,0.440004900000),
double3(0.347721583333,0.293002000000,0.440753125000),
double3(0.507307916667,0.198148500000,0.050876750000),
double3(0.504693666667,0.194607000000,0.237012000000),
double3(0.444380333333,0.053212825000,0.223532000000),
double3(0.483870750000,0.338176750000,0.078343750000),
double3(0.572151673333,0.456628000000,0.078582000000),
double3(0.470768750000,0.029689750000,0.369573000000),
double3(0.421195583333,0.199838250000,0.363037500000),
double3(0.365018583333,0.211775500000,0.457182850000),
double3(0.478322916667,0.028768975000,0.016584500000),
double3(0.441292416667,0.221443250000,0.002889000000),
double3(0.549732666667,0.037362840000,0.069090250000),
double3(0.499044750000,0.221116000000,0.156030000000),
double3(0.433652833333,0.052794175000,0.138485000000),
double3(0.479758250000,0.385020000000,0.013628000000),
double3(0.440736166667,0.362646000000,0.004599000000),
double3(0.656078900000,0.204147500000,0.474028560000),
double3(0.471685750000,0.090644500000,0.444841240000),
double3(0.505774583333,0.024520500000,0.397812000000),
double3(0.447486083333,0.229008000000,0.388515750000),
double3(0.533115750000,0.170311500000,0.494886200000),
double3(0.416320666667,0.019128950000,0.465107390000),
double3(0.432457500000,0.153928500000,0.444213450000),
double3(0.361761083333,0.216029750000,0.415707990000),
double3(0.384003916667,0.215162000000,0.341387500000),
double3(0.453794916667,0.491688000000,0.348126000000),
double3(0.422419000000,0.435934250000,0.451474200000),
double3(0.372027666667,0.315111000000,0.455289900000),
double3(0.527524333333,0.093729990000,0.003300250000),
double3(0.507894166667,0.228555250000,0.054790000000),
double3(0.543907500000,0.036012950000,0.111614750000),
double3(0.593358210000,0.048439185000,0.055389415000),
double3(0.446926833333,0.163029415000,0.076056500000),
double3(0.484876583333,0.098264550000,0.074632000000),
double3(0.462265416667,0.244135000000,0.142524000000),
double3(0.537817250000,0.245907500000,0.169544000000),
double3(0.442313000000,0.008481065000,0.145502000000),
double3(0.385043416667,0.079458335000,0.023739000000),
double3(0.391342833333,0.156009415000,0.016388915000),
double3(0.395362666667,0.062416150000,0.115637000000),
double3(0.498403916667,0.313389000000,0.067330000000),
double3(0.547504333333,0.434560000000,0.064314000000),
double3(0.449674333333,0.003426265000,0.987297100000),
double3(0.445419083333,0.117628250000,0.921761025000),
double3(0.477278666667,0.079495875000,0.805494000000),
double3(0.449567333333,0.158955000000,0.803305000000),
double3(0.465386000000,0.075582050000,0.849889000000),
double3(0.440136750000,0.157649750000,0.847271750000),
double3(0.447587083333,0.116207000000,0.872629000000),
double3(0.469537000000,0.121032000000,0.782657000000),
double3(0.402734416667,0.240513500000,0.981060500000),
double3(0.453387500000,0.457423750000,0.982416700000),
double3(0.402376333333,0.290156250000,0.981459750000),
double3(0.554823000000,0.131766750000,0.504179665000),
double3(0.649954156667,0.122906585000,0.512015165000),
double3(0.606542373333,0.126852500000,0.508451000000),
double3(0.515668166667,0.009436830000,0.540375000000),
double3(0.473422500000,0.134798000000,0.597852000000),
double3(0.493600416667,0.167338000000,0.717538000000),
double3(0.460142333333,0.085723775000,0.709153000000),
double3(0.489906000000,0.173733000000,0.672125000000),
double3(0.458666000000,0.090258250000,0.663870000000),
double3(0.474668000000,0.133775250000,0.644283000000),
double3(0.477331666667,0.123867000000,0.735786000000),
double3(0.363613250000,0.118398750000,0.515897665000),
double3(0.470833750000,0.246395750000,0.531252000000),
double3(0.467883666667,0.292486750000,0.535851250000),
double3(0.483885333333,0.434312000000,0.510755750000),
double3(0.436505166667,0.315896000000,0.508199250000),
double3(0.516950000000,0.459826000000,0.538628000000),
double3(0.463933000000,0.087137835000,0.512782750000),
double3(0.454572916667,0.163630165000,0.506959250000),
double3(0.492350416667,0.049593025000,0.788542000000),
double3(0.441738083333,0.188008250000,0.787083000000),
double3(0.414010416667,0.051706115000,0.969787440000),
double3(0.437448250000,0.410129750000,0.940004900000),
double3(0.347721583333,0.293002000000,0.940753125000),
double3(0.507307916667,0.198148500000,0.550876750000),
double3(0.504693666667,0.194607000000,0.737012000000),
double3(0.444380333333,0.053212825000,0.723532000000),
double3(0.483870750000,0.338176750000,0.578343750000),
double3(0.572151673333,0.456628000000,0.578582000000),
double3(0.470768750000,0.029689750000,0.869573000000),
double3(0.421195583333,0.199838250000,0.863037500000),
double3(0.365018583333,0.211775500000,0.957182850000),
double3(0.478322916667,0.028768975000,0.516584500000),
double3(0.441292416667,0.221443250000,0.502889000000),
double3(0.549732666667,0.037362840000,0.569090250000),
double3(0.499044750000,0.221116000000,0.656030000000),
double3(0.433652833333,0.052794175000,0.638485000000),
double3(0.479758250000,0.385020000000,0.513628000000),
double3(0.440736166667,0.362646000000,0.504599000000),
double3(0.656078900000,0.204147500000,0.974028560000),
double3(0.471685750000,0.090644500000,0.944841240000),
double3(0.505774583333,0.024520500000,0.897812000000),
double3(0.447486083333,0.229008000000,0.888515750000),
double3(0.533115750000,0.170311500000,0.994886200000),
double3(0.416320666667,0.019128950000,0.965107390000),
double3(0.432457500000,0.153928500000,0.944213450000),
double3(0.361761083333,0.216029750000,0.915707990000),
double3(0.384003916667,0.215162000000,0.841387500000),
double3(0.453794916667,0.491688000000,0.848126000000),
double3(0.422419000000,0.435934250000,0.951474200000),
double3(0.372027666667,0.315111000000,0.955289900000),
double3(0.527524333333,0.093729990000,0.503300250000),
double3(0.507894166667,0.228555250000,0.554790000000),
double3(0.543907500000,0.036012950000,0.611614750000),
double3(0.593358210000,0.048439185000,0.555389415000),
double3(0.446926833333,0.163029415000,0.576056500000),
double3(0.484876583333,0.098264550000,0.574632000000),
double3(0.462265416667,0.244135000000,0.642524000000),
double3(0.537817250000,0.245907500000,0.669544000000),
double3(0.442313000000,0.008481065000,0.645502000000),
double3(0.385043416667,0.079458335000,0.523739000000),
double3(0.391342833333,0.156009415000,0.516388915000),
double3(0.395362666667,0.062416150000,0.615637000000),
double3(0.498403916667,0.313389000000,0.567330000000),
double3(0.547504333333,0.434560000000,0.564314000000),
double3(0.449674333333,0.503426265000,0.487297100000),
double3(0.445419083333,0.617628250000,0.421761025000),
double3(0.477278666667,0.579495875000,0.305494000000),
double3(0.449567333333,0.658955000000,0.303305000000),
double3(0.465386000000,0.575582050000,0.349889000000),
double3(0.440136750000,0.657649750000,0.347271750000),
double3(0.447587083333,0.616207000000,0.372629000000),
double3(0.469537000000,0.621032000000,0.282657000000),
double3(0.402734416667,0.740513500000,0.481060500000),
double3(0.453387500000,0.957423750000,0.482416700000),
double3(0.402376333333,0.790156250000,0.481459750000),
double3(0.554823000000,0.631766750000,0.004179665000),
double3(0.649954156667,0.622906585000,0.012015165000),
double3(0.606542373333,0.626852500000,0.008451000000),
double3(0.515668166667,0.509436830000,0.040375000000),
double3(0.473422500000,0.634798000000,0.097852000000),
double3(0.493600416667,0.667338000000,0.217538000000),
double3(0.460142333333,0.585723775000,0.209153000000),
double3(0.489906000000,0.673733000000,0.172125000000),
double3(0.458666000000,0.590258250000,0.163870000000),
double3(0.474668000000,0.633775250000,0.144283000000),
double3(0.477331666667,0.623867000000,0.235786000000),
double3(0.363613250000,0.618398750000,0.015897665000),
double3(0.470833750000,0.746395750000,0.031252000000),
double3(0.467883666667,0.792486750000,0.035851250000),
double3(0.483885333333,0.934312000000,0.010755750000),
double3(0.436505166667,0.815896000000,0.008199250000),
double3(0.516950000000,0.959826000000,0.038628000000),
double3(0.463933000000,0.587137835000,0.012782750000),
double3(0.454572916667,0.663630165000,0.006959250000),
double3(0.492350416667,0.549593025000,0.288542000000),
double3(0.441738083333,0.688008250000,0.287083000000),
double3(0.414010416667,0.551706115000,0.469787440000),
double3(0.437448250000,0.910129750000,0.440004900000),
double3(0.347721583333,0.793002000000,0.440753125000),
double3(0.507307916667,0.698148500000,0.050876750000),
double3(0.504693666667,0.694607000000,0.237012000000),
double3(0.444380333333,0.553212825000,0.223532000000),
double3(0.483870750000,0.838176750000,0.078343750000),
double3(0.572151673333,0.956628000000,0.078582000000),
double3(0.470768750000,0.529689750000,0.369573000000),
double3(0.421195583333,0.699838250000,0.363037500000),
double3(0.365018583333,0.711775500000,0.457182850000),
double3(0.478322916667,0.528768975000,0.016584500000),
double3(0.441292416667,0.721443250000,0.002889000000),
double3(0.549732666667,0.537362840000,0.069090250000),
double3(0.499044750000,0.721116000000,0.156030000000),
double3(0.433652833333,0.552794175000,0.138485000000),
double3(0.479758250000,0.885020000000,0.013628000000),
double3(0.440736166667,0.862646000000,0.004599000000),
double3(0.656078900000,0.704147500000,0.474028560000),
double3(0.471685750000,0.590644500000,0.444841240000),
double3(0.505774583333,0.524520500000,0.397812000000),
double3(0.447486083333,0.729008000000,0.388515750000),
double3(0.533115750000,0.670311500000,0.494886200000),
double3(0.416320666667,0.519128950000,0.465107390000),
double3(0.432457500000,0.653928500000,0.444213450000),
double3(0.361761083333,0.716029750000,0.415707990000),
double3(0.384003916667,0.715162000000,0.341387500000),
double3(0.453794916667,0.991688000000,0.348126000000),
double3(0.422419000000,0.935934250000,0.451474200000),
double3(0.372027666667,0.815111000000,0.455289900000),
double3(0.527524333333,0.593729990000,0.003300250000),
double3(0.507894166667,0.728555250000,0.054790000000),
double3(0.543907500000,0.536012950000,0.111614750000),
double3(0.593358210000,0.548439185000,0.055389415000),
double3(0.446926833333,0.663029415000,0.076056500000),
double3(0.484876583333,0.598264550000,0.074632000000),
double3(0.462265416667,0.744135000000,0.142524000000),
double3(0.537817250000,0.745907500000,0.169544000000),
double3(0.442313000000,0.508481065000,0.145502000000),
double3(0.385043416667,0.579458335000,0.023739000000),
double3(0.391342833333,0.656009415000,0.016388915000),
double3(0.395362666667,0.562416150000,0.115637000000),
double3(0.498403916667,0.813389000000,0.067330000000),
double3(0.547504333333,0.934560000000,0.064314000000),
double3(0.449674333333,0.503426265000,0.987297100000),
double3(0.445419083333,0.617628250000,0.921761025000),
double3(0.477278666667,0.579495875000,0.805494000000),
double3(0.449567333333,0.658955000000,0.803305000000),
double3(0.465386000000,0.575582050000,0.849889000000),
double3(0.440136750000,0.657649750000,0.847271750000),
double3(0.447587083333,0.616207000000,0.872629000000),
double3(0.469537000000,0.621032000000,0.782657000000),
double3(0.402734416667,0.740513500000,0.981060500000),
double3(0.453387500000,0.957423750000,0.982416700000),
double3(0.402376333333,0.790156250000,0.981459750000),
double3(0.554823000000,0.631766750000,0.504179665000),
double3(0.649954156667,0.622906585000,0.512015165000),
double3(0.606542373333,0.626852500000,0.508451000000),
double3(0.515668166667,0.509436830000,0.540375000000),
double3(0.473422500000,0.634798000000,0.597852000000),
double3(0.493600416667,0.667338000000,0.717538000000),
double3(0.460142333333,0.585723775000,0.709153000000),
double3(0.489906000000,0.673733000000,0.672125000000),
double3(0.458666000000,0.590258250000,0.663870000000),
double3(0.474668000000,0.633775250000,0.644283000000),
double3(0.477331666667,0.623867000000,0.735786000000),
double3(0.363613250000,0.618398750000,0.515897665000),
double3(0.470833750000,0.746395750000,0.531252000000),
double3(0.467883666667,0.792486750000,0.535851250000),
double3(0.483885333333,0.934312000000,0.510755750000),
double3(0.436505166667,0.815896000000,0.508199250000),
double3(0.516950000000,0.959826000000,0.538628000000),
double3(0.463933000000,0.587137835000,0.512782750000),
double3(0.454572916667,0.663630165000,0.506959250000),
double3(0.492350416667,0.549593025000,0.788542000000),
double3(0.441738083333,0.688008250000,0.787083000000),
double3(0.414010416667,0.551706115000,0.969787440000),
double3(0.437448250000,0.910129750000,0.940004900000),
double3(0.347721583333,0.793002000000,0.940753125000),
double3(0.507307916667,0.698148500000,0.550876750000),
double3(0.504693666667,0.694607000000,0.737012000000),
double3(0.444380333333,0.553212825000,0.723532000000),
double3(0.483870750000,0.838176750000,0.578343750000),
double3(0.572151673333,0.956628000000,0.578582000000),
double3(0.470768750000,0.529689750000,0.869573000000),
double3(0.421195583333,0.699838250000,0.863037500000),
double3(0.365018583333,0.711775500000,0.957182850000),
double3(0.478322916667,0.528768975000,0.516584500000),
double3(0.441292416667,0.721443250000,0.502889000000),
double3(0.549732666667,0.537362840000,0.569090250000),
double3(0.499044750000,0.721116000000,0.656030000000),
double3(0.433652833333,0.552794175000,0.638485000000),
double3(0.479758250000,0.885020000000,0.513628000000),
double3(0.440736166667,0.862646000000,0.504599000000),
double3(0.656078900000,0.704147500000,0.974028560000),
double3(0.471685750000,0.590644500000,0.944841240000),
double3(0.505774583333,0.524520500000,0.897812000000),
double3(0.447486083333,0.729008000000,0.888515750000),
double3(0.533115750000,0.670311500000,0.994886200000),
double3(0.416320666667,0.519128950000,0.965107390000),
double3(0.432457500000,0.653928500000,0.944213450000),
double3(0.361761083333,0.716029750000,0.915707990000),
double3(0.384003916667,0.715162000000,0.841387500000),
double3(0.453794916667,0.991688000000,0.848126000000),
double3(0.422419000000,0.935934250000,0.951474200000),
double3(0.372027666667,0.815111000000,0.955289900000),
double3(0.527524333333,0.593729990000,0.503300250000),
double3(0.507894166667,0.728555250000,0.554790000000),
double3(0.543907500000,0.536012950000,0.611614750000),
double3(0.593358210000,0.548439185000,0.555389415000),
double3(0.446926833333,0.663029415000,0.576056500000),
double3(0.484876583333,0.598264550000,0.574632000000),
double3(0.462265416667,0.744135000000,0.642524000000),
double3(0.537817250000,0.745907500000,0.669544000000),
double3(0.442313000000,0.508481065000,0.645502000000),
double3(0.385043416667,0.579458335000,0.523739000000),
double3(0.391342833333,0.656009415000,0.516388915000),
double3(0.395362666667,0.562416150000,0.615637000000),
double3(0.498403916667,0.813389000000,0.567330000000),
double3(0.547504333333,0.934560000000,0.564314000000),
double3(0.783007666667,0.003426265000,0.487297100000),
double3(0.778752416667,0.117628250000,0.421761025000),
double3(0.810612000000,0.079495875000,0.305494000000),
double3(0.782900666667,0.158955000000,0.303305000000),
double3(0.798719333333,0.075582050000,0.349889000000),
double3(0.773470083333,0.157649750000,0.347271750000),
double3(0.780920416667,0.116207000000,0.372629000000),
double3(0.802870333333,0.121032000000,0.282657000000),
double3(0.736067750000,0.240513500000,0.481060500000),
double3(0.786720833333,0.457423750000,0.482416700000),
double3(0.735709666667,0.290156250000,0.481459750000),
double3(0.888156333333,0.131766750000,0.004179665000),
double3(0.983287490000,0.122906585000,0.012015165000),
double3(0.939875706667,0.126852500000,0.008451000000),
double3(0.849001500000,0.009436830000,0.040375000000),
double3(0.806755833333,0.134798000000,0.097852000000),
double3(0.826933750000,0.167338000000,0.217538000000),
double3(0.793475666667,0.085723775000,0.209153000000),
double3(0.823239333333,0.173733000000,0.172125000000),
double3(0.791999333333,0.090258250000,0.163870000000),
double3(0.808001333333,0.133775250000,0.144283000000),
double3(0.810665000000,0.123867000000,0.235786000000),
double3(0.696946583333,0.118398750000,0.015897665000),
double3(0.804167083333,0.246395750000,0.031252000000),
double3(0.801217000000,0.292486750000,0.035851250000),
double3(0.817218666667,0.434312000000,0.010755750000),
double3(0.769838500000,0.315896000000,0.008199250000),
double3(0.850283333333,0.459826000000,0.038628000000),
double3(0.797266333333,0.087137835000,0.012782750000),
double3(0.787906250000,0.163630165000,0.006959250000),
double3(0.825683750000,0.049593025000,0.288542000000),
double3(0.775071416667,0.188008250000,0.287083000000),
double3(0.747343750000,0.051706115000,0.469787440000),
double3(0.770781583333,0.410129750000,0.440004900000),
double3(0.681054916667,0.293002000000,0.440753125000),
double3(0.840641250000,0.198148500000,0.050876750000),
double3(0.838027000000,0.194607000000,0.237012000000),
double3(0.777713666667,0.053212825000,0.223532000000),
double3(0.817204083333,0.338176750000,0.078343750000),
double3(0.905485006667,0.456628000000,0.078582000000),
double3(0.804102083333,0.029689750000,0.369573000000),
double3(0.754528916667,0.199838250000,0.363037500000),
double3(0.698351916667,0.211775500000,0.457182850000),
double3(0.811656250000,0.028768975000,0.016584500000),
double3(0.774625750000,0.221443250000,0.002889000000),
double3(0.883066000000,0.037362840000,0.069090250000),
double3(0.832378083333,0.221116000000,0.156030000000),
double3(0.766986166667,0.052794175000,0.138485000000),
double3(0.813091583333,0.385020000000,0.013628000000),
double3(0.774069500000,0.362646000000,0.004599000000),
double3(0.989412233333,0.204147500000,0.474028560000),
double3(0.805019083333,0.090644500000,0.444841240000),
double3(0.839107916667,0.024520500000,0.397812000000),
double3(0.780819416667,0.229008000000,0.388515750000),
double3(0.866449083333,0.170311500000,0.494886200000),
double3(0.749654000000,0.019128950000,0.465107390000),
double3(0.765790833333,0.153928500000,0.444213450000),
double3(0.695094416667,0.216029750000,0.415707990000),
double3(0.717337250000,0.215162000000,0.341387500000),
double3(0.787128250000,0.491688000000,0.348126000000),
double3(0.755752333333,0.435934250000,0.451474200000),
double3(0.705361000000,0.315111000000,0.455289900000),
double3(0.860857666667,0.093729990000,0.003300250000),
double3(0.841227500000,0.228555250000,0.054790000000),
double3(0.877240833333,0.036012950000,0.111614750000),
double3(0.926691543333,0.048439185000,0.055389415000),
double3(0.780260166667,0.163029415000,0.076056500000),
double3(0.818209916667,0.098264550000,0.074632000000),
double3(0.795598750000,0.244135000000,0.142524000000),
double3(0.871150583333,0.245907500000,0.169544000000),
double3(0.775646333333,0.008481065000,0.145502000000),
double3(0.718376750000,0.079458335000,0.023739000000),
double3(0.724676166667,0.156009415000,0.016388915000),
double3(0.728696000000,0.062416150000,0.115637000000),
double3(0.831737250000,0.313389000000,0.067330000000),
double3(0.880837666667,0.434560000000,0.064314000000),
double3(0.783007666667,0.003426265000,0.987297100000),
double3(0.778752416667,0.117628250000,0.921761025000),
double3(0.810612000000,0.079495875000,0.805494000000),
double3(0.782900666667,0.158955000000,0.803305000000),
double3(0.798719333333,0.075582050000,0.849889000000),
double3(0.773470083333,0.157649750000,0.847271750000),
double3(0.780920416667,0.116207000000,0.872629000000),
double3(0.802870333333,0.121032000000,0.782657000000),
double3(0.736067750000,0.240513500000,0.981060500000),
double3(0.786720833333,0.457423750000,0.982416700000),
double3(0.735709666667,0.290156250000,0.981459750000),
double3(0.888156333333,0.131766750000,0.504179665000),
double3(0.983287490000,0.122906585000,0.512015165000),
double3(0.939875706667,0.126852500000,0.508451000000),
double3(0.849001500000,0.009436830000,0.540375000000),
double3(0.806755833333,0.134798000000,0.597852000000),
double3(0.826933750000,0.167338000000,0.717538000000),
double3(0.793475666667,0.085723775000,0.709153000000),
double3(0.823239333333,0.173733000000,0.672125000000),
double3(0.791999333333,0.090258250000,0.663870000000),
double3(0.808001333333,0.133775250000,0.644283000000),
double3(0.810665000000,0.123867000000,0.735786000000),
double3(0.696946583333,0.118398750000,0.515897665000),
double3(0.804167083333,0.246395750000,0.531252000000),
double3(0.801217000000,0.292486750000,0.535851250000),
double3(0.817218666667,0.434312000000,0.510755750000),
double3(0.769838500000,0.315896000000,0.508199250000),
double3(0.850283333333,0.459826000000,0.538628000000),
double3(0.797266333333,0.087137835000,0.512782750000),
double3(0.787906250000,0.163630165000,0.506959250000),
double3(0.825683750000,0.049593025000,0.788542000000),
double3(0.775071416667,0.188008250000,0.787083000000),
double3(0.747343750000,0.051706115000,0.969787440000),
double3(0.770781583333,0.410129750000,0.940004900000),
double3(0.681054916667,0.293002000000,0.940753125000),
double3(0.840641250000,0.198148500000,0.550876750000),
double3(0.838027000000,0.194607000000,0.737012000000),
double3(0.777713666667,0.053212825000,0.723532000000),
double3(0.817204083333,0.338176750000,0.578343750000),
double3(0.905485006667,0.456628000000,0.578582000000),
double3(0.804102083333,0.029689750000,0.869573000000),
double3(0.754528916667,0.199838250000,0.863037500000),
double3(0.698351916667,0.211775500000,0.957182850000),
double3(0.811656250000,0.028768975000,0.516584500000),
double3(0.774625750000,0.221443250000,0.502889000000),
double3(0.883066000000,0.037362840000,0.569090250000),
double3(0.832378083333,0.221116000000,0.656030000000),
double3(0.766986166667,0.052794175000,0.638485000000),
double3(0.813091583333,0.385020000000,0.513628000000),
double3(0.774069500000,0.362646000000,0.504599000000),
double3(0.989412233333,0.204147500000,0.974028560000),
double3(0.805019083333,0.090644500000,0.944841240000),
double3(0.839107916667,0.024520500000,0.897812000000),
double3(0.780819416667,0.229008000000,0.888515750000),
double3(0.866449083333,0.170311500000,0.994886200000),
double3(0.749654000000,0.019128950000,0.965107390000),
double3(0.765790833333,0.153928500000,0.944213450000),
double3(0.695094416667,0.216029750000,0.915707990000),
double3(0.717337250000,0.215162000000,0.841387500000),
double3(0.787128250000,0.491688000000,0.848126000000),
double3(0.755752333333,0.435934250000,0.951474200000),
double3(0.705361000000,0.315111000000,0.955289900000),
double3(0.860857666667,0.093729990000,0.503300250000),
double3(0.841227500000,0.228555250000,0.554790000000),
double3(0.877240833333,0.036012950000,0.611614750000),
double3(0.926691543333,0.048439185000,0.555389415000),
double3(0.780260166667,0.163029415000,0.576056500000),
double3(0.818209916667,0.098264550000,0.574632000000),
double3(0.795598750000,0.244135000000,0.642524000000),
double3(0.871150583333,0.245907500000,0.669544000000),
double3(0.775646333333,0.008481065000,0.645502000000),
double3(0.718376750000,0.079458335000,0.523739000000),
double3(0.724676166667,0.156009415000,0.516388915000),
double3(0.728696000000,0.062416150000,0.615637000000),
double3(0.831737250000,0.313389000000,0.567330000000),
double3(0.880837666667,0.434560000000,0.564314000000),
double3(0.783007666667,0.503426265000,0.487297100000),
double3(0.778752416667,0.617628250000,0.421761025000),
double3(0.810612000000,0.579495875000,0.305494000000),
double3(0.782900666667,0.658955000000,0.303305000000),
double3(0.798719333333,0.575582050000,0.349889000000),
double3(0.773470083333,0.657649750000,0.347271750000),
double3(0.780920416667,0.616207000000,0.372629000000),
double3(0.802870333333,0.621032000000,0.282657000000),
double3(0.736067750000,0.740513500000,0.481060500000),
double3(0.786720833333,0.957423750000,0.482416700000),
double3(0.735709666667,0.790156250000,0.481459750000),
double3(0.888156333333,0.631766750000,0.004179665000),
double3(0.983287490000,0.622906585000,0.012015165000),
double3(0.939875706667,0.626852500000,0.008451000000),
double3(0.849001500000,0.509436830000,0.040375000000),
double3(0.806755833333,0.634798000000,0.097852000000),
double3(0.826933750000,0.667338000000,0.217538000000),
double3(0.793475666667,0.585723775000,0.209153000000),
double3(0.823239333333,0.673733000000,0.172125000000),
double3(0.791999333333,0.590258250000,0.163870000000),
double3(0.808001333333,0.633775250000,0.144283000000),
double3(0.810665000000,0.623867000000,0.235786000000),
double3(0.696946583333,0.618398750000,0.015897665000),
double3(0.804167083333,0.746395750000,0.031252000000),
double3(0.801217000000,0.792486750000,0.035851250000),
double3(0.817218666667,0.934312000000,0.010755750000),
double3(0.769838500000,0.815896000000,0.008199250000),
double3(0.850283333333,0.959826000000,0.038628000000),
double3(0.797266333333,0.587137835000,0.012782750000),
double3(0.787906250000,0.663630165000,0.006959250000),
double3(0.825683750000,0.549593025000,0.288542000000),
double3(0.775071416667,0.688008250000,0.287083000000),
double3(0.747343750000,0.551706115000,0.469787440000),
double3(0.770781583333,0.910129750000,0.440004900000),
double3(0.681054916667,0.793002000000,0.440753125000),
double3(0.840641250000,0.698148500000,0.050876750000),
double3(0.838027000000,0.694607000000,0.237012000000),
double3(0.777713666667,0.553212825000,0.223532000000),
double3(0.817204083333,0.838176750000,0.078343750000),
double3(0.905485006667,0.956628000000,0.078582000000),
double3(0.804102083333,0.529689750000,0.369573000000),
double3(0.754528916667,0.699838250000,0.363037500000),
double3(0.698351916667,0.711775500000,0.457182850000),
double3(0.811656250000,0.528768975000,0.016584500000),
double3(0.774625750000,0.721443250000,0.002889000000),
double3(0.883066000000,0.537362840000,0.069090250000),
double3(0.832378083333,0.721116000000,0.156030000000),
double3(0.766986166667,0.552794175000,0.138485000000),
double3(0.813091583333,0.885020000000,0.013628000000),
double3(0.774069500000,0.862646000000,0.004599000000),
double3(0.989412233333,0.704147500000,0.474028560000),
double3(0.805019083333,0.590644500000,0.444841240000),
double3(0.839107916667,0.524520500000,0.397812000000),
double3(0.780819416667,0.729008000000,0.388515750000),
double3(0.866449083333,0.670311500000,0.494886200000),
double3(0.749654000000,0.519128950000,0.465107390000),
double3(0.765790833333,0.653928500000,0.444213450000),
double3(0.695094416667,0.716029750000,0.415707990000),
double3(0.717337250000,0.715162000000,0.341387500000),
double3(0.787128250000,0.991688000000,0.348126000000),
double3(0.755752333333,0.935934250000,0.451474200000),
double3(0.705361000000,0.815111000000,0.455289900000),
double3(0.860857666667,0.593729990000,0.003300250000),
double3(0.841227500000,0.728555250000,0.054790000000),
double3(0.877240833333,0.536012950000,0.111614750000),
double3(0.926691543333,0.548439185000,0.055389415000),
double3(0.780260166667,0.663029415000,0.076056500000),
double3(0.818209916667,0.598264550000,0.074632000000),
double3(0.795598750000,0.744135000000,0.142524000000),
double3(0.871150583333,0.745907500000,0.169544000000),
double3(0.775646333333,0.508481065000,0.145502000000),
double3(0.718376750000,0.579458335000,0.023739000000),
double3(0.724676166667,0.656009415000,0.016388915000),
double3(0.728696000000,0.562416150000,0.115637000000),
double3(0.831737250000,0.813389000000,0.067330000000),
double3(0.880837666667,0.934560000000,0.064314000000),
double3(0.783007666667,0.503426265000,0.987297100000),
double3(0.778752416667,0.617628250000,0.921761025000),
double3(0.810612000000,0.579495875000,0.805494000000),
double3(0.782900666667,0.658955000000,0.803305000000),
double3(0.798719333333,0.575582050000,0.849889000000),
double3(0.773470083333,0.657649750000,0.847271750000),
double3(0.780920416667,0.616207000000,0.872629000000),
double3(0.802870333333,0.621032000000,0.782657000000),
double3(0.736067750000,0.740513500000,0.981060500000),
double3(0.786720833333,0.957423750000,0.982416700000),
double3(0.735709666667,0.790156250000,0.981459750000),
double3(0.888156333333,0.631766750000,0.504179665000),
double3(0.983287490000,0.622906585000,0.512015165000),
double3(0.939875706667,0.626852500000,0.508451000000),
double3(0.849001500000,0.509436830000,0.540375000000),
double3(0.806755833333,0.634798000000,0.597852000000),
double3(0.826933750000,0.667338000000,0.717538000000),
double3(0.793475666667,0.585723775000,0.709153000000),
double3(0.823239333333,0.673733000000,0.672125000000),
double3(0.791999333333,0.590258250000,0.663870000000),
double3(0.808001333333,0.633775250000,0.644283000000),
double3(0.810665000000,0.623867000000,0.735786000000),
double3(0.696946583333,0.618398750000,0.515897665000),
double3(0.804167083333,0.746395750000,0.531252000000),
double3(0.801217000000,0.792486750000,0.535851250000),
double3(0.817218666667,0.934312000000,0.510755750000),
double3(0.769838500000,0.815896000000,0.508199250000),
double3(0.850283333333,0.959826000000,0.538628000000),
double3(0.797266333333,0.587137835000,0.512782750000),
double3(0.787906250000,0.663630165000,0.506959250000),
double3(0.825683750000,0.549593025000,0.788542000000),
double3(0.775071416667,0.688008250000,0.787083000000),
double3(0.747343750000,0.551706115000,0.969787440000),
double3(0.770781583333,0.910129750000,0.940004900000),
double3(0.681054916667,0.793002000000,0.940753125000),
double3(0.840641250000,0.698148500000,0.550876750000),
double3(0.838027000000,0.694607000000,0.737012000000),
double3(0.777713666667,0.553212825000,0.723532000000),
double3(0.817204083333,0.838176750000,0.578343750000),
double3(0.905485006667,0.956628000000,0.578582000000),
double3(0.804102083333,0.529689750000,0.869573000000),
double3(0.754528916667,0.699838250000,0.863037500000),
double3(0.698351916667,0.711775500000,0.957182850000),
double3(0.811656250000,0.528768975000,0.516584500000),
double3(0.774625750000,0.721443250000,0.502889000000),
double3(0.883066000000,0.537362840000,0.569090250000),
double3(0.832378083333,0.721116000000,0.656030000000),
double3(0.766986166667,0.552794175000,0.638485000000),
double3(0.813091583333,0.885020000000,0.513628000000),
double3(0.774069500000,0.862646000000,0.504599000000),
double3(0.989412233333,0.704147500000,0.974028560000),
double3(0.805019083333,0.590644500000,0.944841240000),
double3(0.839107916667,0.524520500000,0.897812000000),
double3(0.780819416667,0.729008000000,0.888515750000),
double3(0.866449083333,0.670311500000,0.994886200000),
double3(0.749654000000,0.519128950000,0.965107390000),
double3(0.765790833333,0.653928500000,0.944213450000),
double3(0.695094416667,0.716029750000,0.915707990000),
double3(0.717337250000,0.715162000000,0.841387500000),
double3(0.787128250000,0.991688000000,0.848126000000),
double3(0.755752333333,0.935934250000,0.951474200000),
double3(0.705361000000,0.815111000000,0.955289900000),
double3(0.860857666667,0.593729990000,0.503300250000),
double3(0.841227500000,0.728555250000,0.554790000000),
double3(0.877240833333,0.536012950000,0.611614750000),
double3(0.926691543333,0.548439185000,0.555389415000),
double3(0.780260166667,0.663029415000,0.576056500000),
double3(0.818209916667,0.598264550000,0.574632000000),
double3(0.795598750000,0.744135000000,0.642524000000),
double3(0.871150583333,0.745907500000,0.669544000000),
double3(0.775646333333,0.508481065000,0.645502000000),
double3(0.718376750000,0.579458335000,0.523739000000),
double3(0.724676166667,0.656009415000,0.516388915000),
double3(0.728696000000,0.562416150000,0.615637000000),
double3(0.831737250000,0.813389000000,0.567330000000),
double3(0.880837666667,0.934560000000,0.564314000000),
