[double3(10.545060000000,0.000000000000,0.000000000000),double3(-3.119079059841,10.948952105661,0.000000000000),double3(-3.899835611511,-1.363108435577,13.778771275177)]

double3(0.199981113333,0.323065480000,0.050979180000),
double3(0.098246466667,0.311132866667,0.000613115000),
double3(0.216115866667,0.003244560000,0.295326450000),
double3(0.236592166667,0.294302483333,0.157254325000),
double3(0.001105546667,0.272737443333,0.090721920000),
double3(0.080981653333,0.294504980000,0.256483885000),
double3(0.244393333333,0.028700866667,0.379072850000),
double3(0.304779200000,0.046063423333,0.455190850000),
double3(0.057044783333,0.329650083333,0.395927130000),
double3(0.226787786667,0.314064533333,0.221836775000),
double3(0.067256053333,0.310151400000,0.331139700000),
double3(0.057878813333,0.281319033333,0.169563370000),
double3(0.266077833333,0.286371733333,0.062156990000),
double3(0.039915800000,0.020680270000,0.008663070000),
double3(0.278329200000,0.047135830000,0.494123100000),
double3(0.291767033333,0.236487300000,0.008492135000),
double3(0.192895866667,0.135370800000,0.048662050000),
double3(0.105873683333,0.166469773333,0.004887385000),
double3(0.093123106667,0.090156356667,0.492063880000),
double3(0.205310383333,0.211628476667,0.062673635000),
double3(0.246656280000,0.271633586667,0.070211680000),
double3(0.016126793333,0.017435313333,0.432827530000),
double3(0.281597400000,0.282901800000,0.118892855000),
double3(0.275644976667,0.020506780000,0.381717325000),
double3(0.310028466667,0.030125180000,0.425497770000),
double3(0.024029373333,0.000952960000,0.391240030000),
double3(0.324025200000,0.327330233333,0.344095450000),
double3(0.282199046667,0.002799910000,0.341116935000),
double3(0.331220866667,0.314342200000,0.299424350000),
double3(0.296164633333,0.309760650000,0.253647150000),
double3(0.254582500000,0.316884476667,0.254288735000),
double3(0.247949283333,0.329782566667,0.297052025000),
double3(0.039683183333,0.307740210000,0.298588785000),
double3(0.047926983333,0.298668286667,0.255151250000),
double3(0.014507293333,0.294421116667,0.210628120000),
double3(0.304262676667,0.299123983333,0.208655580000),
double3(0.024514833333,0.284764200000,0.168016865000),
double3(0.325279833333,0.279224833333,0.122979415000),
double3(0.270991583333,0.292713933333,0.161700130000),
double3(0.050938686667,0.028675080000,0.482370900000),
double3(0.329699133333,0.302652400000,0.019588185000),
double3(0.291780333333,0.321381590000,0.015374355000),
double3(0.288812066667,0.021573543333,0.483827650000),
double3(0.321721600000,0.259671650000,0.030727030000),
double3(0.154784013333,0.247225666667,0.039301360000),
double3(0.143568233333,0.054458270000,0.015314900000),
double3(0.169797776667,0.208484566667,0.043105735000),
double3(0.128717093333,0.093294850000,0.011295630000),
double3(0.141523233333,0.170077733333,0.024296450000),
double3(0.157175820000,0.131750623333,0.029538630000),
double3(0.035080790000,0.323462366667,0.013510095000),
double3(0.262021620000,0.308755200000,0.039223675000),
double3(0.230269253333,0.232764046667,0.056848095000),
double3(0.238436466667,0.299952433333,0.041525295000),
double3(0.066890120000,0.067590036667,0.496360125000),
double3(0.058666110000,0.000375310000,0.011580885000),
double3(0.298671186667,0.021016956667,0.445670635000),
double3(0.012710333333,0.250374080000,0.066881895000),
double3(0.109138540000,0.240880846667,0.016714440000),
double3(0.188906200000,0.060620960000,0.038804810000),
double3(0.186891233333,0.282581390000,0.065265635000),
double3(0.111153533333,0.018920410000,0.490253600000),
double3(0.199981113333,0.323065480000,0.550979180000),
double3(0.098246466667,0.311132866667,0.500613115000),
double3(0.216115866667,0.003244560000,0.795326450000),
double3(0.236592166667,0.294302483333,0.657254325000),
double3(0.001105546667,0.272737443333,0.590721920000),
double3(0.080981653333,0.294504980000,0.756483885000),
double3(0.244393333333,0.028700866667,0.879072850000),
double3(0.304779200000,0.046063423333,0.955190850000),
double3(0.057044783333,0.329650083333,0.895927130000),
double3(0.226787786667,0.314064533333,0.721836775000),
double3(0.067256053333,0.310151400000,0.831139700000),
double3(0.057878813333,0.281319033333,0.669563370000),
double3(0.266077833333,0.286371733333,0.562156990000),
double3(0.039915800000,0.020680270000,0.508663070000),
double3(0.278329200000,0.047135830000,0.994123100000),
double3(0.291767033333,0.236487300000,0.508492135000),
double3(0.192895866667,0.135370800000,0.548662050000),
double3(0.105873683333,0.166469773333,0.504887385000),
double3(0.093123106667,0.090156356667,0.992063880000),
double3(0.205310383333,0.211628476667,0.562673635000),
double3(0.246656280000,0.271633586667,0.570211680000),
double3(0.016126793333,0.017435313333,0.932827530000),
double3(0.281597400000,0.282901800000,0.618892855000),
double3(0.275644976667,0.020506780000,0.881717325000),
double3(0.310028466667,0.030125180000,0.925497770000),
double3(0.024029373333,0.000952960000,0.891240030000),
double3(0.324025200000,0.327330233333,0.844095450000),
double3(0.282199046667,0.002799910000,0.841116935000),
double3(0.331220866667,0.314342200000,0.799424350000),
double3(0.296164633333,0.309760650000,0.753647150000),
double3(0.254582500000,0.316884476667,0.754288735000),
double3(0.247949283333,0.329782566667,0.797052025000),
double3(0.039683183333,0.307740210000,0.798588785000),
double3(0.047926983333,0.298668286667,0.755151250000),
double3(0.014507293333,0.294421116667,0.710628120000),
double3(0.304262676667,0.299123983333,0.708655580000),
double3(0.024514833333,0.284764200000,0.668016865000),
double3(0.325279833333,0.279224833333,0.622979415000),
double3(0.270991583333,0.292713933333,0.661700130000),
double3(0.050938686667,0.028675080000,0.982370900000),
double3(0.329699133333,0.302652400000,0.519588185000),
double3(0.291780333333,0.321381590000,0.515374355000),
double3(0.288812066667,0.021573543333,0.983827650000),
double3(0.321721600000,0.259671650000,0.530727030000),
double3(0.154784013333,0.247225666667,0.539301360000),
double3(0.143568233333,0.054458270000,0.515314900000),
double3(0.169797776667,0.208484566667,0.543105735000),
double3(0.128717093333,0.093294850000,0.511295630000),
double3(0.141523233333,0.170077733333,0.524296450000),
double3(0.157175820000,0.131750623333,0.529538630000),
double3(0.035080790000,0.323462366667,0.513510095000),
double3(0.262021620000,0.308755200000,0.539223675000),
double3(0.230269253333,0.232764046667,0.556848095000),
double3(0.238436466667,0.299952433333,0.541525295000),
double3(0.066890120000,0.067590036667,0.996360125000),
double3(0.058666110000,0.000375310000,0.511580885000),
double3(0.298671186667,0.021016956667,0.945670635000),
double3(0.012710333333,0.250374080000,0.566881895000),
double3(0.109138540000,0.240880846667,0.516714440000),
double3(0.188906200000,0.060620960000,0.538804810000),
double3(0.186891233333,0.282581390000,0.565265635000),
double3(0.111153533333,0.018920410000,0.990253600000),
double3(0.199981113333,0.656398813333,0.050979180000),
double3(0.098246466667,0.644466200000,0.000613115000),
double3(0.216115866667,0.336577893333,0.295326450000),
double3(0.236592166667,0.627635816667,0.157254325000),
double3(0.001105546667,0.606070776667,0.090721920000),
double3(0.080981653333,0.627838313333,0.256483885000),
double3(0.244393333333,0.362034200000,0.379072850000),
double3(0.304779200000,0.379396756667,0.455190850000),
double3(0.057044783333,0.662983416667,0.395927130000),
double3(0.226787786667,0.647397866667,0.221836775000),
double3(0.067256053333,0.643484733333,0.331139700000),
double3(0.057878813333,0.614652366667,0.169563370000),
double3(0.266077833333,0.619705066667,0.062156990000),
double3(0.039915800000,0.354013603333,0.008663070000),
double3(0.278329200000,0.380469163333,0.494123100000),
double3(0.291767033333,0.569820633333,0.008492135000),
double3(0.192895866667,0.468704133333,0.048662050000),
double3(0.105873683333,0.499803106667,0.004887385000),
double3(0.093123106667,0.423489690000,0.492063880000),
double3(0.205310383333,0.544961810000,0.062673635000),
double3(0.246656280000,0.604966920000,0.070211680000),
double3(0.016126793333,0.350768646667,0.432827530000),
double3(0.281597400000,0.616235133333,0.118892855000),
double3(0.275644976667,0.353840113333,0.381717325000),
double3(0.310028466667,0.363458513333,0.425497770000),
double3(0.024029373333,0.334286293333,0.391240030000),
double3(0.324025200000,0.660663566667,0.344095450000),
double3(0.282199046667,0.336133243333,0.341116935000),
double3(0.331220866667,0.647675533333,0.299424350000),
double3(0.296164633333,0.643093983333,0.253647150000),
double3(0.254582500000,0.650217810000,0.254288735000),
double3(0.247949283333,0.663115900000,0.297052025000),
double3(0.039683183333,0.641073543333,0.298588785000),
double3(0.047926983333,0.632001620000,0.255151250000),
double3(0.014507293333,0.627754450000,0.210628120000),
double3(0.304262676667,0.632457316667,0.208655580000),
double3(0.024514833333,0.618097533333,0.168016865000),
double3(0.325279833333,0.612558166667,0.122979415000),
double3(0.270991583333,0.626047266667,0.161700130000),
double3(0.050938686667,0.362008413333,0.482370900000),
double3(0.329699133333,0.635985733333,0.019588185000),
double3(0.291780333333,0.654714923333,0.015374355000),
double3(0.288812066667,0.354906876667,0.483827650000),
double3(0.321721600000,0.593004983333,0.030727030000),
double3(0.154784013333,0.580559000000,0.039301360000),
double3(0.143568233333,0.387791603333,0.015314900000),
double3(0.169797776667,0.541817900000,0.043105735000),
double3(0.128717093333,0.426628183333,0.011295630000),
double3(0.141523233333,0.503411066667,0.024296450000),
double3(0.157175820000,0.465083956667,0.029538630000),
double3(0.035080790000,0.656795700000,0.013510095000),
double3(0.262021620000,0.642088533333,0.039223675000),
double3(0.230269253333,0.566097380000,0.056848095000),
double3(0.238436466667,0.633285766667,0.041525295000),
double3(0.066890120000,0.400923370000,0.496360125000),
double3(0.058666110000,0.333708643333,0.011580885000),
double3(0.298671186667,0.354350290000,0.445670635000),
double3(0.012710333333,0.583707413333,0.066881895000),
double3(0.109138540000,0.574214180000,0.016714440000),
double3(0.188906200000,0.393954293333,0.038804810000),
double3(0.186891233333,0.615914723333,0.065265635000),
double3(0.111153533333,0.352253743333,0.490253600000),
double3(0.199981113333,0.656398813333,0.550979180000),
double3(0.098246466667,0.644466200000,0.500613115000),
double3(0.216115866667,0.336577893333,0.795326450000),
double3(0.236592166667,0.627635816667,0.657254325000),
double3(0.001105546667,0.606070776667,0.590721920000),
double3(0.080981653333,0.627838313333,0.756483885000),
double3(0.244393333333,0.362034200000,0.879072850000),
double3(0.304779200000,0.379396756667,0.955190850000),
double3(0.057044783333,0.662983416667,0.895927130000),
double3(0.226787786667,0.647397866667,0.721836775000),
double3(0.067256053333,0.643484733333,0.831139700000),
double3(0.057878813333,0.614652366667,0.669563370000),
double3(0.266077833333,0.619705066667,0.562156990000),
double3(0.039915800000,0.354013603333,0.508663070000),
double3(0.278329200000,0.380469163333,0.994123100000),
double3(0.291767033333,0.569820633333,0.508492135000),
double3(0.192895866667,0.468704133333,0.548662050000),
double3(0.105873683333,0.499803106667,0.504887385000),
double3(0.093123106667,0.423489690000,0.992063880000),
double3(0.205310383333,0.544961810000,0.562673635000),
double3(0.246656280000,0.604966920000,0.570211680000),
double3(0.016126793333,0.350768646667,0.932827530000),
double3(0.281597400000,0.616235133333,0.618892855000),
double3(0.275644976667,0.353840113333,0.881717325000),
double3(0.310028466667,0.363458513333,0.925497770000),
double3(0.024029373333,0.334286293333,0.891240030000),
double3(0.324025200000,0.660663566667,0.844095450000),
double3(0.282199046667,0.336133243333,0.841116935000),
double3(0.331220866667,0.647675533333,0.799424350000),
double3(0.296164633333,0.643093983333,0.753647150000),
double3(0.254582500000,0.650217810000,0.754288735000),
double3(0.247949283333,0.663115900000,0.797052025000),
double3(0.039683183333,0.641073543333,0.798588785000),
double3(0.047926983333,0.632001620000,0.755151250000),
double3(0.014507293333,0.627754450000,0.710628120000),
double3(0.304262676667,0.632457316667,0.708655580000),
double3(0.024514833333,0.618097533333,0.668016865000),
double3(0.325279833333,0.612558166667,0.622979415000),
double3(0.270991583333,0.626047266667,0.661700130000),
double3(0.050938686667,0.362008413333,0.982370900000),
double3(0.329699133333,0.635985733333,0.519588185000),
double3(0.291780333333,0.654714923333,0.515374355000),
double3(0.288812066667,0.354906876667,0.983827650000),
double3(0.321721600000,0.593004983333,0.530727030000),
double3(0.154784013333,0.580559000000,0.539301360000),
double3(0.143568233333,0.387791603333,0.515314900000),
double3(0.169797776667,0.541817900000,0.543105735000),
double3(0.128717093333,0.426628183333,0.511295630000),
double3(0.141523233333,0.503411066667,0.524296450000),
double3(0.157175820000,0.465083956667,0.529538630000),
double3(0.035080790000,0.656795700000,0.513510095000),
double3(0.262021620000,0.642088533333,0.539223675000),
double3(0.230269253333,0.566097380000,0.556848095000),
double3(0.238436466667,0.633285766667,0.541525295000),
double3(0.066890120000,0.400923370000,0.996360125000),
double3(0.058666110000,0.333708643333,0.511580885000),
double3(0.298671186667,0.354350290000,0.945670635000),
double3(0.012710333333,0.583707413333,0.566881895000),
double3(0.109138540000,0.574214180000,0.516714440000),
double3(0.188906200000,0.393954293333,0.538804810000),
double3(0.186891233333,0.615914723333,0.565265635000),
double3(0.111153533333,0.352253743333,0.990253600000),
double3(0.199981113333,0.989732146667,0.050979180000),
double3(0.098246466667,0.977799533333,0.000613115000),
double3(0.216115866667,0.669911226667,0.295326450000),
double3(0.236592166667,0.960969150000,0.157254325000),
double3(0.001105546667,0.939404110000,0.090721920000),
double3(0.080981653333,0.961171646667,0.256483885000),
double3(0.244393333333,0.695367533333,0.379072850000),
double3(0.304779200000,0.712730090000,0.455190850000),
double3(0.057044783333,0.996316750000,0.395927130000),
double3(0.226787786667,0.980731200000,0.221836775000),
double3(0.067256053333,0.976818066667,0.331139700000),
double3(0.057878813333,0.947985700000,0.169563370000),
double3(0.266077833333,0.953038400000,0.062156990000),
double3(0.039915800000,0.687346936667,0.008663070000),
double3(0.278329200000,0.713802496667,0.494123100000),
double3(0.291767033333,0.903153966667,0.008492135000),
double3(0.192895866667,0.802037466667,0.048662050000),
double3(0.105873683333,0.833136440000,0.004887385000),
double3(0.093123106667,0.756823023333,0.492063880000),
double3(0.205310383333,0.878295143333,0.062673635000),
double3(0.246656280000,0.938300253333,0.070211680000),
double3(0.016126793333,0.684101980000,0.432827530000),
double3(0.281597400000,0.949568466667,0.118892855000),
double3(0.275644976667,0.687173446667,0.381717325000),
double3(0.310028466667,0.696791846667,0.425497770000),
double3(0.024029373333,0.667619626667,0.391240030000),
double3(0.324025200000,0.993996900000,0.344095450000),
double3(0.282199046667,0.669466576667,0.341116935000),
double3(0.331220866667,0.981008866667,0.299424350000),
double3(0.296164633333,0.976427316667,0.253647150000),
double3(0.254582500000,0.983551143333,0.254288735000),
double3(0.247949283333,0.996449233333,0.297052025000),
double3(0.039683183333,0.974406876667,0.298588785000),
double3(0.047926983333,0.965334953333,0.255151250000),
double3(0.014507293333,0.961087783333,0.210628120000),
double3(0.304262676667,0.965790650000,0.208655580000),
double3(0.024514833333,0.951430866667,0.168016865000),
double3(0.325279833333,0.945891500000,0.122979415000),
double3(0.270991583333,0.959380600000,0.161700130000),
double3(0.050938686667,0.695341746667,0.482370900000),
double3(0.329699133333,0.969319066667,0.019588185000),
double3(0.291780333333,0.988048256667,0.015374355000),
double3(0.288812066667,0.688240210000,0.483827650000),
double3(0.321721600000,0.926338316667,0.030727030000),
double3(0.154784013333,0.913892333333,0.039301360000),
double3(0.143568233333,0.721124936667,0.015314900000),
double3(0.169797776667,0.875151233333,0.043105735000),
double3(0.128717093333,0.759961516667,0.011295630000),
double3(0.141523233333,0.836744400000,0.024296450000),
double3(0.157175820000,0.798417290000,0.029538630000),
double3(0.035080790000,0.990129033333,0.013510095000),
double3(0.262021620000,0.975421866667,0.039223675000),
double3(0.230269253333,0.899430713333,0.056848095000),
double3(0.238436466667,0.966619100000,0.041525295000),
double3(0.066890120000,0.734256703333,0.496360125000),
double3(0.058666110000,0.667041976667,0.011580885000),
double3(0.298671186667,0.687683623333,0.445670635000),
double3(0.012710333333,0.917040746667,0.066881895000),
double3(0.109138540000,0.907547513333,0.016714440000),
double3(0.188906200000,0.727287626667,0.038804810000),
double3(0.186891233333,0.949248056667,0.065265635000),
double3(0.111153533333,0.685587076667,0.490253600000),
double3(0.199981113333,0.989732146667,0.550979180000),
double3(0.098246466667,0.977799533333,0.500613115000),
double3(0.216115866667,0.669911226667,0.795326450000),
double3(0.236592166667,0.960969150000,0.657254325000),
double3(0.001105546667,0.939404110000,0.590721920000),
double3(0.080981653333,0.961171646667,0.756483885000),
double3(0.244393333333,0.695367533333,0.879072850000),
double3(0.304779200000,0.712730090000,0.955190850000),
double3(0.057044783333,0.996316750000,0.895927130000),
double3(0.226787786667,0.980731200000,0.721836775000),
double3(0.067256053333,0.976818066667,0.831139700000),
double3(0.057878813333,0.947985700000,0.669563370000),
double3(0.266077833333,0.953038400000,0.562156990000),
double3(0.039915800000,0.687346936667,0.508663070000),
double3(0.278329200000,0.713802496667,0.994123100000),
double3(0.291767033333,0.903153966667,0.508492135000),
double3(0.192895866667,0.802037466667,0.548662050000),
double3(0.105873683333,0.833136440000,0.504887385000),
double3(0.093123106667,0.756823023333,0.992063880000),
double3(0.205310383333,0.878295143333,0.562673635000),
double3(0.246656280000,0.938300253333,0.570211680000),
double3(0.016126793333,0.684101980000,0.932827530000),
double3(0.281597400000,0.949568466667,0.618892855000),
double3(0.275644976667,0.687173446667,0.881717325000),
double3(0.310028466667,0.696791846667,0.925497770000),
double3(0.024029373333,0.667619626667,0.891240030000),
double3(0.324025200000,0.993996900000,0.844095450000),
double3(0.282199046667,0.669466576667,0.841116935000),
double3(0.331220866667,0.981008866667,0.799424350000),
double3(0.296164633333,0.976427316667,0.753647150000),
double3(0.254582500000,0.983551143333,0.754288735000),
double3(0.247949283333,0.996449233333,0.797052025000),
double3(0.039683183333,0.974406876667,0.798588785000),
double3(0.047926983333,0.965334953333,0.755151250000),
double3(0.014507293333,0.961087783333,0.710628120000),
double3(0.304262676667,0.965790650000,0.708655580000),
double3(0.024514833333,0.951430866667,0.668016865000),
double3(0.325279833333,0.945891500000,0.622979415000),
double3(0.270991583333,0.959380600000,0.661700130000),
double3(0.050938686667,0.695341746667,0.982370900000),
double3(0.329699133333,0.969319066667,0.519588185000),
double3(0.291780333333,0.988048256667,0.515374355000),
double3(0.288812066667,0.688240210000,0.983827650000),
double3(0.321721600000,0.926338316667,0.530727030000),
double3(0.154784013333,0.913892333333,0.539301360000),
double3(0.143568233333,0.721124936667,0.515314900000),
double3(0.169797776667,0.875151233333,0.543105735000),
double3(0.128717093333,0.759961516667,0.511295630000),
double3(0.141523233333,0.836744400000,0.524296450000),
double3(0.157175820000,0.798417290000,0.529538630000),
double3(0.035080790000,0.990129033333,0.513510095000),
double3(0.262021620000,0.975421866667,0.539223675000),
double3(0.230269253333,0.899430713333,0.556848095000),
double3(0.238436466667,0.966619100000,0.541525295000),
double3(0.066890120000,0.734256703333,0.996360125000),
double3(0.058666110000,0.667041976667,0.511580885000),
double3(0.298671186667,0.687683623333,0.945670635000),
double3(0.012710333333,0.917040746667,0.566881895000),
double3(0.109138540000,0.907547513333,0.516714440000),
double3(0.188906200000,0.727287626667,0.538804810000),
double3(0.186891233333,0.949248056667,0.565265635000),
double3(0.111153533333,0.685587076667,0.990253600000),
double3(0.533314446667,0.323065480000,0.050979180000),
double3(0.431579800000,0.311132866667,0.000613115000),
double3(0.549449200000,0.003244560000,0.295326450000),
double3(0.569925500000,0.294302483333,0.157254325000),
double3(0.334438880000,0.272737443333,0.090721920000),
double3(0.414314986667,0.294504980000,0.256483885000),
double3(0.577726666667,0.028700866667,0.379072850000),
double3(0.638112533333,0.046063423333,0.455190850000),
double3(0.390378116667,0.329650083333,0.395927130000),
double3(0.560121120000,0.314064533333,0.221836775000),
double3(0.400589386667,0.310151400000,0.331139700000),
double3(0.391212146667,0.281319033333,0.169563370000),
double3(0.599411166667,0.286371733333,0.062156990000),
double3(0.373249133333,0.020680270000,0.008663070000),
double3(0.611662533333,0.047135830000,0.494123100000),
double3(0.625100366667,0.236487300000,0.008492135000),
double3(0.526229200000,0.135370800000,0.048662050000),
double3(0.439207016667,0.166469773333,0.004887385000),
double3(0.426456440000,0.090156356667,0.492063880000),
double3(0.538643716667,0.211628476667,0.062673635000),
double3(0.579989613333,0.271633586667,0.070211680000),
double3(0.349460126667,0.017435313333,0.432827530000),
double3(0.614930733333,0.282901800000,0.118892855000),
double3(0.608978310000,0.020506780000,0.381717325000),
double3(0.643361800000,0.030125180000,0.425497770000),
double3(0.357362706667,0.000952960000,0.391240030000),
double3(0.657358533333,0.327330233333,0.344095450000),
double3(0.615532380000,0.002799910000,0.341116935000),
double3(0.664554200000,0.314342200000,0.299424350000),
double3(0.629497966667,0.309760650000,0.253647150000),
double3(0.587915833333,0.316884476667,0.254288735000),
double3(0.581282616667,0.329782566667,0.297052025000),
double3(0.373016516667,0.307740210000,0.298588785000),
double3(0.381260316667,0.298668286667,0.255151250000),
double3(0.347840626667,0.294421116667,0.210628120000),
double3(0.637596010000,0.299123983333,0.208655580000),
double3(0.357848166667,0.284764200000,0.168016865000),
double3(0.658613166667,0.279224833333,0.122979415000),
double3(0.604324916667,0.292713933333,0.161700130000),
double3(0.384272020000,0.028675080000,0.482370900000),
double3(0.663032466667,0.302652400000,0.019588185000),
double3(0.625113666667,0.321381590000,0.015374355000),
double3(0.622145400000,0.021573543333,0.483827650000),
double3(0.655054933333,0.259671650000,0.030727030000),
double3(0.488117346667,0.247225666667,0.039301360000),
double3(0.476901566667,0.054458270000,0.015314900000),
double3(0.503131110000,0.208484566667,0.043105735000),
double3(0.462050426667,0.093294850000,0.011295630000),
double3(0.474856566667,0.170077733333,0.024296450000),
double3(0.490509153333,0.131750623333,0.029538630000),
double3(0.368414123333,0.323462366667,0.013510095000),
double3(0.595354953333,0.308755200000,0.039223675000),
double3(0.563602586667,0.232764046667,0.056848095000),
double3(0.571769800000,0.299952433333,0.041525295000),
double3(0.400223453333,0.067590036667,0.496360125000),
double3(0.391999443333,0.000375310000,0.011580885000),
double3(0.632004520000,0.021016956667,0.445670635000),
double3(0.346043666667,0.250374080000,0.066881895000),
double3(0.442471873333,0.240880846667,0.016714440000),
double3(0.522239533333,0.060620960000,0.038804810000),
double3(0.520224566667,0.282581390000,0.065265635000),
double3(0.444486866667,0.018920410000,0.490253600000),
double3(0.533314446667,0.323065480000,0.550979180000),
double3(0.431579800000,0.311132866667,0.500613115000),
double3(0.549449200000,0.003244560000,0.795326450000),
double3(0.569925500000,0.294302483333,0.657254325000),
double3(0.334438880000,0.272737443333,0.590721920000),
double3(0.414314986667,0.294504980000,0.756483885000),
double3(0.577726666667,0.028700866667,0.879072850000),
double3(0.638112533333,0.046063423333,0.955190850000),
double3(0.390378116667,0.329650083333,0.895927130000),
double3(0.560121120000,0.314064533333,0.721836775000),
double3(0.400589386667,0.310151400000,0.831139700000),
double3(0.391212146667,0.281319033333,0.669563370000),
double3(0.599411166667,0.286371733333,0.562156990000),
double3(0.373249133333,0.020680270000,0.508663070000),
double3(0.611662533333,0.047135830000,0.994123100000),
double3(0.625100366667,0.236487300000,0.508492135000),
double3(0.526229200000,0.135370800000,0.548662050000),
double3(0.439207016667,0.166469773333,0.504887385000),
double3(0.426456440000,0.090156356667,0.992063880000),
double3(0.538643716667,0.211628476667,0.562673635000),
double3(0.579989613333,0.271633586667,0.570211680000),
double3(0.349460126667,0.017435313333,0.932827530000),
double3(0.614930733333,0.282901800000,0.618892855000),
double3(0.608978310000,0.020506780000,0.881717325000),
double3(0.643361800000,0.030125180000,0.925497770000),
double3(0.357362706667,0.000952960000,0.891240030000),
double3(0.657358533333,0.327330233333,0.844095450000),
double3(0.615532380000,0.002799910000,0.841116935000),
double3(0.664554200000,0.314342200000,0.799424350000),
double3(0.629497966667,0.309760650000,0.753647150000),
double3(0.587915833333,0.316884476667,0.754288735000),
double3(0.581282616667,0.329782566667,0.797052025000),
double3(0.373016516667,0.307740210000,0.798588785000),
double3(0.381260316667,0.298668286667,0.755151250000),
double3(0.347840626667,0.294421116667,0.710628120000),
double3(0.637596010000,0.299123983333,0.708655580000),
double3(0.357848166667,0.284764200000,0.668016865000),
double3(0.658613166667,0.279224833333,0.622979415000),
double3(0.604324916667,0.292713933333,0.661700130000),
double3(0.384272020000,0.028675080000,0.982370900000),
double3(0.663032466667,0.302652400000,0.519588185000),
double3(0.625113666667,0.321381590000,0.515374355000),
double3(0.622145400000,0.021573543333,0.983827650000),
double3(0.655054933333,0.259671650000,0.530727030000),
double3(0.488117346667,0.247225666667,0.539301360000),
double3(0.476901566667,0.054458270000,0.515314900000),
double3(0.503131110000,0.208484566667,0.543105735000),
double3(0.462050426667,0.093294850000,0.511295630000),
double3(0.474856566667,0.170077733333,0.524296450000),
double3(0.490509153333,0.131750623333,0.529538630000),
double3(0.368414123333,0.323462366667,0.513510095000),
double3(0.595354953333,0.308755200000,0.539223675000),
double3(0.563602586667,0.232764046667,0.556848095000),
double3(0.571769800000,0.299952433333,0.541525295000),
double3(0.400223453333,0.067590036667,0.996360125000),
double3(0.391999443333,0.000375310000,0.511580885000),
double3(0.632004520000,0.021016956667,0.945670635000),
double3(0.346043666667,0.250374080000,0.566881895000),
double3(0.442471873333,0.240880846667,0.516714440000),
double3(0.522239533333,0.060620960000,0.538804810000),
double3(0.520224566667,0.282581390000,0.565265635000),
double3(0.444486866667,0.018920410000,0.990253600000),
double3(0.533314446667,0.656398813333,0.050979180000),
double3(0.431579800000,0.644466200000,0.000613115000),
double3(0.549449200000,0.336577893333,0.295326450000),
double3(0.569925500000,0.627635816667,0.157254325000),
double3(0.334438880000,0.606070776667,0.090721920000),
double3(0.414314986667,0.627838313333,0.256483885000),
double3(0.577726666667,0.362034200000,0.379072850000),
double3(0.638112533333,0.379396756667,0.455190850000),
double3(0.390378116667,0.662983416667,0.395927130000),
double3(0.560121120000,0.647397866667,0.221836775000),
double3(0.400589386667,0.643484733333,0.331139700000),
double3(0.391212146667,0.614652366667,0.169563370000),
double3(0.599411166667,0.619705066667,0.062156990000),
double3(0.373249133333,0.354013603333,0.008663070000),
double3(0.611662533333,0.380469163333,0.494123100000),
double3(0.625100366667,0.569820633333,0.008492135000),
double3(0.526229200000,0.468704133333,0.048662050000),
double3(0.439207016667,0.499803106667,0.004887385000),
double3(0.426456440000,0.423489690000,0.492063880000),
double3(0.538643716667,0.544961810000,0.062673635000),
double3(0.579989613333,0.604966920000,0.070211680000),
double3(0.349460126667,0.350768646667,0.432827530000),
double3(0.614930733333,0.616235133333,0.118892855000),
double3(0.608978310000,0.353840113333,0.381717325000),
double3(0.643361800000,0.363458513333,0.425497770000),
double3(0.357362706667,0.334286293333,0.391240030000),
double3(0.657358533333,0.660663566667,0.344095450000),
double3(0.615532380000,0.336133243333,0.341116935000),
double3(0.664554200000,0.647675533333,0.299424350000),
double3(0.629497966667,0.643093983333,0.253647150000),
double3(0.587915833333,0.650217810000,0.254288735000),
double3(0.581282616667,0.663115900000,0.297052025000),
double3(0.373016516667,0.641073543333,0.298588785000),
double3(0.381260316667,0.632001620000,0.255151250000),
double3(0.347840626667,0.627754450000,0.210628120000),
double3(0.637596010000,0.632457316667,0.208655580000),
double3(0.357848166667,0.618097533333,0.168016865000),
double3(0.658613166667,0.612558166667,0.122979415000),
double3(0.604324916667,0.626047266667,0.161700130000),
double3(0.384272020000,0.362008413333,0.482370900000),
double3(0.663032466667,0.635985733333,0.019588185000),
double3(0.625113666667,0.654714923333,0.015374355000),
double3(0.622145400000,0.354906876667,0.483827650000),
double3(0.655054933333,0.593004983333,0.030727030000),
double3(0.488117346667,0.580559000000,0.039301360000),
double3(0.476901566667,0.387791603333,0.015314900000),
double3(0.503131110000,0.541817900000,0.043105735000),
double3(0.462050426667,0.426628183333,0.011295630000),
double3(0.474856566667,0.503411066667,0.024296450000),
double3(0.490509153333,0.465083956667,0.029538630000),
double3(0.368414123333,0.656795700000,0.013510095000),
double3(0.595354953333,0.642088533333,0.039223675000),
double3(0.563602586667,0.566097380000,0.056848095000),
double3(0.571769800000,0.633285766667,0.041525295000),
double3(0.400223453333,0.400923370000,0.496360125000),
double3(0.391999443333,0.333708643333,0.011580885000),
double3(0.632004520000,0.354350290000,0.445670635000),
double3(0.346043666667,0.583707413333,0.066881895000),
double3(0.442471873333,0.574214180000,0.016714440000),
double3(0.522239533333,0.393954293333,0.038804810000),
double3(0.520224566667,0.615914723333,0.065265635000),
double3(0.444486866667,0.352253743333,0.490253600000),
double3(0.533314446667,0.656398813333,0.550979180000),
double3(0.431579800000,0.644466200000,0.500613115000),
double3(0.549449200000,0.336577893333,0.795326450000),
double3(0.569925500000,0.627635816667,0.657254325000),
double3(0.334438880000,0.606070776667,0.590721920000),
double3(0.414314986667,0.627838313333,0.756483885000),
double3(0.577726666667,0.362034200000,0.879072850000),
double3(0.638112533333,0.379396756667,0.955190850000),
double3(0.390378116667,0.662983416667,0.895927130000),
double3(0.560121120000,0.647397866667,0.721836775000),
double3(0.400589386667,0.643484733333,0.831139700000),
double3(0.391212146667,0.614652366667,0.669563370000),
double3(0.599411166667,0.619705066667,0.562156990000),
double3(0.373249133333,0.354013603333,0.508663070000),
double3(0.611662533333,0.380469163333,0.994123100000),
double3(0.625100366667,0.569820633333,0.508492135000),
double3(0.526229200000,0.468704133333,0.548662050000),
double3(0.439207016667,0.499803106667,0.504887385000),
double3(0.426456440000,0.423489690000,0.992063880000),
double3(0.538643716667,0.544961810000,0.562673635000),
double3(0.579989613333,0.604966920000,0.570211680000),
double3(0.349460126667,0.350768646667,0.932827530000),
double3(0.614930733333,0.616235133333,0.618892855000),
double3(0.608978310000,0.353840113333,0.881717325000),
double3(0.643361800000,0.363458513333,0.925497770000),
double3(0.357362706667,0.334286293333,0.891240030000),
double3(0.657358533333,0.660663566667,0.844095450000),
double3(0.615532380000,0.336133243333,0.841116935000),
double3(0.664554200000,0.647675533333,0.799424350000),
double3(0.629497966667,0.643093983333,0.753647150000),
double3(0.587915833333,0.650217810000,0.754288735000),
double3(0.581282616667,0.663115900000,0.797052025000),
double3(0.373016516667,0.641073543333,0.798588785000),
double3(0.381260316667,0.632001620000,0.755151250000),
double3(0.347840626667,0.627754450000,0.710628120000),
double3(0.637596010000,0.632457316667,0.708655580000),
double3(0.357848166667,0.618097533333,0.668016865000),
double3(0.658613166667,0.612558166667,0.622979415000),
double3(0.604324916667,0.626047266667,0.661700130000),
double3(0.384272020000,0.362008413333,0.982370900000),
double3(0.663032466667,0.635985733333,0.519588185000),
double3(0.625113666667,0.654714923333,0.515374355000),
double3(0.622145400000,0.354906876667,0.983827650000),
double3(0.655054933333,0.593004983333,0.530727030000),
double3(0.488117346667,0.580559000000,0.539301360000),
double3(0.476901566667,0.387791603333,0.515314900000),
double3(0.503131110000,0.541817900000,0.543105735000),
double3(0.462050426667,0.426628183333,0.511295630000),
double3(0.474856566667,0.503411066667,0.524296450000),
double3(0.490509153333,0.465083956667,0.529538630000),
double3(0.368414123333,0.656795700000,0.513510095000),
double3(0.595354953333,0.642088533333,0.539223675000),
double3(0.563602586667,0.566097380000,0.556848095000),
double3(0.571769800000,0.633285766667,0.541525295000),
double3(0.400223453333,0.400923370000,0.996360125000),
double3(0.391999443333,0.333708643333,0.511580885000),
double3(0.632004520000,0.354350290000,0.945670635000),
double3(0.346043666667,0.583707413333,0.566881895000),
double3(0.442471873333,0.574214180000,0.516714440000),
double3(0.522239533333,0.393954293333,0.538804810000),
double3(0.520224566667,0.615914723333,0.565265635000),
double3(0.444486866667,0.352253743333,0.990253600000),
double3(0.533314446667,0.989732146667,0.050979180000),
double3(0.431579800000,0.977799533333,0.000613115000),
double3(0.549449200000,0.669911226667,0.295326450000),
double3(0.569925500000,0.960969150000,0.157254325000),
double3(0.334438880000,0.939404110000,0.090721920000),
double3(0.414314986667,0.961171646667,0.256483885000),
double3(0.577726666667,0.695367533333,0.379072850000),
double3(0.638112533333,0.712730090000,0.455190850000),
double3(0.390378116667,0.996316750000,0.395927130000),
double3(0.560121120000,0.980731200000,0.221836775000),
double3(0.400589386667,0.976818066667,0.331139700000),
double3(0.391212146667,0.947985700000,0.169563370000),
double3(0.599411166667,0.953038400000,0.062156990000),
double3(0.373249133333,0.687346936667,0.008663070000),
double3(0.611662533333,0.713802496667,0.494123100000),
double3(0.625100366667,0.903153966667,0.008492135000),
double3(0.526229200000,0.802037466667,0.048662050000),
double3(0.439207016667,0.833136440000,0.004887385000),
double3(0.426456440000,0.756823023333,0.492063880000),
double3(0.538643716667,0.878295143333,0.062673635000),
double3(0.579989613333,0.938300253333,0.070211680000),
double3(0.349460126667,0.684101980000,0.432827530000),
double3(0.614930733333,0.949568466667,0.118892855000),
double3(0.608978310000,0.687173446667,0.381717325000),
double3(0.643361800000,0.696791846667,0.425497770000),
double3(0.357362706667,0.667619626667,0.391240030000),
double3(0.657358533333,0.993996900000,0.344095450000),
double3(0.615532380000,0.669466576667,0.341116935000),
double3(0.664554200000,0.981008866667,0.299424350000),
double3(0.629497966667,0.976427316667,0.253647150000),
double3(0.587915833333,0.983551143333,0.254288735000),
double3(0.581282616667,0.996449233333,0.297052025000),
double3(0.373016516667,0.974406876667,0.298588785000),
double3(0.381260316667,0.965334953333,0.255151250000),
double3(0.347840626667,0.961087783333,0.210628120000),
double3(0.637596010000,0.965790650000,0.208655580000),
double3(0.357848166667,0.951430866667,0.168016865000),
double3(0.658613166667,0.945891500000,0.122979415000),
double3(0.604324916667,0.959380600000,0.161700130000),
double3(0.384272020000,0.695341746667,0.482370900000),
double3(0.663032466667,0.969319066667,0.019588185000),
double3(0.625113666667,0.988048256667,0.015374355000),
double3(0.622145400000,0.688240210000,0.483827650000),
double3(0.655054933333,0.926338316667,0.030727030000),
double3(0.488117346667,0.913892333333,0.039301360000),
double3(0.476901566667,0.721124936667,0.015314900000),
double3(0.503131110000,0.875151233333,0.043105735000),
double3(0.462050426667,0.759961516667,0.011295630000),
double3(0.474856566667,0.836744400000,0.024296450000),
double3(0.490509153333,0.798417290000,0.029538630000),
double3(0.368414123333,0.990129033333,0.013510095000),
double3(0.595354953333,0.975421866667,0.039223675000),
double3(0.563602586667,0.899430713333,0.056848095000),
double3(0.571769800000,0.966619100000,0.041525295000),
double3(0.400223453333,0.734256703333,0.496360125000),
double3(0.391999443333,0.667041976667,0.011580885000),
double3(0.632004520000,0.687683623333,0.445670635000),
double3(0.346043666667,0.917040746667,0.066881895000),
double3(0.442471873333,0.907547513333,0.016714440000),
double3(0.522239533333,0.727287626667,0.038804810000),
double3(0.520224566667,0.949248056667,0.065265635000),
double3(0.444486866667,0.685587076667,0.490253600000),
double3(0.533314446667,0.989732146667,0.550979180000),
double3(0.431579800000,0.977799533333,0.500613115000),
double3(0.549449200000,0.669911226667,0.795326450000),
double3(0.569925500000,0.960969150000,0.657254325000),
double3(0.334438880000,0.939404110000,0.590721920000),
double3(0.414314986667,0.961171646667,0.756483885000),
double3(0.577726666667,0.695367533333,0.879072850000),
double3(0.638112533333,0.712730090000,0.955190850000),
double3(0.390378116667,0.996316750000,0.895927130000),
double3(0.560121120000,0.980731200000,0.721836775000),
double3(0.400589386667,0.976818066667,0.831139700000),
double3(0.391212146667,0.947985700000,0.669563370000),
double3(0.599411166667,0.953038400000,0.562156990000),
double3(0.373249133333,0.687346936667,0.508663070000),
double3(0.611662533333,0.713802496667,0.994123100000),
double3(0.625100366667,0.903153966667,0.508492135000),
double3(0.526229200000,0.802037466667,0.548662050000),
double3(0.439207016667,0.833136440000,0.504887385000),
double3(0.426456440000,0.756823023333,0.992063880000),
double3(0.538643716667,0.878295143333,0.562673635000),
double3(0.579989613333,0.938300253333,0.570211680000),
double3(0.349460126667,0.684101980000,0.932827530000),
double3(0.614930733333,0.949568466667,0.618892855000),
double3(0.608978310000,0.687173446667,0.881717325000),
double3(0.643361800000,0.696791846667,0.925497770000),
double3(0.357362706667,0.667619626667,0.891240030000),
double3(0.657358533333,0.993996900000,0.844095450000),
double3(0.615532380000,0.669466576667,0.841116935000),
double3(0.664554200000,0.981008866667,0.799424350000),
double3(0.629497966667,0.976427316667,0.753647150000),
double3(0.587915833333,0.983551143333,0.754288735000),
double3(0.581282616667,0.996449233333,0.797052025000),
double3(0.373016516667,0.974406876667,0.798588785000),
double3(0.381260316667,0.965334953333,0.755151250000),
double3(0.347840626667,0.961087783333,0.710628120000),
double3(0.637596010000,0.965790650000,0.708655580000),
double3(0.357848166667,0.951430866667,0.668016865000),
double3(0.658613166667,0.945891500000,0.622979415000),
double3(0.604324916667,0.959380600000,0.661700130000),
double3(0.384272020000,0.695341746667,0.982370900000),
double3(0.663032466667,0.969319066667,0.519588185000),
double3(0.625113666667,0.988048256667,0.515374355000),
double3(0.622145400000,0.688240210000,0.983827650000),
double3(0.655054933333,0.926338316667,0.530727030000),
double3(0.488117346667,0.913892333333,0.539301360000),
double3(0.476901566667,0.721124936667,0.515314900000),
double3(0.503131110000,0.875151233333,0.543105735000),
double3(0.462050426667,0.759961516667,0.511295630000),
double3(0.474856566667,0.836744400000,0.524296450000),
double3(0.490509153333,0.798417290000,0.529538630000),
double3(0.368414123333,0.990129033333,0.513510095000),
double3(0.595354953333,0.975421866667,0.539223675000),
double3(0.563602586667,0.899430713333,0.556848095000),
double3(0.571769800000,0.966619100000,0.541525295000),
double3(0.400223453333,0.734256703333,0.996360125000),
double3(0.391999443333,0.667041976667,0.511580885000),
double3(0.632004520000,0.687683623333,0.945670635000),
double3(0.346043666667,0.917040746667,0.566881895000),
double3(0.442471873333,0.907547513333,0.516714440000),
double3(0.522239533333,0.727287626667,0.538804810000),
double3(0.520224566667,0.949248056667,0.565265635000),
double3(0.444486866667,0.685587076667,0.990253600000),
double3(0.866647780000,0.323065480000,0.050979180000),
double3(0.764913133333,0.311132866667,0.000613115000),
double3(0.882782533333,0.003244560000,0.295326450000),
double3(0.903258833333,0.294302483333,0.157254325000),
double3(0.667772213333,0.272737443333,0.090721920000),
double3(0.747648320000,0.294504980000,0.256483885000),
double3(0.911060000000,0.028700866667,0.379072850000),
double3(0.971445866667,0.046063423333,0.455190850000),
double3(0.723711450000,0.329650083333,0.395927130000),
double3(0.893454453333,0.314064533333,0.221836775000),
double3(0.733922720000,0.310151400000,0.331139700000),
double3(0.724545480000,0.281319033333,0.169563370000),
double3(0.932744500000,0.286371733333,0.062156990000),
double3(0.706582466667,0.020680270000,0.008663070000),
double3(0.944995866667,0.047135830000,0.494123100000),
double3(0.958433700000,0.236487300000,0.008492135000),
double3(0.859562533333,0.135370800000,0.048662050000),
double3(0.772540350000,0.166469773333,0.004887385000),
double3(0.759789773333,0.090156356667,0.492063880000),
double3(0.871977050000,0.211628476667,0.062673635000),
double3(0.913322946667,0.271633586667,0.070211680000),
double3(0.682793460000,0.017435313333,0.432827530000),
double3(0.948264066667,0.282901800000,0.118892855000),
double3(0.942311643333,0.020506780000,0.381717325000),
double3(0.976695133333,0.030125180000,0.425497770000),
double3(0.690696040000,0.000952960000,0.391240030000),
double3(0.990691866667,0.327330233333,0.344095450000),
double3(0.948865713333,0.002799910000,0.341116935000),
double3(0.997887533333,0.314342200000,0.299424350000),
double3(0.962831300000,0.309760650000,0.253647150000),
double3(0.921249166667,0.316884476667,0.254288735000),
double3(0.914615950000,0.329782566667,0.297052025000),
double3(0.706349850000,0.307740210000,0.298588785000),
double3(0.714593650000,0.298668286667,0.255151250000),
double3(0.681173960000,0.294421116667,0.210628120000),
double3(0.970929343333,0.299123983333,0.208655580000),
double3(0.691181500000,0.284764200000,0.168016865000),
double3(0.991946500000,0.279224833333,0.122979415000),
double3(0.937658250000,0.292713933333,0.161700130000),
double3(0.717605353333,0.028675080000,0.482370900000),
double3(0.996365800000,0.302652400000,0.019588185000),
double3(0.958447000000,0.321381590000,0.015374355000),
double3(0.955478733333,0.021573543333,0.483827650000),
double3(0.988388266667,0.259671650000,0.030727030000),
double3(0.821450680000,0.247225666667,0.039301360000),
double3(0.810234900000,0.054458270000,0.015314900000),
double3(0.836464443333,0.208484566667,0.043105735000),
double3(0.795383760000,0.093294850000,0.011295630000),
double3(0.808189900000,0.170077733333,0.024296450000),
double3(0.823842486667,0.131750623333,0.029538630000),
double3(0.701747456667,0.323462366667,0.013510095000),
double3(0.928688286667,0.308755200000,0.039223675000),
double3(0.896935920000,0.232764046667,0.056848095000),
double3(0.905103133333,0.299952433333,0.041525295000),
double3(0.733556786667,0.067590036667,0.496360125000),
double3(0.725332776667,0.000375310000,0.011580885000),
double3(0.965337853333,0.021016956667,0.445670635000),
double3(0.679377000000,0.250374080000,0.066881895000),
double3(0.775805206667,0.240880846667,0.016714440000),
double3(0.855572866667,0.060620960000,0.038804810000),
double3(0.853557900000,0.282581390000,0.065265635000),
double3(0.777820200000,0.018920410000,0.490253600000),
double3(0.866647780000,0.323065480000,0.550979180000),
double3(0.764913133333,0.311132866667,0.500613115000),
double3(0.882782533333,0.003244560000,0.795326450000),
double3(0.903258833333,0.294302483333,0.657254325000),
double3(0.667772213333,0.272737443333,0.590721920000),
double3(0.747648320000,0.294504980000,0.756483885000),
double3(0.911060000000,0.028700866667,0.879072850000),
double3(0.971445866667,0.046063423333,0.955190850000),
double3(0.723711450000,0.329650083333,0.895927130000),
double3(0.893454453333,0.314064533333,0.721836775000),
double3(0.733922720000,0.310151400000,0.831139700000),
double3(0.724545480000,0.281319033333,0.669563370000),
double3(0.932744500000,0.286371733333,0.562156990000),
double3(0.706582466667,0.020680270000,0.508663070000),
double3(0.944995866667,0.047135830000,0.994123100000),
double3(0.958433700000,0.236487300000,0.508492135000),
double3(0.859562533333,0.135370800000,0.548662050000),
double3(0.772540350000,0.166469773333,0.504887385000),
double3(0.759789773333,0.090156356667,0.992063880000),
double3(0.871977050000,0.211628476667,0.562673635000),
double3(0.913322946667,0.271633586667,0.570211680000),
double3(0.682793460000,0.017435313333,0.932827530000),
double3(0.948264066667,0.282901800000,0.618892855000),
double3(0.942311643333,0.020506780000,0.881717325000),
double3(0.976695133333,0.030125180000,0.925497770000),
double3(0.690696040000,0.000952960000,0.891240030000),
double3(0.990691866667,0.327330233333,0.844095450000),
double3(0.948865713333,0.002799910000,0.841116935000),
double3(0.997887533333,0.314342200000,0.799424350000),
double3(0.962831300000,0.309760650000,0.753647150000),
double3(0.921249166667,0.316884476667,0.754288735000),
double3(0.914615950000,0.329782566667,0.797052025000),
double3(0.706349850000,0.307740210000,0.798588785000),
double3(0.714593650000,0.298668286667,0.755151250000),
double3(0.681173960000,0.294421116667,0.710628120000),
double3(0.970929343333,0.299123983333,0.708655580000),
double3(0.691181500000,0.284764200000,0.668016865000),
double3(0.991946500000,0.279224833333,0.622979415000),
double3(0.937658250000,0.292713933333,0.661700130000),
double3(0.717605353333,0.028675080000,0.982370900000),
double3(0.996365800000,0.302652400000,0.519588185000),
double3(0.958447000000,0.321381590000,0.515374355000),
double3(0.955478733333,0.021573543333,0.983827650000),
double3(0.988388266667,0.259671650000,0.530727030000),
double3(0.821450680000,0.247225666667,0.539301360000),
double3(0.810234900000,0.054458270000,0.515314900000),
double3(0.836464443333,0.208484566667,0.543105735000),
double3(0.795383760000,0.093294850000,0.511295630000),
double3(0.808189900000,0.170077733333,0.524296450000),
double3(0.823842486667,0.131750623333,0.529538630000),
double3(0.701747456667,0.323462366667,0.513510095000),
double3(0.928688286667,0.308755200000,0.539223675000),
double3(0.896935920000,0.232764046667,0.556848095000),
double3(0.905103133333,0.299952433333,0.541525295000),
double3(0.733556786667,0.067590036667,0.996360125000),
double3(0.725332776667,0.000375310000,0.511580885000),
double3(0.965337853333,0.021016956667,0.945670635000),
double3(0.679377000000,0.250374080000,0.566881895000),
double3(0.775805206667,0.240880846667,0.516714440000),
double3(0.855572866667,0.060620960000,0.538804810000),
double3(0.853557900000,0.282581390000,0.565265635000),
double3(0.777820200000,0.018920410000,0.990253600000),
double3(0.866647780000,0.656398813333,0.050979180000),
double3(0.764913133333,0.644466200000,0.000613115000),
double3(0.882782533333,0.336577893333,0.295326450000),
double3(0.903258833333,0.627635816667,0.157254325000),
double3(0.667772213333,0.606070776667,0.090721920000),
double3(0.747648320000,0.627838313333,0.256483885000),
double3(0.911060000000,0.362034200000,0.379072850000),
double3(0.971445866667,0.379396756667,0.455190850000),
double3(0.723711450000,0.662983416667,0.395927130000),
double3(0.893454453333,0.647397866667,0.221836775000),
double3(0.733922720000,0.643484733333,0.331139700000),
double3(0.724545480000,0.614652366667,0.169563370000),
double3(0.932744500000,0.619705066667,0.062156990000),
double3(0.706582466667,0.354013603333,0.008663070000),
double3(0.944995866667,0.380469163333,0.494123100000),
double3(0.958433700000,0.569820633333,0.008492135000),
double3(0.859562533333,0.468704133333,0.048662050000),
double3(0.772540350000,0.499803106667,0.004887385000),
double3(0.759789773333,0.423489690000,0.492063880000),
double3(0.871977050000,0.544961810000,0.062673635000),
double3(0.913322946667,0.604966920000,0.070211680000),
double3(0.682793460000,0.350768646667,0.432827530000),
double3(0.948264066667,0.616235133333,0.118892855000),
double3(0.942311643333,0.353840113333,0.381717325000),
double3(0.976695133333,0.363458513333,0.425497770000),
double3(0.690696040000,0.334286293333,0.391240030000),
double3(0.990691866667,0.660663566667,0.344095450000),
double3(0.948865713333,0.336133243333,0.341116935000),
double3(0.997887533333,0.647675533333,0.299424350000),
double3(0.962831300000,0.643093983333,0.253647150000),
double3(0.921249166667,0.650217810000,0.254288735000),
double3(0.914615950000,0.663115900000,0.297052025000),
double3(0.706349850000,0.641073543333,0.298588785000),
double3(0.714593650000,0.632001620000,0.255151250000),
double3(0.681173960000,0.627754450000,0.210628120000),
double3(0.970929343333,0.632457316667,0.208655580000),
double3(0.691181500000,0.618097533333,0.168016865000),
double3(0.991946500000,0.612558166667,0.122979415000),
double3(0.937658250000,0.626047266667,0.161700130000),
double3(0.717605353333,0.362008413333,0.482370900000),
double3(0.996365800000,0.635985733333,0.019588185000),
double3(0.958447000000,0.654714923333,0.015374355000),
double3(0.955478733333,0.354906876667,0.483827650000),
double3(0.988388266667,0.593004983333,0.030727030000),
double3(0.821450680000,0.580559000000,0.039301360000),
double3(0.810234900000,0.387791603333,0.015314900000),
double3(0.836464443333,0.541817900000,0.043105735000),
double3(0.795383760000,0.426628183333,0.011295630000),
double3(0.808189900000,0.503411066667,0.024296450000),
double3(0.823842486667,0.465083956667,0.029538630000),
double3(0.701747456667,0.656795700000,0.013510095000),
double3(0.928688286667,0.642088533333,0.039223675000),
double3(0.896935920000,0.566097380000,0.056848095000),
double3(0.905103133333,0.633285766667,0.041525295000),
double3(0.733556786667,0.400923370000,0.496360125000),
double3(0.725332776667,0.333708643333,0.011580885000),
double3(0.965337853333,0.354350290000,0.445670635000),
double3(0.679377000000,0.583707413333,0.066881895000),
double3(0.775805206667,0.574214180000,0.016714440000),
double3(0.855572866667,0.393954293333,0.038804810000),
double3(0.853557900000,0.615914723333,0.065265635000),
double3(0.777820200000,0.352253743333,0.490253600000),
double3(0.866647780000,0.656398813333,0.550979180000),
double3(0.764913133333,0.644466200000,0.500613115000),
double3(0.882782533333,0.336577893333,0.795326450000),
double3(0.903258833333,0.627635816667,0.657254325000),
double3(0.667772213333,0.606070776667,0.590721920000),
double3(0.747648320000,0.627838313333,0.756483885000),
double3(0.911060000000,0.362034200000,0.879072850000),
double3(0.971445866667,0.379396756667,0.955190850000),
double3(0.723711450000,0.662983416667,0.895927130000),
double3(0.893454453333,0.647397866667,0.721836775000),
double3(0.733922720000,0.643484733333,0.831139700000),
double3(0.724545480000,0.614652366667,0.669563370000),
double3(0.932744500000,0.619705066667,0.562156990000),
double3(0.706582466667,0.354013603333,0.508663070000),
double3(0.944995866667,0.380469163333,0.994123100000),
double3(0.958433700000,0.569820633333,0.508492135000),
double3(0.859562533333,0.468704133333,0.548662050000),
double3(0.772540350000,0.499803106667,0.504887385000),
double3(0.759789773333,0.423489690000,0.992063880000),
double3(0.871977050000,0.544961810000,0.562673635000),
double3(0.913322946667,0.604966920000,0.570211680000),
double3(0.682793460000,0.350768646667,0.932827530000),
double3(0.948264066667,0.616235133333,0.618892855000),
double3(0.942311643333,0.353840113333,0.881717325000),
double3(0.976695133333,0.363458513333,0.925497770000),
double3(0.690696040000,0.334286293333,0.891240030000),
double3(0.990691866667,0.660663566667,0.844095450000),
double3(0.948865713333,0.336133243333,0.841116935000),
double3(0.997887533333,0.647675533333,0.799424350000),
double3(0.962831300000,0.643093983333,0.753647150000),
double3(0.921249166667,0.650217810000,0.754288735000),
double3(0.914615950000,0.663115900000,0.797052025000),
double3(0.706349850000,0.641073543333,0.798588785000),
double3(0.714593650000,0.632001620000,0.755151250000),
double3(0.681173960000,0.627754450000,0.710628120000),
double3(0.970929343333,0.632457316667,0.708655580000),
double3(0.691181500000,0.618097533333,0.668016865000),
double3(0.991946500000,0.612558166667,0.622979415000),
double3(0.937658250000,0.626047266667,0.661700130000),
double3(0.717605353333,0.362008413333,0.982370900000),
double3(0.996365800000,0.635985733333,0.519588185000),
double3(0.958447000000,0.654714923333,0.515374355000),
double3(0.955478733333,0.354906876667,0.983827650000),
double3(0.988388266667,0.593004983333,0.530727030000),
double3(0.821450680000,0.580559000000,0.539301360000),
double3(0.810234900000,0.387791603333,0.515314900000),
double3(0.836464443333,0.541817900000,0.543105735000),
double3(0.795383760000,0.426628183333,0.511295630000),
double3(0.808189900000,0.503411066667,0.524296450000),
double3(0.823842486667,0.465083956667,0.529538630000),
double3(0.701747456667,0.656795700000,0.513510095000),
double3(0.928688286667,0.642088533333,0.539223675000),
double3(0.896935920000,0.566097380000,0.556848095000),
double3(0.905103133333,0.633285766667,0.541525295000),
double3(0.733556786667,0.400923370000,0.996360125000),
double3(0.725332776667,0.333708643333,0.511580885000),
double3(0.965337853333,0.354350290000,0.945670635000),
double3(0.679377000000,0.583707413333,0.566881895000),
double3(0.775805206667,0.574214180000,0.516714440000),
double3(0.855572866667,0.393954293333,0.538804810000),
double3(0.853557900000,0.615914723333,0.565265635000),
double3(0.777820200000,0.352253743333,0.990253600000),
double3(0.866647780000,0.989732146667,0.050979180000),
double3(0.764913133333,0.977799533333,0.000613115000),
double3(0.882782533333,0.669911226667,0.295326450000),
double3(0.903258833333,0.960969150000,0.157254325000),
double3(0.667772213333,0.939404110000,0.090721920000),
double3(0.747648320000,0.961171646667,0.256483885000),
double3(0.911060000000,0.695367533333,0.379072850000),
double3(0.971445866667,0.712730090000,0.455190850000),
double3(0.723711450000,0.996316750000,0.395927130000),
double3(0.893454453333,0.980731200000,0.221836775000),
double3(0.733922720000,0.976818066667,0.331139700000),
double3(0.724545480000,0.947985700000,0.169563370000),
double3(0.932744500000,0.953038400000,0.062156990000),
double3(0.706582466667,0.687346936667,0.008663070000),
double3(0.944995866667,0.713802496667,0.494123100000),
double3(0.958433700000,0.903153966667,0.008492135000),
double3(0.859562533333,0.802037466667,0.048662050000),
double3(0.772540350000,0.833136440000,0.004887385000),
double3(0.759789773333,0.756823023333,0.492063880000),
double3(0.871977050000,0.878295143333,0.062673635000),
double3(0.913322946667,0.938300253333,0.070211680000),
double3(0.682793460000,0.684101980000,0.432827530000),
double3(0.948264066667,0.949568466667,0.118892855000),
double3(0.942311643333,0.687173446667,0.381717325000),
double3(0.976695133333,0.696791846667,0.425497770000),
double3(0.690696040000,0.667619626667,0.391240030000),
double3(0.990691866667,0.993996900000,0.344095450000),
double3(0.948865713333,0.669466576667,0.341116935000),
double3(0.997887533333,0.981008866667,0.299424350000),
double3(0.962831300000,0.976427316667,0.253647150000),
double3(0.921249166667,0.983551143333,0.254288735000),
double3(0.914615950000,0.996449233333,0.297052025000),
double3(0.706349850000,0.974406876667,0.298588785000),
double3(0.714593650000,0.965334953333,0.255151250000),
double3(0.681173960000,0.961087783333,0.210628120000),
double3(0.970929343333,0.965790650000,0.208655580000),
double3(0.691181500000,0.951430866667,0.168016865000),
double3(0.991946500000,0.945891500000,0.122979415000),
double3(0.937658250000,0.959380600000,0.161700130000),
double3(0.717605353333,0.695341746667,0.482370900000),
double3(0.996365800000,0.969319066667,0.019588185000),
double3(0.958447000000,0.988048256667,0.015374355000),
double3(0.955478733333,0.688240210000,0.483827650000),
double3(0.988388266667,0.926338316667,0.030727030000),
double3(0.821450680000,0.913892333333,0.039301360000),
double3(0.810234900000,0.721124936667,0.015314900000),
double3(0.836464443333,0.875151233333,0.043105735000),
double3(0.795383760000,0.759961516667,0.011295630000),
double3(0.808189900000,0.836744400000,0.024296450000),
double3(0.823842486667,0.798417290000,0.029538630000),
double3(0.701747456667,0.990129033333,0.013510095000),
double3(0.928688286667,0.975421866667,0.039223675000),
double3(0.896935920000,0.899430713333,0.056848095000),
double3(0.905103133333,0.966619100000,0.041525295000),
double3(0.733556786667,0.734256703333,0.496360125000),
double3(0.725332776667,0.667041976667,0.011580885000),
double3(0.965337853333,0.687683623333,0.445670635000),
double3(0.679377000000,0.917040746667,0.066881895000),
double3(0.775805206667,0.907547513333,0.016714440000),
double3(0.855572866667,0.727287626667,0.038804810000),
double3(0.853557900000,0.949248056667,0.065265635000),
double3(0.777820200000,0.685587076667,0.490253600000),
double3(0.866647780000,0.989732146667,0.550979180000),
double3(0.764913133333,0.977799533333,0.500613115000),
double3(0.882782533333,0.669911226667,0.795326450000),
double3(0.903258833333,0.960969150000,0.657254325000),
double3(0.667772213333,0.939404110000,0.590721920000),
double3(0.747648320000,0.961171646667,0.756483885000),
double3(0.911060000000,0.695367533333,0.879072850000),
double3(0.971445866667,0.712730090000,0.955190850000),
double3(0.723711450000,0.996316750000,0.895927130000),
double3(0.893454453333,0.980731200000,0.721836775000),
double3(0.733922720000,0.976818066667,0.831139700000),
double3(0.724545480000,0.947985700000,0.669563370000),
double3(0.932744500000,0.953038400000,0.562156990000),
double3(0.706582466667,0.687346936667,0.508663070000),
double3(0.944995866667,0.713802496667,0.994123100000),
double3(0.958433700000,0.903153966667,0.508492135000),
double3(0.859562533333,0.802037466667,0.548662050000),
double3(0.772540350000,0.833136440000,0.504887385000),
double3(0.759789773333,0.756823023333,0.992063880000),
double3(0.871977050000,0.878295143333,0.562673635000),
double3(0.913322946667,0.938300253333,0.570211680000),
double3(0.682793460000,0.684101980000,0.932827530000),
double3(0.948264066667,0.949568466667,0.618892855000),
double3(0.942311643333,0.687173446667,0.881717325000),
double3(0.976695133333,0.696791846667,0.925497770000),
double3(0.690696040000,0.667619626667,0.891240030000),
double3(0.990691866667,0.993996900000,0.844095450000),
double3(0.948865713333,0.669466576667,0.841116935000),
double3(0.997887533333,0.981008866667,0.799424350000),
double3(0.962831300000,0.976427316667,0.753647150000),
double3(0.921249166667,0.983551143333,0.754288735000),
double3(0.914615950000,0.996449233333,0.797052025000),
double3(0.706349850000,0.974406876667,0.798588785000),
double3(0.714593650000,0.965334953333,0.755151250000),
double3(0.681173960000,0.961087783333,0.710628120000),
double3(0.970929343333,0.965790650000,0.708655580000),
double3(0.691181500000,0.951430866667,0.668016865000),
double3(0.991946500000,0.945891500000,0.622979415000),
double3(0.937658250000,0.959380600000,0.661700130000),
double3(0.717605353333,0.695341746667,0.982370900000),
double3(0.996365800000,0.969319066667,0.519588185000),
double3(0.958447000000,0.988048256667,0.515374355000),
double3(0.955478733333,0.688240210000,0.983827650000),
double3(0.988388266667,0.926338316667,0.530727030000),
double3(0.821450680000,0.913892333333,0.539301360000),
double3(0.810234900000,0.721124936667,0.515314900000),
double3(0.836464443333,0.875151233333,0.543105735000),
double3(0.795383760000,0.759961516667,0.511295630000),
double3(0.808189900000,0.836744400000,0.524296450000),
double3(0.823842486667,0.798417290000,0.529538630000),
double3(0.701747456667,0.990129033333,0.513510095000),
double3(0.928688286667,0.975421866667,0.539223675000),
double3(0.896935920000,0.899430713333,0.556848095000),
double3(0.905103133333,0.966619100000,0.541525295000),
double3(0.733556786667,0.734256703333,0.996360125000),
double3(0.725332776667,0.667041976667,0.511580885000),
double3(0.965337853333,0.687683623333,0.945670635000),
double3(0.679377000000,0.917040746667,0.566881895000),
double3(0.775805206667,0.907547513333,0.516714440000),
double3(0.855572866667,0.727287626667,0.538804810000),
double3(0.853557900000,0.949248056667,0.565265635000),
double3(0.777820200000,0.685587076667,0.990253600000),
