[double3(12.403740000000,0.000000000000,0.000000000000),double3(-1.346214452239,15.802431431823,0.000000000000),double3(5.228282063140,5.798825055094,11.581029881416)]

double3(0.071582980000,0.106794150000,0.042350405000),
double3(0.461835350000,0.067256310000,0.135624500000),
double3(0.127960520000,0.342800050000,0.449907200000),
double3(0.352766335000,0.319008230000,0.182626450000),
double3(0.059236965000,0.449693980000,0.496857850000),
double3(0.464373950000,0.222008250000,0.173704150000),
double3(0.137317240000,0.261872085000,0.487517500000),
double3(0.359349900000,0.401515065000,0.162353750000),
double3(0.078854525000,0.402282150000,0.462245525000),
double3(0.399341000000,0.259264020000,0.166782515000),
double3(0.444389000000,0.013414085000,0.109750970000),
double3(0.072863405000,0.145358700000,0.072013410000),
double3(0.055905910000,0.054618005000,0.338522750000),
double3(0.478584750000,0.125806375000,0.334174900000),
double3(0.259550950000,0.203170910000,0.023496490000),
double3(0.446869820000,0.185657040000,0.021797535000),
double3(0.363690450000,0.217310665000,0.007455410000),
double3(0.080140040000,0.486361475000,0.151648475000),
double3(0.266496300000,0.001694580000,0.099299765000),
double3(0.165965615000,0.451051300000,0.144192150000),
double3(0.162710340000,0.150607450000,0.062839440000),
double3(0.060468610000,0.367446500000,0.498274835000),
double3(0.424696685000,0.295656350000,0.137695750000),
double3(0.088720440000,0.333048950000,0.490270450000),
double3(0.396784150000,0.329936415000,0.146462725000),
double3(0.498092175000,0.147128200000,0.172684980000),
double3(0.028251880000,0.022407355000,0.008302490000),
double3(0.026984375000,0.195047380000,0.124696070000),
double3(0.492034300000,0.473131650000,0.046507525000),
double3(0.098172715000,0.252905220000,0.027662735000),
double3(0.402533770000,0.411942500000,0.125320050000),
double3(0.076634150000,0.206360000000,0.071210005000),
double3(0.435249625000,0.459428965000,0.094638475000),
double3(0.499088550000,0.230071350000,0.131636750000),
double3(0.014889425000,0.438811950000,0.031768765000),
double3(0.015561380000,0.274844750000,0.086038380000),
double3(0.483375130000,0.391125300000,0.063104330000),
double3(0.067788930000,0.287029100000,0.034446210000),
double3(0.426947475000,0.377660275000,0.111305450000),
double3(0.482820700000,0.308406175000,0.091885865000),
double3(0.009010080000,0.356234450000,0.050332350000),
double3(0.456317575000,0.048180775000,0.227296365000),
double3(0.481381250000,0.057760825000,0.261524100000),
double3(0.073406235000,0.125552640000,0.451712200000),
double3(0.049907660000,0.118981965000,0.414960250000),
double3(0.009136735000,0.106085055000,0.345799000000),
double3(0.025593840000,0.074490010000,0.326599570000),
double3(0.001999355000,0.065412440000,0.290897815000),
double3(0.031038915000,0.113601630000,0.383351600000),
double3(0.357221550000,0.179404365000,0.028719180000),
double3(0.124612080000,0.008480100000,0.135663135000),
double3(0.172646685000,0.488587900000,0.131630420000),
double3(0.229929075000,0.017831265000,0.108357860000),
double3(0.238830100000,0.066714845000,0.093261100000),
double3(0.189481260000,0.085748995000,0.092483865000),
double3(0.294850900000,0.097815730000,0.075838910000),
double3(0.302246050000,0.147580175000,0.048974915000),
double3(0.254253475000,0.165348485000,0.043811595000),
double3(0.198205700000,0.134823920000,0.066810055000),
double3(0.343280350000,0.082585195000,0.086068000000),
double3(0.404001265000,0.162036670000,0.036755255000),
double3(0.337879550000,0.034379410000,0.122992330000),
double3(0.395784250000,0.114983365000,0.065096500000),
double3(0.134209500000,0.056110805000,0.114415155000),
double3(0.333175570000,0.495524650000,0.152628900000),
double3(0.023051210000,0.113081155000,0.172563420000),
double3(0.004179575000,0.056656720000,0.009688505000),
double3(0.444475620000,0.139279185000,0.211937635000),
double3(0.082755155000,0.030458750000,0.470314250000),
double3(0.411028200000,0.490492550000,0.114244930000),
double3(0.104755790000,0.173506590000,0.059468290000),
double3(0.489350600000,0.039981545000,0.185769200000),
double3(0.400686700000,0.046584010000,0.239621300000),
double3(0.128228150000,0.125106485000,0.440972330000),
double3(0.039564270000,0.131708920000,0.494824350000),
double3(0.071582980000,0.106794150000,0.542350405000),
double3(0.461835350000,0.067256310000,0.635624500000),
double3(0.127960520000,0.342800050000,0.949907200000),
double3(0.352766335000,0.319008230000,0.682626450000),
double3(0.059236965000,0.449693980000,0.996857850000),
double3(0.464373950000,0.222008250000,0.673704150000),
double3(0.137317240000,0.261872085000,0.987517500000),
double3(0.359349900000,0.401515065000,0.662353750000),
double3(0.078854525000,0.402282150000,0.962245525000),
double3(0.399341000000,0.259264020000,0.666782515000),
double3(0.444389000000,0.013414085000,0.609750970000),
double3(0.072863405000,0.145358700000,0.572013410000),
double3(0.055905910000,0.054618005000,0.838522750000),
double3(0.478584750000,0.125806375000,0.834174900000),
double3(0.259550950000,0.203170910000,0.523496490000),
double3(0.446869820000,0.185657040000,0.521797535000),
double3(0.363690450000,0.217310665000,0.507455410000),
double3(0.080140040000,0.486361475000,0.651648475000),
double3(0.266496300000,0.001694580000,0.599299765000),
double3(0.165965615000,0.451051300000,0.644192150000),
double3(0.162710340000,0.150607450000,0.562839440000),
double3(0.060468610000,0.367446500000,0.998274835000),
double3(0.424696685000,0.295656350000,0.637695750000),
double3(0.088720440000,0.333048950000,0.990270450000),
double3(0.396784150000,0.329936415000,0.646462725000),
double3(0.498092175000,0.147128200000,0.672684980000),
double3(0.028251880000,0.022407355000,0.508302490000),
double3(0.026984375000,0.195047380000,0.624696070000),
double3(0.492034300000,0.473131650000,0.546507525000),
double3(0.098172715000,0.252905220000,0.527662735000),
double3(0.402533770000,0.411942500000,0.625320050000),
double3(0.076634150000,0.206360000000,0.571210005000),
double3(0.435249625000,0.459428965000,0.594638475000),
double3(0.499088550000,0.230071350000,0.631636750000),
double3(0.014889425000,0.438811950000,0.531768765000),
double3(0.015561380000,0.274844750000,0.586038380000),
double3(0.483375130000,0.391125300000,0.563104330000),
double3(0.067788930000,0.287029100000,0.534446210000),
double3(0.426947475000,0.377660275000,0.611305450000),
double3(0.482820700000,0.308406175000,0.591885865000),
double3(0.009010080000,0.356234450000,0.550332350000),
double3(0.456317575000,0.048180775000,0.727296365000),
double3(0.481381250000,0.057760825000,0.761524100000),
double3(0.073406235000,0.125552640000,0.951712200000),
double3(0.049907660000,0.118981965000,0.914960250000),
double3(0.009136735000,0.106085055000,0.845799000000),
double3(0.025593840000,0.074490010000,0.826599570000),
double3(0.001999355000,0.065412440000,0.790897815000),
double3(0.031038915000,0.113601630000,0.883351600000),
double3(0.357221550000,0.179404365000,0.528719180000),
double3(0.124612080000,0.008480100000,0.635663135000),
double3(0.172646685000,0.488587900000,0.631630420000),
double3(0.229929075000,0.017831265000,0.608357860000),
double3(0.238830100000,0.066714845000,0.593261100000),
double3(0.189481260000,0.085748995000,0.592483865000),
double3(0.294850900000,0.097815730000,0.575838910000),
double3(0.302246050000,0.147580175000,0.548974915000),
double3(0.254253475000,0.165348485000,0.543811595000),
double3(0.198205700000,0.134823920000,0.566810055000),
double3(0.343280350000,0.082585195000,0.586068000000),
double3(0.404001265000,0.162036670000,0.536755255000),
double3(0.337879550000,0.034379410000,0.622992330000),
double3(0.395784250000,0.114983365000,0.565096500000),
double3(0.134209500000,0.056110805000,0.614415155000),
double3(0.333175570000,0.495524650000,0.652628900000),
double3(0.023051210000,0.113081155000,0.672563420000),
double3(0.004179575000,0.056656720000,0.509688505000),
double3(0.444475620000,0.139279185000,0.711937635000),
double3(0.082755155000,0.030458750000,0.970314250000),
double3(0.411028200000,0.490492550000,0.614244930000),
double3(0.104755790000,0.173506590000,0.559468290000),
double3(0.489350600000,0.039981545000,0.685769200000),
double3(0.400686700000,0.046584010000,0.739621300000),
double3(0.128228150000,0.125106485000,0.940972330000),
double3(0.039564270000,0.131708920000,0.994824350000),
double3(0.071582980000,0.606794150000,0.042350405000),
double3(0.461835350000,0.567256310000,0.135624500000),
double3(0.127960520000,0.842800050000,0.449907200000),
double3(0.352766335000,0.819008230000,0.182626450000),
double3(0.059236965000,0.949693980000,0.496857850000),
double3(0.464373950000,0.722008250000,0.173704150000),
double3(0.137317240000,0.761872085000,0.487517500000),
double3(0.359349900000,0.901515065000,0.162353750000),
double3(0.078854525000,0.902282150000,0.462245525000),
double3(0.399341000000,0.759264020000,0.166782515000),
double3(0.444389000000,0.513414085000,0.109750970000),
double3(0.072863405000,0.645358700000,0.072013410000),
double3(0.055905910000,0.554618005000,0.338522750000),
double3(0.478584750000,0.625806375000,0.334174900000),
double3(0.259550950000,0.703170910000,0.023496490000),
double3(0.446869820000,0.685657040000,0.021797535000),
double3(0.363690450000,0.717310665000,0.007455410000),
double3(0.080140040000,0.986361475000,0.151648475000),
double3(0.266496300000,0.501694580000,0.099299765000),
double3(0.165965615000,0.951051300000,0.144192150000),
double3(0.162710340000,0.650607450000,0.062839440000),
double3(0.060468610000,0.867446500000,0.498274835000),
double3(0.424696685000,0.795656350000,0.137695750000),
double3(0.088720440000,0.833048950000,0.490270450000),
double3(0.396784150000,0.829936415000,0.146462725000),
double3(0.498092175000,0.647128200000,0.172684980000),
double3(0.028251880000,0.522407355000,0.008302490000),
double3(0.026984375000,0.695047380000,0.124696070000),
double3(0.492034300000,0.973131650000,0.046507525000),
double3(0.098172715000,0.752905220000,0.027662735000),
double3(0.402533770000,0.911942500000,0.125320050000),
double3(0.076634150000,0.706360000000,0.071210005000),
double3(0.435249625000,0.959428965000,0.094638475000),
double3(0.499088550000,0.730071350000,0.131636750000),
double3(0.014889425000,0.938811950000,0.031768765000),
double3(0.015561380000,0.774844750000,0.086038380000),
double3(0.483375130000,0.891125300000,0.063104330000),
double3(0.067788930000,0.787029100000,0.034446210000),
double3(0.426947475000,0.877660275000,0.111305450000),
double3(0.482820700000,0.808406175000,0.091885865000),
double3(0.009010080000,0.856234450000,0.050332350000),
double3(0.456317575000,0.548180775000,0.227296365000),
double3(0.481381250000,0.557760825000,0.261524100000),
double3(0.073406235000,0.625552640000,0.451712200000),
double3(0.049907660000,0.618981965000,0.414960250000),
double3(0.009136735000,0.606085055000,0.345799000000),
double3(0.025593840000,0.574490010000,0.326599570000),
double3(0.001999355000,0.565412440000,0.290897815000),
double3(0.031038915000,0.613601630000,0.383351600000),
double3(0.357221550000,0.679404365000,0.028719180000),
double3(0.124612080000,0.508480100000,0.135663135000),
double3(0.172646685000,0.988587900000,0.131630420000),
double3(0.229929075000,0.517831265000,0.108357860000),
double3(0.238830100000,0.566714845000,0.093261100000),
double3(0.189481260000,0.585748995000,0.092483865000),
double3(0.294850900000,0.597815730000,0.075838910000),
double3(0.302246050000,0.647580175000,0.048974915000),
double3(0.254253475000,0.665348485000,0.043811595000),
double3(0.198205700000,0.634823920000,0.066810055000),
double3(0.343280350000,0.582585195000,0.086068000000),
double3(0.404001265000,0.662036670000,0.036755255000),
double3(0.337879550000,0.534379410000,0.122992330000),
double3(0.395784250000,0.614983365000,0.065096500000),
double3(0.134209500000,0.556110805000,0.114415155000),
double3(0.333175570000,0.995524650000,0.152628900000),
double3(0.023051210000,0.613081155000,0.172563420000),
double3(0.004179575000,0.556656720000,0.009688505000),
double3(0.444475620000,0.639279185000,0.211937635000),
double3(0.082755155000,0.530458750000,0.470314250000),
double3(0.411028200000,0.990492550000,0.114244930000),
double3(0.104755790000,0.673506590000,0.059468290000),
double3(0.489350600000,0.539981545000,0.185769200000),
double3(0.400686700000,0.546584010000,0.239621300000),
double3(0.128228150000,0.625106485000,0.440972330000),
double3(0.039564270000,0.631708920000,0.494824350000),
double3(0.071582980000,0.606794150000,0.542350405000),
double3(0.461835350000,0.567256310000,0.635624500000),
double3(0.127960520000,0.842800050000,0.949907200000),
double3(0.352766335000,0.819008230000,0.682626450000),
double3(0.059236965000,0.949693980000,0.996857850000),
double3(0.464373950000,0.722008250000,0.673704150000),
double3(0.137317240000,0.761872085000,0.987517500000),
double3(0.359349900000,0.901515065000,0.662353750000),
double3(0.078854525000,0.902282150000,0.962245525000),
double3(0.399341000000,0.759264020000,0.666782515000),
double3(0.444389000000,0.513414085000,0.609750970000),
double3(0.072863405000,0.645358700000,0.572013410000),
double3(0.055905910000,0.554618005000,0.838522750000),
double3(0.478584750000,0.625806375000,0.834174900000),
double3(0.259550950000,0.703170910000,0.523496490000),
double3(0.446869820000,0.685657040000,0.521797535000),
double3(0.363690450000,0.717310665000,0.507455410000),
double3(0.080140040000,0.986361475000,0.651648475000),
double3(0.266496300000,0.501694580000,0.599299765000),
double3(0.165965615000,0.951051300000,0.644192150000),
double3(0.162710340000,0.650607450000,0.562839440000),
double3(0.060468610000,0.867446500000,0.998274835000),
double3(0.424696685000,0.795656350000,0.637695750000),
double3(0.088720440000,0.833048950000,0.990270450000),
double3(0.396784150000,0.829936415000,0.646462725000),
double3(0.498092175000,0.647128200000,0.672684980000),
double3(0.028251880000,0.522407355000,0.508302490000),
double3(0.026984375000,0.695047380000,0.624696070000),
double3(0.492034300000,0.973131650000,0.546507525000),
double3(0.098172715000,0.752905220000,0.527662735000),
double3(0.402533770000,0.911942500000,0.625320050000),
double3(0.076634150000,0.706360000000,0.571210005000),
double3(0.435249625000,0.959428965000,0.594638475000),
double3(0.499088550000,0.730071350000,0.631636750000),
double3(0.014889425000,0.938811950000,0.531768765000),
double3(0.015561380000,0.774844750000,0.586038380000),
double3(0.483375130000,0.891125300000,0.563104330000),
double3(0.067788930000,0.787029100000,0.534446210000),
double3(0.426947475000,0.877660275000,0.611305450000),
double3(0.482820700000,0.808406175000,0.591885865000),
double3(0.009010080000,0.856234450000,0.550332350000),
double3(0.456317575000,0.548180775000,0.727296365000),
double3(0.481381250000,0.557760825000,0.761524100000),
double3(0.073406235000,0.625552640000,0.951712200000),
double3(0.049907660000,0.618981965000,0.914960250000),
double3(0.009136735000,0.606085055000,0.845799000000),
double3(0.025593840000,0.574490010000,0.826599570000),
double3(0.001999355000,0.565412440000,0.790897815000),
double3(0.031038915000,0.613601630000,0.883351600000),
double3(0.357221550000,0.679404365000,0.528719180000),
double3(0.124612080000,0.508480100000,0.635663135000),
double3(0.172646685000,0.988587900000,0.631630420000),
double3(0.229929075000,0.517831265000,0.608357860000),
double3(0.238830100000,0.566714845000,0.593261100000),
double3(0.189481260000,0.585748995000,0.592483865000),
double3(0.294850900000,0.597815730000,0.575838910000),
double3(0.302246050000,0.647580175000,0.548974915000),
double3(0.254253475000,0.665348485000,0.543811595000),
double3(0.198205700000,0.634823920000,0.566810055000),
double3(0.343280350000,0.582585195000,0.586068000000),
double3(0.404001265000,0.662036670000,0.536755255000),
double3(0.337879550000,0.534379410000,0.622992330000),
double3(0.395784250000,0.614983365000,0.565096500000),
double3(0.134209500000,0.556110805000,0.614415155000),
double3(0.333175570000,0.995524650000,0.652628900000),
double3(0.023051210000,0.613081155000,0.672563420000),
double3(0.004179575000,0.556656720000,0.509688505000),
double3(0.444475620000,0.639279185000,0.711937635000),
double3(0.082755155000,0.530458750000,0.970314250000),
double3(0.411028200000,0.990492550000,0.614244930000),
double3(0.104755790000,0.673506590000,0.559468290000),
double3(0.489350600000,0.539981545000,0.685769200000),
double3(0.400686700000,0.546584010000,0.739621300000),
double3(0.128228150000,0.625106485000,0.940972330000),
double3(0.039564270000,0.631708920000,0.994824350000),
double3(0.571582980000,0.106794150000,0.042350405000),
double3(0.961835350000,0.067256310000,0.135624500000),
double3(0.627960520000,0.342800050000,0.449907200000),
double3(0.852766335000,0.319008230000,0.182626450000),
double3(0.559236965000,0.449693980000,0.496857850000),
double3(0.964373950000,0.222008250000,0.173704150000),
double3(0.637317240000,0.261872085000,0.487517500000),
double3(0.859349900000,0.401515065000,0.162353750000),
double3(0.578854525000,0.402282150000,0.462245525000),
double3(0.899341000000,0.259264020000,0.166782515000),
double3(0.944389000000,0.013414085000,0.109750970000),
double3(0.572863405000,0.145358700000,0.072013410000),
double3(0.555905910000,0.054618005000,0.338522750000),
double3(0.978584750000,0.125806375000,0.334174900000),
double3(0.759550950000,0.203170910000,0.023496490000),
double3(0.946869820000,0.185657040000,0.021797535000),
double3(0.863690450000,0.217310665000,0.007455410000),
double3(0.580140040000,0.486361475000,0.151648475000),
double3(0.766496300000,0.001694580000,0.099299765000),
double3(0.665965615000,0.451051300000,0.144192150000),
double3(0.662710340000,0.150607450000,0.062839440000),
double3(0.560468610000,0.367446500000,0.498274835000),
double3(0.924696685000,0.295656350000,0.137695750000),
double3(0.588720440000,0.333048950000,0.490270450000),
double3(0.896784150000,0.329936415000,0.146462725000),
double3(0.998092175000,0.147128200000,0.172684980000),
double3(0.528251880000,0.022407355000,0.008302490000),
double3(0.526984375000,0.195047380000,0.124696070000),
double3(0.992034300000,0.473131650000,0.046507525000),
double3(0.598172715000,0.252905220000,0.027662735000),
double3(0.902533770000,0.411942500000,0.125320050000),
double3(0.576634150000,0.206360000000,0.071210005000),
double3(0.935249625000,0.459428965000,0.094638475000),
double3(0.999088550000,0.230071350000,0.131636750000),
double3(0.514889425000,0.438811950000,0.031768765000),
double3(0.515561380000,0.274844750000,0.086038380000),
double3(0.983375130000,0.391125300000,0.063104330000),
double3(0.567788930000,0.287029100000,0.034446210000),
double3(0.926947475000,0.377660275000,0.111305450000),
double3(0.982820700000,0.308406175000,0.091885865000),
double3(0.509010080000,0.356234450000,0.050332350000),
double3(0.956317575000,0.048180775000,0.227296365000),
double3(0.981381250000,0.057760825000,0.261524100000),
double3(0.573406235000,0.125552640000,0.451712200000),
double3(0.549907660000,0.118981965000,0.414960250000),
double3(0.509136735000,0.106085055000,0.345799000000),
double3(0.525593840000,0.074490010000,0.326599570000),
double3(0.501999355000,0.065412440000,0.290897815000),
double3(0.531038915000,0.113601630000,0.383351600000),
double3(0.857221550000,0.179404365000,0.028719180000),
double3(0.624612080000,0.008480100000,0.135663135000),
double3(0.672646685000,0.488587900000,0.131630420000),
double3(0.729929075000,0.017831265000,0.108357860000),
double3(0.738830100000,0.066714845000,0.093261100000),
double3(0.689481260000,0.085748995000,0.092483865000),
double3(0.794850900000,0.097815730000,0.075838910000),
double3(0.802246050000,0.147580175000,0.048974915000),
double3(0.754253475000,0.165348485000,0.043811595000),
double3(0.698205700000,0.134823920000,0.066810055000),
double3(0.843280350000,0.082585195000,0.086068000000),
double3(0.904001265000,0.162036670000,0.036755255000),
double3(0.837879550000,0.034379410000,0.122992330000),
double3(0.895784250000,0.114983365000,0.065096500000),
double3(0.634209500000,0.056110805000,0.114415155000),
double3(0.833175570000,0.495524650000,0.152628900000),
double3(0.523051210000,0.113081155000,0.172563420000),
double3(0.504179575000,0.056656720000,0.009688505000),
double3(0.944475620000,0.139279185000,0.211937635000),
double3(0.582755155000,0.030458750000,0.470314250000),
double3(0.911028200000,0.490492550000,0.114244930000),
double3(0.604755790000,0.173506590000,0.059468290000),
double3(0.989350600000,0.039981545000,0.185769200000),
double3(0.900686700000,0.046584010000,0.239621300000),
double3(0.628228150000,0.125106485000,0.440972330000),
double3(0.539564270000,0.131708920000,0.494824350000),
double3(0.571582980000,0.106794150000,0.542350405000),
double3(0.961835350000,0.067256310000,0.635624500000),
double3(0.627960520000,0.342800050000,0.949907200000),
double3(0.852766335000,0.319008230000,0.682626450000),
double3(0.559236965000,0.449693980000,0.996857850000),
double3(0.964373950000,0.222008250000,0.673704150000),
double3(0.637317240000,0.261872085000,0.987517500000),
double3(0.859349900000,0.401515065000,0.662353750000),
double3(0.578854525000,0.402282150000,0.962245525000),
double3(0.899341000000,0.259264020000,0.666782515000),
double3(0.944389000000,0.013414085000,0.609750970000),
double3(0.572863405000,0.145358700000,0.572013410000),
double3(0.555905910000,0.054618005000,0.838522750000),
double3(0.978584750000,0.125806375000,0.834174900000),
double3(0.759550950000,0.203170910000,0.523496490000),
double3(0.946869820000,0.185657040000,0.521797535000),
double3(0.863690450000,0.217310665000,0.507455410000),
double3(0.580140040000,0.486361475000,0.651648475000),
double3(0.766496300000,0.001694580000,0.599299765000),
double3(0.665965615000,0.451051300000,0.644192150000),
double3(0.662710340000,0.150607450000,0.562839440000),
double3(0.560468610000,0.367446500000,0.998274835000),
double3(0.924696685000,0.295656350000,0.637695750000),
double3(0.588720440000,0.333048950000,0.990270450000),
double3(0.896784150000,0.329936415000,0.646462725000),
double3(0.998092175000,0.147128200000,0.672684980000),
double3(0.528251880000,0.022407355000,0.508302490000),
double3(0.526984375000,0.195047380000,0.624696070000),
double3(0.992034300000,0.473131650000,0.546507525000),
double3(0.598172715000,0.252905220000,0.527662735000),
double3(0.902533770000,0.411942500000,0.625320050000),
double3(0.576634150000,0.206360000000,0.571210005000),
double3(0.935249625000,0.459428965000,0.594638475000),
double3(0.999088550000,0.230071350000,0.631636750000),
double3(0.514889425000,0.438811950000,0.531768765000),
double3(0.515561380000,0.274844750000,0.586038380000),
double3(0.983375130000,0.391125300000,0.563104330000),
double3(0.567788930000,0.287029100000,0.534446210000),
double3(0.926947475000,0.377660275000,0.611305450000),
double3(0.982820700000,0.308406175000,0.591885865000),
double3(0.509010080000,0.356234450000,0.550332350000),
double3(0.956317575000,0.048180775000,0.727296365000),
double3(0.981381250000,0.057760825000,0.761524100000),
double3(0.573406235000,0.125552640000,0.951712200000),
double3(0.549907660000,0.118981965000,0.914960250000),
double3(0.509136735000,0.106085055000,0.845799000000),
double3(0.525593840000,0.074490010000,0.826599570000),
double3(0.501999355000,0.065412440000,0.790897815000),
double3(0.531038915000,0.113601630000,0.883351600000),
double3(0.857221550000,0.179404365000,0.528719180000),
double3(0.624612080000,0.008480100000,0.635663135000),
double3(0.672646685000,0.488587900000,0.631630420000),
double3(0.729929075000,0.017831265000,0.608357860000),
double3(0.738830100000,0.066714845000,0.593261100000),
double3(0.689481260000,0.085748995000,0.592483865000),
double3(0.794850900000,0.097815730000,0.575838910000),
double3(0.802246050000,0.147580175000,0.548974915000),
double3(0.754253475000,0.165348485000,0.543811595000),
double3(0.698205700000,0.134823920000,0.566810055000),
double3(0.843280350000,0.082585195000,0.586068000000),
double3(0.904001265000,0.162036670000,0.536755255000),
double3(0.837879550000,0.034379410000,0.622992330000),
double3(0.895784250000,0.114983365000,0.565096500000),
double3(0.634209500000,0.056110805000,0.614415155000),
double3(0.833175570000,0.495524650000,0.652628900000),
double3(0.523051210000,0.113081155000,0.672563420000),
double3(0.504179575000,0.056656720000,0.509688505000),
double3(0.944475620000,0.139279185000,0.711937635000),
double3(0.582755155000,0.030458750000,0.970314250000),
double3(0.911028200000,0.490492550000,0.614244930000),
double3(0.604755790000,0.173506590000,0.559468290000),
double3(0.989350600000,0.039981545000,0.685769200000),
double3(0.900686700000,0.046584010000,0.739621300000),
double3(0.628228150000,0.125106485000,0.940972330000),
double3(0.539564270000,0.131708920000,0.994824350000),
double3(0.571582980000,0.606794150000,0.042350405000),
double3(0.961835350000,0.567256310000,0.135624500000),
double3(0.627960520000,0.842800050000,0.449907200000),
double3(0.852766335000,0.819008230000,0.182626450000),
double3(0.559236965000,0.949693980000,0.496857850000),
double3(0.964373950000,0.722008250000,0.173704150000),
double3(0.637317240000,0.761872085000,0.487517500000),
double3(0.859349900000,0.901515065000,0.162353750000),
double3(0.578854525000,0.902282150000,0.462245525000),
double3(0.899341000000,0.759264020000,0.166782515000),
double3(0.944389000000,0.513414085000,0.109750970000),
double3(0.572863405000,0.645358700000,0.072013410000),
double3(0.555905910000,0.554618005000,0.338522750000),
double3(0.978584750000,0.625806375000,0.334174900000),
double3(0.759550950000,0.703170910000,0.023496490000),
double3(0.946869820000,0.685657040000,0.021797535000),
double3(0.863690450000,0.717310665000,0.007455410000),
double3(0.580140040000,0.986361475000,0.151648475000),
double3(0.766496300000,0.501694580000,0.099299765000),
double3(0.665965615000,0.951051300000,0.144192150000),
double3(0.662710340000,0.650607450000,0.062839440000),
double3(0.560468610000,0.867446500000,0.498274835000),
double3(0.924696685000,0.795656350000,0.137695750000),
double3(0.588720440000,0.833048950000,0.490270450000),
double3(0.896784150000,0.829936415000,0.146462725000),
double3(0.998092175000,0.647128200000,0.172684980000),
double3(0.528251880000,0.522407355000,0.008302490000),
double3(0.526984375000,0.695047380000,0.124696070000),
double3(0.992034300000,0.973131650000,0.046507525000),
double3(0.598172715000,0.752905220000,0.027662735000),
double3(0.902533770000,0.911942500000,0.125320050000),
double3(0.576634150000,0.706360000000,0.071210005000),
double3(0.935249625000,0.959428965000,0.094638475000),
double3(0.999088550000,0.730071350000,0.131636750000),
double3(0.514889425000,0.938811950000,0.031768765000),
double3(0.515561380000,0.774844750000,0.086038380000),
double3(0.983375130000,0.891125300000,0.063104330000),
double3(0.567788930000,0.787029100000,0.034446210000),
double3(0.926947475000,0.877660275000,0.111305450000),
double3(0.982820700000,0.808406175000,0.091885865000),
double3(0.509010080000,0.856234450000,0.050332350000),
double3(0.956317575000,0.548180775000,0.227296365000),
double3(0.981381250000,0.557760825000,0.261524100000),
double3(0.573406235000,0.625552640000,0.451712200000),
double3(0.549907660000,0.618981965000,0.414960250000),
double3(0.509136735000,0.606085055000,0.345799000000),
double3(0.525593840000,0.574490010000,0.326599570000),
double3(0.501999355000,0.565412440000,0.290897815000),
double3(0.531038915000,0.613601630000,0.383351600000),
double3(0.857221550000,0.679404365000,0.028719180000),
double3(0.624612080000,0.508480100000,0.135663135000),
double3(0.672646685000,0.988587900000,0.131630420000),
double3(0.729929075000,0.517831265000,0.108357860000),
double3(0.738830100000,0.566714845000,0.093261100000),
double3(0.689481260000,0.585748995000,0.092483865000),
double3(0.794850900000,0.597815730000,0.075838910000),
double3(0.802246050000,0.647580175000,0.048974915000),
double3(0.754253475000,0.665348485000,0.043811595000),
double3(0.698205700000,0.634823920000,0.066810055000),
double3(0.843280350000,0.582585195000,0.086068000000),
double3(0.904001265000,0.662036670000,0.036755255000),
double3(0.837879550000,0.534379410000,0.122992330000),
double3(0.895784250000,0.614983365000,0.065096500000),
double3(0.634209500000,0.556110805000,0.114415155000),
double3(0.833175570000,0.995524650000,0.152628900000),
double3(0.523051210000,0.613081155000,0.172563420000),
double3(0.504179575000,0.556656720000,0.009688505000),
double3(0.944475620000,0.639279185000,0.211937635000),
double3(0.582755155000,0.530458750000,0.470314250000),
double3(0.911028200000,0.990492550000,0.114244930000),
double3(0.604755790000,0.673506590000,0.059468290000),
double3(0.989350600000,0.539981545000,0.185769200000),
double3(0.900686700000,0.546584010000,0.239621300000),
double3(0.628228150000,0.625106485000,0.440972330000),
double3(0.539564270000,0.631708920000,0.494824350000),
double3(0.571582980000,0.606794150000,0.542350405000),
double3(0.961835350000,0.567256310000,0.635624500000),
double3(0.627960520000,0.842800050000,0.949907200000),
double3(0.852766335000,0.819008230000,0.682626450000),
double3(0.559236965000,0.949693980000,0.996857850000),
double3(0.964373950000,0.722008250000,0.673704150000),
double3(0.637317240000,0.761872085000,0.987517500000),
double3(0.859349900000,0.901515065000,0.662353750000),
double3(0.578854525000,0.902282150000,0.962245525000),
double3(0.899341000000,0.759264020000,0.666782515000),
double3(0.944389000000,0.513414085000,0.609750970000),
double3(0.572863405000,0.645358700000,0.572013410000),
double3(0.555905910000,0.554618005000,0.838522750000),
double3(0.978584750000,0.625806375000,0.834174900000),
double3(0.759550950000,0.703170910000,0.523496490000),
double3(0.946869820000,0.685657040000,0.521797535000),
double3(0.863690450000,0.717310665000,0.507455410000),
double3(0.580140040000,0.986361475000,0.651648475000),
double3(0.766496300000,0.501694580000,0.599299765000),
double3(0.665965615000,0.951051300000,0.644192150000),
double3(0.662710340000,0.650607450000,0.562839440000),
double3(0.560468610000,0.867446500000,0.998274835000),
double3(0.924696685000,0.795656350000,0.637695750000),
double3(0.588720440000,0.833048950000,0.990270450000),
double3(0.896784150000,0.829936415000,0.646462725000),
double3(0.998092175000,0.647128200000,0.672684980000),
double3(0.528251880000,0.522407355000,0.508302490000),
double3(0.526984375000,0.695047380000,0.624696070000),
double3(0.992034300000,0.973131650000,0.546507525000),
double3(0.598172715000,0.752905220000,0.527662735000),
double3(0.902533770000,0.911942500000,0.625320050000),
double3(0.576634150000,0.706360000000,0.571210005000),
double3(0.935249625000,0.959428965000,0.594638475000),
double3(0.999088550000,0.730071350000,0.631636750000),
double3(0.514889425000,0.938811950000,0.531768765000),
double3(0.515561380000,0.774844750000,0.586038380000),
double3(0.983375130000,0.891125300000,0.563104330000),
double3(0.567788930000,0.787029100000,0.534446210000),
double3(0.926947475000,0.877660275000,0.611305450000),
double3(0.982820700000,0.808406175000,0.591885865000),
double3(0.509010080000,0.856234450000,0.550332350000),
double3(0.956317575000,0.548180775000,0.727296365000),
double3(0.981381250000,0.557760825000,0.761524100000),
double3(0.573406235000,0.625552640000,0.951712200000),
double3(0.549907660000,0.618981965000,0.914960250000),
double3(0.509136735000,0.606085055000,0.845799000000),
double3(0.525593840000,0.574490010000,0.826599570000),
double3(0.501999355000,0.565412440000,0.790897815000),
double3(0.531038915000,0.613601630000,0.883351600000),
double3(0.857221550000,0.679404365000,0.528719180000),
double3(0.624612080000,0.508480100000,0.635663135000),
double3(0.672646685000,0.988587900000,0.631630420000),
double3(0.729929075000,0.517831265000,0.608357860000),
double3(0.738830100000,0.566714845000,0.593261100000),
double3(0.689481260000,0.585748995000,0.592483865000),
double3(0.794850900000,0.597815730000,0.575838910000),
double3(0.802246050000,0.647580175000,0.548974915000),
double3(0.754253475000,0.665348485000,0.543811595000),
double3(0.698205700000,0.634823920000,0.566810055000),
double3(0.843280350000,0.582585195000,0.586068000000),
double3(0.904001265000,0.662036670000,0.536755255000),
double3(0.837879550000,0.534379410000,0.622992330000),
double3(0.895784250000,0.614983365000,0.565096500000),
double3(0.634209500000,0.556110805000,0.614415155000),
double3(0.833175570000,0.995524650000,0.652628900000),
double3(0.523051210000,0.613081155000,0.672563420000),
double3(0.504179575000,0.556656720000,0.509688505000),
double3(0.944475620000,0.639279185000,0.711937635000),
double3(0.582755155000,0.530458750000,0.970314250000),
double3(0.911028200000,0.990492550000,0.614244930000),
double3(0.604755790000,0.673506590000,0.559468290000),
double3(0.989350600000,0.539981545000,0.685769200000),
double3(0.900686700000,0.546584010000,0.739621300000),
double3(0.628228150000,0.625106485000,0.940972330000),
double3(0.539564270000,0.631708920000,0.994824350000),
