[double3(10.977270000000,0.000000000000,0.000000000000),double3(0.794019096956,13.993130396136,0.000000000000),double3(0.142691912631,0.625116034021,17.646144526388)]

double3(0.239450010000,0.403833330000,0.230180350000),
double3(0.361219100000,0.401243700000,0.239869835000),
double3(0.031140650000,0.278882265000,0.322991800000),
double3(0.014826890000,0.480875285000,0.121098480000),
double3(0.420170550000,0.276913700000,0.197773900000),
double3(0.439314200000,0.338862900000,0.129799590000),
double3(0.245554165000,0.478784770000,0.256604100000),
double3(0.083452890000,0.005534770000,0.344297900000),
double3(0.301887600000,0.117137350000,0.139126240000),
double3(0.182914170000,0.025304910000,0.248790430000),
double3(0.348329600000,0.351733030000,0.153047430000),
double3(0.466299650000,0.052459100000,0.214438515000),
double3(0.138141185000,0.306553335000,0.324354470000),
double3(0.298284200000,0.188398735000,0.330812300000),
double3(0.314694000000,0.102203100000,0.328601700000),
double3(0.279022050000,0.202393265000,0.141002050000),
double3(0.198058440000,0.401344650000,0.354545750000),
double3(0.393968525000,0.402869750000,0.350368100000),
double3(0.210195290000,0.394055400000,0.119129600000),
double3(0.405141770000,0.394628465000,0.115008535000),
double3(0.140366735000,0.361665450000,0.002907930000),
double3(0.470043180000,0.362781150000,0.495882720000),
double3(0.154574230000,0.397821700000,0.412702850000),
double3(0.442725500000,0.400065350000,0.406571750000),
double3(0.001487125000,0.422374875000,0.252067450000),
double3(0.156484125000,0.372220425000,0.194399430000),
double3(0.450437550000,0.437197600000,0.277922275000),
double3(0.094088955000,0.436150450000,0.232601970000),
double3(0.066213330000,0.416533550000,0.269733070000),
double3(0.008710060000,0.371063250000,0.237370500000),
double3(0.037786250000,0.389812650000,0.200233920000),
double3(0.072683810000,0.365227950000,0.255274650000),
double3(0.030302815000,0.441364975000,0.214424670000),
double3(0.101898005000,0.384529380000,0.218016520000),
double3(0.305722415000,0.049050185000,0.264967320000),
double3(0.290736850000,0.257398650000,0.204485030000),
double3(0.335651750000,0.057403005000,0.200543270000),
double3(0.264630150000,0.249867705000,0.269876650000),
double3(0.309976350000,0.105373805000,0.200018450000),
double3(0.286106300000,0.200778885000,0.269908200000),
double3(0.307962800000,0.099576605000,0.267558600000),
double3(0.287326425000,0.206706570000,0.202107535000),
double3(0.302943915000,0.127845050000,0.234341175000),
double3(0.291852650000,0.178434625000,0.235446515000),
double3(0.299131275000,0.133293735000,0.166469450000),
double3(0.297856350000,0.172475235000,0.303385975000),
double3(0.308095850000,0.122719220000,0.302234550000),
double3(0.287570600000,0.182973340000,0.167511000000),
double3(0.293936350000,0.403766485000,0.306025850000),
double3(0.249788200000,0.390113175000,0.063454985000),
double3(0.361612020000,0.390457100000,0.061088740000),
double3(0.252056450000,0.394171350000,0.102830230000),
double3(0.362002520000,0.394505700000,0.100504340000),
double3(0.307644500000,0.397056370000,0.121464850000),
double3(0.304944785000,0.389275900000,0.042346060000),
double3(0.303069470000,0.391645200000,0.001625655000),
double3(0.301452150000,0.394202470000,0.467640850000),
double3(0.243001950000,0.398384350000,0.408625000000),
double3(0.354135100000,0.399251600000,0.406255250000),
double3(0.241552440000,0.400817800000,0.368865400000),
double3(0.351882250000,0.401678475000,0.366512925000),
double3(0.295798720000,0.402293750000,0.347686350000),
double3(0.299508780000,0.397366300000,0.427057800000),
double3(0.309117100000,0.400374800000,0.163003625000),
double3(0.189154970000,0.386455030000,0.045461240000),
double3(0.421169300000,0.387182830000,0.040543975000),
double3(0.091338910000,0.316490900000,0.285127950000),
double3(0.019963940000,0.363028080000,0.155401200000),
double3(0.444825850000,0.332422500000,0.234417035000),
double3(0.153124960000,0.479787320000,0.235608325000),
double3(0.091233810000,0.438752980000,0.315194650000),
double3(0.008566345000,0.486488225000,0.181617250000),
double3(0.247674225000,0.025191075000,0.294339250000),
double3(0.349583415000,0.279267200000,0.174203950000),
double3(0.400097850000,0.051053260000,0.169774900000),
double3(0.219106800000,0.264655250000,0.310270200000),
double3(0.326993400000,0.026508570000,0.232180225000),
double3(0.271730450000,0.280128750000,0.237653525000),
double3(0.066205920000,0.496109575000,0.320016325000),
double3(0.144781815000,0.353123425000,0.162056535000),
double3(0.404765850000,0.408921000000,0.278900700000),
double3(0.194246290000,0.406334100000,0.193037550000),
double3(0.469815435000,0.450082450000,0.310585250000),
double3(0.141112135000,0.288372600000,0.265908925000),
double3(0.112422890000,0.333990900000,0.321490675000),
double3(0.030914370000,0.284789770000,0.295154570000),
double3(0.455412700000,0.013296605000,0.198490150000),
double3(0.060389720000,0.017373385000,0.173546790000),
double3(0.490348150000,0.464206650000,0.140637515000),
double3(0.425578900000,0.313059270000,0.272598250000),
double3(0.391533750000,0.361320585000,0.217570020000),
double3(0.460399950000,0.287191150000,0.205718450000),
double3(0.049444815000,0.387950925000,0.122220875000),
double3(0.043561035000,0.311681630000,0.156421525000),
double3(0.444815200000,0.363612770000,0.148604440000),
double3(0.167922110000,0.002079250000,0.197570860000),
double3(0.133889825000,0.018146635000,0.262206735000),
double3(0.217972785000,0.452635300000,0.252729800000),
double3(0.066659910000,0.410367150000,0.348282800000),
double3(0.159207240000,0.436906070000,0.316950950000),
double3(0.273902600000,0.490765350000,0.324149900000),
double3(0.211937100000,0.064124660000,0.314487550000),
double3(0.197622700000,0.499675700000,0.267084330000),
double3(0.407612650000,0.251045850000,0.184698790000),
double3(0.336787970000,0.269938975000,0.133475170000),
double3(0.363383920000,0.336744150000,0.177056340000),
double3(0.386243050000,0.020439375000,0.137343200000),
double3(0.416690400000,0.098724105000,0.153026790000),
double3(0.461689830000,0.029684535000,0.193977340000),
double3(0.186698885000,0.221279850000,0.323853200000),
double3(0.260628200000,0.278175950000,0.341246200000),
double3(0.165094330000,0.307910830000,0.301888975000),
double3(0.242137250000,0.403718920000,0.289062320000),
double3(0.344150635000,0.404551685000,0.286868400000),
double3(0.258834720000,0.400766000000,0.182160380000),
double3(0.360773025000,0.401598150000,0.179968060000),
double3(0.143181400000,0.403931020000,0.060553970000),
double3(0.184056730000,0.361920835000,0.011954365000),
double3(0.465659650000,0.404896530000,0.053744495000),
double3(0.427165750000,0.362762125000,0.006768110000),
double3(0.190072375000,0.396889400000,0.429956885000),
double3(0.408922900000,0.398590265000,0.425295900000),
double3(0.239450010000,0.403833330000,0.730180350000),
double3(0.361219100000,0.401243700000,0.739869835000),
double3(0.031140650000,0.278882265000,0.822991800000),
double3(0.014826890000,0.480875285000,0.621098480000),
double3(0.420170550000,0.276913700000,0.697773900000),
double3(0.439314200000,0.338862900000,0.629799590000),
double3(0.245554165000,0.478784770000,0.756604100000),
double3(0.083452890000,0.005534770000,0.844297900000),
double3(0.301887600000,0.117137350000,0.639126240000),
double3(0.182914170000,0.025304910000,0.748790430000),
double3(0.348329600000,0.351733030000,0.653047430000),
double3(0.466299650000,0.052459100000,0.714438515000),
double3(0.138141185000,0.306553335000,0.824354470000),
double3(0.298284200000,0.188398735000,0.830812300000),
double3(0.314694000000,0.102203100000,0.828601700000),
double3(0.279022050000,0.202393265000,0.641002050000),
double3(0.198058440000,0.401344650000,0.854545750000),
double3(0.393968525000,0.402869750000,0.850368100000),
double3(0.210195290000,0.394055400000,0.619129600000),
double3(0.405141770000,0.394628465000,0.615008535000),
double3(0.140366735000,0.361665450000,0.502907930000),
double3(0.470043180000,0.362781150000,0.995882720000),
double3(0.154574230000,0.397821700000,0.912702850000),
double3(0.442725500000,0.400065350000,0.906571750000),
double3(0.001487125000,0.422374875000,0.752067450000),
double3(0.156484125000,0.372220425000,0.694399430000),
double3(0.450437550000,0.437197600000,0.777922275000),
double3(0.094088955000,0.436150450000,0.732601970000),
double3(0.066213330000,0.416533550000,0.769733070000),
double3(0.008710060000,0.371063250000,0.737370500000),
double3(0.037786250000,0.389812650000,0.700233920000),
double3(0.072683810000,0.365227950000,0.755274650000),
double3(0.030302815000,0.441364975000,0.714424670000),
double3(0.101898005000,0.384529380000,0.718016520000),
double3(0.305722415000,0.049050185000,0.764967320000),
double3(0.290736850000,0.257398650000,0.704485030000),
double3(0.335651750000,0.057403005000,0.700543270000),
double3(0.264630150000,0.249867705000,0.769876650000),
double3(0.309976350000,0.105373805000,0.700018450000),
double3(0.286106300000,0.200778885000,0.769908200000),
double3(0.307962800000,0.099576605000,0.767558600000),
double3(0.287326425000,0.206706570000,0.702107535000),
double3(0.302943915000,0.127845050000,0.734341175000),
double3(0.291852650000,0.178434625000,0.735446515000),
double3(0.299131275000,0.133293735000,0.666469450000),
double3(0.297856350000,0.172475235000,0.803385975000),
double3(0.308095850000,0.122719220000,0.802234550000),
double3(0.287570600000,0.182973340000,0.667511000000),
double3(0.293936350000,0.403766485000,0.806025850000),
double3(0.249788200000,0.390113175000,0.563454985000),
double3(0.361612020000,0.390457100000,0.561088740000),
double3(0.252056450000,0.394171350000,0.602830230000),
double3(0.362002520000,0.394505700000,0.600504340000),
double3(0.307644500000,0.397056370000,0.621464850000),
double3(0.304944785000,0.389275900000,0.542346060000),
double3(0.303069470000,0.391645200000,0.501625655000),
double3(0.301452150000,0.394202470000,0.967640850000),
double3(0.243001950000,0.398384350000,0.908625000000),
double3(0.354135100000,0.399251600000,0.906255250000),
double3(0.241552440000,0.400817800000,0.868865400000),
double3(0.351882250000,0.401678475000,0.866512925000),
double3(0.295798720000,0.402293750000,0.847686350000),
double3(0.299508780000,0.397366300000,0.927057800000),
double3(0.309117100000,0.400374800000,0.663003625000),
double3(0.189154970000,0.386455030000,0.545461240000),
double3(0.421169300000,0.387182830000,0.540543975000),
double3(0.091338910000,0.316490900000,0.785127950000),
double3(0.019963940000,0.363028080000,0.655401200000),
double3(0.444825850000,0.332422500000,0.734417035000),
double3(0.153124960000,0.479787320000,0.735608325000),
double3(0.091233810000,0.438752980000,0.815194650000),
double3(0.008566345000,0.486488225000,0.681617250000),
double3(0.247674225000,0.025191075000,0.794339250000),
double3(0.349583415000,0.279267200000,0.674203950000),
double3(0.400097850000,0.051053260000,0.669774900000),
double3(0.219106800000,0.264655250000,0.810270200000),
double3(0.326993400000,0.026508570000,0.732180225000),
double3(0.271730450000,0.280128750000,0.737653525000),
double3(0.066205920000,0.496109575000,0.820016325000),
double3(0.144781815000,0.353123425000,0.662056535000),
double3(0.404765850000,0.408921000000,0.778900700000),
double3(0.194246290000,0.406334100000,0.693037550000),
double3(0.469815435000,0.450082450000,0.810585250000),
double3(0.141112135000,0.288372600000,0.765908925000),
double3(0.112422890000,0.333990900000,0.821490675000),
double3(0.030914370000,0.284789770000,0.795154570000),
double3(0.455412700000,0.013296605000,0.698490150000),
double3(0.060389720000,0.017373385000,0.673546790000),
double3(0.490348150000,0.464206650000,0.640637515000),
double3(0.425578900000,0.313059270000,0.772598250000),
double3(0.391533750000,0.361320585000,0.717570020000),
double3(0.460399950000,0.287191150000,0.705718450000),
double3(0.049444815000,0.387950925000,0.622220875000),
double3(0.043561035000,0.311681630000,0.656421525000),
double3(0.444815200000,0.363612770000,0.648604440000),
double3(0.167922110000,0.002079250000,0.697570860000),
double3(0.133889825000,0.018146635000,0.762206735000),
double3(0.217972785000,0.452635300000,0.752729800000),
double3(0.066659910000,0.410367150000,0.848282800000),
double3(0.159207240000,0.436906070000,0.816950950000),
double3(0.273902600000,0.490765350000,0.824149900000),
double3(0.211937100000,0.064124660000,0.814487550000),
double3(0.197622700000,0.499675700000,0.767084330000),
double3(0.407612650000,0.251045850000,0.684698790000),
double3(0.336787970000,0.269938975000,0.633475170000),
double3(0.363383920000,0.336744150000,0.677056340000),
double3(0.386243050000,0.020439375000,0.637343200000),
double3(0.416690400000,0.098724105000,0.653026790000),
double3(0.461689830000,0.029684535000,0.693977340000),
double3(0.186698885000,0.221279850000,0.823853200000),
double3(0.260628200000,0.278175950000,0.841246200000),
double3(0.165094330000,0.307910830000,0.801888975000),
double3(0.242137250000,0.403718920000,0.789062320000),
double3(0.344150635000,0.404551685000,0.786868400000),
double3(0.258834720000,0.400766000000,0.682160380000),
double3(0.360773025000,0.401598150000,0.679968060000),
double3(0.143181400000,0.403931020000,0.560553970000),
double3(0.184056730000,0.361920835000,0.511954365000),
double3(0.465659650000,0.404896530000,0.553744495000),
double3(0.427165750000,0.362762125000,0.506768110000),
double3(0.190072375000,0.396889400000,0.929956885000),
double3(0.408922900000,0.398590265000,0.925295900000),
double3(0.239450010000,0.903833330000,0.230180350000),
double3(0.361219100000,0.901243700000,0.239869835000),
double3(0.031140650000,0.778882265000,0.322991800000),
double3(0.014826890000,0.980875285000,0.121098480000),
double3(0.420170550000,0.776913700000,0.197773900000),
double3(0.439314200000,0.838862900000,0.129799590000),
double3(0.245554165000,0.978784770000,0.256604100000),
double3(0.083452890000,0.505534770000,0.344297900000),
double3(0.301887600000,0.617137350000,0.139126240000),
double3(0.182914170000,0.525304910000,0.248790430000),
double3(0.348329600000,0.851733030000,0.153047430000),
double3(0.466299650000,0.552459100000,0.214438515000),
double3(0.138141185000,0.806553335000,0.324354470000),
double3(0.298284200000,0.688398735000,0.330812300000),
double3(0.314694000000,0.602203100000,0.328601700000),
double3(0.279022050000,0.702393265000,0.141002050000),
double3(0.198058440000,0.901344650000,0.354545750000),
double3(0.393968525000,0.902869750000,0.350368100000),
double3(0.210195290000,0.894055400000,0.119129600000),
double3(0.405141770000,0.894628465000,0.115008535000),
double3(0.140366735000,0.861665450000,0.002907930000),
double3(0.470043180000,0.862781150000,0.495882720000),
double3(0.154574230000,0.897821700000,0.412702850000),
double3(0.442725500000,0.900065350000,0.406571750000),
double3(0.001487125000,0.922374875000,0.252067450000),
double3(0.156484125000,0.872220425000,0.194399430000),
double3(0.450437550000,0.937197600000,0.277922275000),
double3(0.094088955000,0.936150450000,0.232601970000),
double3(0.066213330000,0.916533550000,0.269733070000),
double3(0.008710060000,0.871063250000,0.237370500000),
double3(0.037786250000,0.889812650000,0.200233920000),
double3(0.072683810000,0.865227950000,0.255274650000),
double3(0.030302815000,0.941364975000,0.214424670000),
double3(0.101898005000,0.884529380000,0.218016520000),
double3(0.305722415000,0.549050185000,0.264967320000),
double3(0.290736850000,0.757398650000,0.204485030000),
double3(0.335651750000,0.557403005000,0.200543270000),
double3(0.264630150000,0.749867705000,0.269876650000),
double3(0.309976350000,0.605373805000,0.200018450000),
double3(0.286106300000,0.700778885000,0.269908200000),
double3(0.307962800000,0.599576605000,0.267558600000),
double3(0.287326425000,0.706706570000,0.202107535000),
double3(0.302943915000,0.627845050000,0.234341175000),
double3(0.291852650000,0.678434625000,0.235446515000),
double3(0.299131275000,0.633293735000,0.166469450000),
double3(0.297856350000,0.672475235000,0.303385975000),
double3(0.308095850000,0.622719220000,0.302234550000),
double3(0.287570600000,0.682973340000,0.167511000000),
double3(0.293936350000,0.903766485000,0.306025850000),
double3(0.249788200000,0.890113175000,0.063454985000),
double3(0.361612020000,0.890457100000,0.061088740000),
double3(0.252056450000,0.894171350000,0.102830230000),
double3(0.362002520000,0.894505700000,0.100504340000),
double3(0.307644500000,0.897056370000,0.121464850000),
double3(0.304944785000,0.889275900000,0.042346060000),
double3(0.303069470000,0.891645200000,0.001625655000),
double3(0.301452150000,0.894202470000,0.467640850000),
double3(0.243001950000,0.898384350000,0.408625000000),
double3(0.354135100000,0.899251600000,0.406255250000),
double3(0.241552440000,0.900817800000,0.368865400000),
double3(0.351882250000,0.901678475000,0.366512925000),
double3(0.295798720000,0.902293750000,0.347686350000),
double3(0.299508780000,0.897366300000,0.427057800000),
double3(0.309117100000,0.900374800000,0.163003625000),
double3(0.189154970000,0.886455030000,0.045461240000),
double3(0.421169300000,0.887182830000,0.040543975000),
double3(0.091338910000,0.816490900000,0.285127950000),
double3(0.019963940000,0.863028080000,0.155401200000),
double3(0.444825850000,0.832422500000,0.234417035000),
double3(0.153124960000,0.979787320000,0.235608325000),
double3(0.091233810000,0.938752980000,0.315194650000),
double3(0.008566345000,0.986488225000,0.181617250000),
double3(0.247674225000,0.525191075000,0.294339250000),
double3(0.349583415000,0.779267200000,0.174203950000),
double3(0.400097850000,0.551053260000,0.169774900000),
double3(0.219106800000,0.764655250000,0.310270200000),
double3(0.326993400000,0.526508570000,0.232180225000),
double3(0.271730450000,0.780128750000,0.237653525000),
double3(0.066205920000,0.996109575000,0.320016325000),
double3(0.144781815000,0.853123425000,0.162056535000),
double3(0.404765850000,0.908921000000,0.278900700000),
double3(0.194246290000,0.906334100000,0.193037550000),
double3(0.469815435000,0.950082450000,0.310585250000),
double3(0.141112135000,0.788372600000,0.265908925000),
double3(0.112422890000,0.833990900000,0.321490675000),
double3(0.030914370000,0.784789770000,0.295154570000),
double3(0.455412700000,0.513296605000,0.198490150000),
double3(0.060389720000,0.517373385000,0.173546790000),
double3(0.490348150000,0.964206650000,0.140637515000),
double3(0.425578900000,0.813059270000,0.272598250000),
double3(0.391533750000,0.861320585000,0.217570020000),
double3(0.460399950000,0.787191150000,0.205718450000),
double3(0.049444815000,0.887950925000,0.122220875000),
double3(0.043561035000,0.811681630000,0.156421525000),
double3(0.444815200000,0.863612770000,0.148604440000),
double3(0.167922110000,0.502079250000,0.197570860000),
double3(0.133889825000,0.518146635000,0.262206735000),
double3(0.217972785000,0.952635300000,0.252729800000),
double3(0.066659910000,0.910367150000,0.348282800000),
double3(0.159207240000,0.936906070000,0.316950950000),
double3(0.273902600000,0.990765350000,0.324149900000),
double3(0.211937100000,0.564124660000,0.314487550000),
double3(0.197622700000,0.999675700000,0.267084330000),
double3(0.407612650000,0.751045850000,0.184698790000),
double3(0.336787970000,0.769938975000,0.133475170000),
double3(0.363383920000,0.836744150000,0.177056340000),
double3(0.386243050000,0.520439375000,0.137343200000),
double3(0.416690400000,0.598724105000,0.153026790000),
double3(0.461689830000,0.529684535000,0.193977340000),
double3(0.186698885000,0.721279850000,0.323853200000),
double3(0.260628200000,0.778175950000,0.341246200000),
double3(0.165094330000,0.807910830000,0.301888975000),
double3(0.242137250000,0.903718920000,0.289062320000),
double3(0.344150635000,0.904551685000,0.286868400000),
double3(0.258834720000,0.900766000000,0.182160380000),
double3(0.360773025000,0.901598150000,0.179968060000),
double3(0.143181400000,0.903931020000,0.060553970000),
double3(0.184056730000,0.861920835000,0.011954365000),
double3(0.465659650000,0.904896530000,0.053744495000),
double3(0.427165750000,0.862762125000,0.006768110000),
double3(0.190072375000,0.896889400000,0.429956885000),
double3(0.408922900000,0.898590265000,0.425295900000),
double3(0.239450010000,0.903833330000,0.730180350000),
double3(0.361219100000,0.901243700000,0.739869835000),
double3(0.031140650000,0.778882265000,0.822991800000),
double3(0.014826890000,0.980875285000,0.621098480000),
double3(0.420170550000,0.776913700000,0.697773900000),
double3(0.439314200000,0.838862900000,0.629799590000),
double3(0.245554165000,0.978784770000,0.756604100000),
double3(0.083452890000,0.505534770000,0.844297900000),
double3(0.301887600000,0.617137350000,0.639126240000),
double3(0.182914170000,0.525304910000,0.748790430000),
double3(0.348329600000,0.851733030000,0.653047430000),
double3(0.466299650000,0.552459100000,0.714438515000),
double3(0.138141185000,0.806553335000,0.824354470000),
double3(0.298284200000,0.688398735000,0.830812300000),
double3(0.314694000000,0.602203100000,0.828601700000),
double3(0.279022050000,0.702393265000,0.641002050000),
double3(0.198058440000,0.901344650000,0.854545750000),
double3(0.393968525000,0.902869750000,0.850368100000),
double3(0.210195290000,0.894055400000,0.619129600000),
double3(0.405141770000,0.894628465000,0.615008535000),
double3(0.140366735000,0.861665450000,0.502907930000),
double3(0.470043180000,0.862781150000,0.995882720000),
double3(0.154574230000,0.897821700000,0.912702850000),
double3(0.442725500000,0.900065350000,0.906571750000),
double3(0.001487125000,0.922374875000,0.752067450000),
double3(0.156484125000,0.872220425000,0.694399430000),
double3(0.450437550000,0.937197600000,0.777922275000),
double3(0.094088955000,0.936150450000,0.732601970000),
double3(0.066213330000,0.916533550000,0.769733070000),
double3(0.008710060000,0.871063250000,0.737370500000),
double3(0.037786250000,0.889812650000,0.700233920000),
double3(0.072683810000,0.865227950000,0.755274650000),
double3(0.030302815000,0.941364975000,0.714424670000),
double3(0.101898005000,0.884529380000,0.718016520000),
double3(0.305722415000,0.549050185000,0.764967320000),
double3(0.290736850000,0.757398650000,0.704485030000),
double3(0.335651750000,0.557403005000,0.700543270000),
double3(0.264630150000,0.749867705000,0.769876650000),
double3(0.309976350000,0.605373805000,0.700018450000),
double3(0.286106300000,0.700778885000,0.769908200000),
double3(0.307962800000,0.599576605000,0.767558600000),
double3(0.287326425000,0.706706570000,0.702107535000),
double3(0.302943915000,0.627845050000,0.734341175000),
double3(0.291852650000,0.678434625000,0.735446515000),
double3(0.299131275000,0.633293735000,0.666469450000),
double3(0.297856350000,0.672475235000,0.803385975000),
double3(0.308095850000,0.622719220000,0.802234550000),
double3(0.287570600000,0.682973340000,0.667511000000),
double3(0.293936350000,0.903766485000,0.806025850000),
double3(0.249788200000,0.890113175000,0.563454985000),
double3(0.361612020000,0.890457100000,0.561088740000),
double3(0.252056450000,0.894171350000,0.602830230000),
double3(0.362002520000,0.894505700000,0.600504340000),
double3(0.307644500000,0.897056370000,0.621464850000),
double3(0.304944785000,0.889275900000,0.542346060000),
double3(0.303069470000,0.891645200000,0.501625655000),
double3(0.301452150000,0.894202470000,0.967640850000),
double3(0.243001950000,0.898384350000,0.908625000000),
double3(0.354135100000,0.899251600000,0.906255250000),
double3(0.241552440000,0.900817800000,0.868865400000),
double3(0.351882250000,0.901678475000,0.866512925000),
double3(0.295798720000,0.902293750000,0.847686350000),
double3(0.299508780000,0.897366300000,0.927057800000),
double3(0.309117100000,0.900374800000,0.663003625000),
double3(0.189154970000,0.886455030000,0.545461240000),
double3(0.421169300000,0.887182830000,0.540543975000),
double3(0.091338910000,0.816490900000,0.785127950000),
double3(0.019963940000,0.863028080000,0.655401200000),
double3(0.444825850000,0.832422500000,0.734417035000),
double3(0.153124960000,0.979787320000,0.735608325000),
double3(0.091233810000,0.938752980000,0.815194650000),
double3(0.008566345000,0.986488225000,0.681617250000),
double3(0.247674225000,0.525191075000,0.794339250000),
double3(0.349583415000,0.779267200000,0.674203950000),
double3(0.400097850000,0.551053260000,0.669774900000),
double3(0.219106800000,0.764655250000,0.810270200000),
double3(0.326993400000,0.526508570000,0.732180225000),
double3(0.271730450000,0.780128750000,0.737653525000),
double3(0.066205920000,0.996109575000,0.820016325000),
double3(0.144781815000,0.853123425000,0.662056535000),
double3(0.404765850000,0.908921000000,0.778900700000),
double3(0.194246290000,0.906334100000,0.693037550000),
double3(0.469815435000,0.950082450000,0.810585250000),
double3(0.141112135000,0.788372600000,0.765908925000),
double3(0.112422890000,0.833990900000,0.821490675000),
double3(0.030914370000,0.784789770000,0.795154570000),
double3(0.455412700000,0.513296605000,0.698490150000),
double3(0.060389720000,0.517373385000,0.673546790000),
double3(0.490348150000,0.964206650000,0.640637515000),
double3(0.425578900000,0.813059270000,0.772598250000),
double3(0.391533750000,0.861320585000,0.717570020000),
double3(0.460399950000,0.787191150000,0.705718450000),
double3(0.049444815000,0.887950925000,0.622220875000),
double3(0.043561035000,0.811681630000,0.656421525000),
double3(0.444815200000,0.863612770000,0.648604440000),
double3(0.167922110000,0.502079250000,0.697570860000),
double3(0.133889825000,0.518146635000,0.762206735000),
double3(0.217972785000,0.952635300000,0.752729800000),
double3(0.066659910000,0.910367150000,0.848282800000),
double3(0.159207240000,0.936906070000,0.816950950000),
double3(0.273902600000,0.990765350000,0.824149900000),
double3(0.211937100000,0.564124660000,0.814487550000),
double3(0.197622700000,0.999675700000,0.767084330000),
double3(0.407612650000,0.751045850000,0.684698790000),
double3(0.336787970000,0.769938975000,0.633475170000),
double3(0.363383920000,0.836744150000,0.677056340000),
double3(0.386243050000,0.520439375000,0.637343200000),
double3(0.416690400000,0.598724105000,0.653026790000),
double3(0.461689830000,0.529684535000,0.693977340000),
double3(0.186698885000,0.721279850000,0.823853200000),
double3(0.260628200000,0.778175950000,0.841246200000),
double3(0.165094330000,0.807910830000,0.801888975000),
double3(0.242137250000,0.903718920000,0.789062320000),
double3(0.344150635000,0.904551685000,0.786868400000),
double3(0.258834720000,0.900766000000,0.682160380000),
double3(0.360773025000,0.901598150000,0.679968060000),
double3(0.143181400000,0.903931020000,0.560553970000),
double3(0.184056730000,0.861920835000,0.511954365000),
double3(0.465659650000,0.904896530000,0.553744495000),
double3(0.427165750000,0.862762125000,0.506768110000),
double3(0.190072375000,0.896889400000,0.929956885000),
double3(0.408922900000,0.898590265000,0.925295900000),
double3(0.739450010000,0.403833330000,0.230180350000),
double3(0.861219100000,0.401243700000,0.239869835000),
double3(0.531140650000,0.278882265000,0.322991800000),
double3(0.514826890000,0.480875285000,0.121098480000),
double3(0.920170550000,0.276913700000,0.197773900000),
double3(0.939314200000,0.338862900000,0.129799590000),
double3(0.745554165000,0.478784770000,0.256604100000),
double3(0.583452890000,0.005534770000,0.344297900000),
double3(0.801887600000,0.117137350000,0.139126240000),
double3(0.682914170000,0.025304910000,0.248790430000),
double3(0.848329600000,0.351733030000,0.153047430000),
double3(0.966299650000,0.052459100000,0.214438515000),
double3(0.638141185000,0.306553335000,0.324354470000),
double3(0.798284200000,0.188398735000,0.330812300000),
double3(0.814694000000,0.102203100000,0.328601700000),
double3(0.779022050000,0.202393265000,0.141002050000),
double3(0.698058440000,0.401344650000,0.354545750000),
double3(0.893968525000,0.402869750000,0.350368100000),
double3(0.710195290000,0.394055400000,0.119129600000),
double3(0.905141770000,0.394628465000,0.115008535000),
double3(0.640366735000,0.361665450000,0.002907930000),
double3(0.970043180000,0.362781150000,0.495882720000),
double3(0.654574230000,0.397821700000,0.412702850000),
double3(0.942725500000,0.400065350000,0.406571750000),
double3(0.501487125000,0.422374875000,0.252067450000),
double3(0.656484125000,0.372220425000,0.194399430000),
double3(0.950437550000,0.437197600000,0.277922275000),
double3(0.594088955000,0.436150450000,0.232601970000),
double3(0.566213330000,0.416533550000,0.269733070000),
double3(0.508710060000,0.371063250000,0.237370500000),
double3(0.537786250000,0.389812650000,0.200233920000),
double3(0.572683810000,0.365227950000,0.255274650000),
double3(0.530302815000,0.441364975000,0.214424670000),
double3(0.601898005000,0.384529380000,0.218016520000),
double3(0.805722415000,0.049050185000,0.264967320000),
double3(0.790736850000,0.257398650000,0.204485030000),
double3(0.835651750000,0.057403005000,0.200543270000),
double3(0.764630150000,0.249867705000,0.269876650000),
double3(0.809976350000,0.105373805000,0.200018450000),
double3(0.786106300000,0.200778885000,0.269908200000),
double3(0.807962800000,0.099576605000,0.267558600000),
double3(0.787326425000,0.206706570000,0.202107535000),
double3(0.802943915000,0.127845050000,0.234341175000),
double3(0.791852650000,0.178434625000,0.235446515000),
double3(0.799131275000,0.133293735000,0.166469450000),
double3(0.797856350000,0.172475235000,0.303385975000),
double3(0.808095850000,0.122719220000,0.302234550000),
double3(0.787570600000,0.182973340000,0.167511000000),
double3(0.793936350000,0.403766485000,0.306025850000),
double3(0.749788200000,0.390113175000,0.063454985000),
double3(0.861612020000,0.390457100000,0.061088740000),
double3(0.752056450000,0.394171350000,0.102830230000),
double3(0.862002520000,0.394505700000,0.100504340000),
double3(0.807644500000,0.397056370000,0.121464850000),
double3(0.804944785000,0.389275900000,0.042346060000),
double3(0.803069470000,0.391645200000,0.001625655000),
double3(0.801452150000,0.394202470000,0.467640850000),
double3(0.743001950000,0.398384350000,0.408625000000),
double3(0.854135100000,0.399251600000,0.406255250000),
double3(0.741552440000,0.400817800000,0.368865400000),
double3(0.851882250000,0.401678475000,0.366512925000),
double3(0.795798720000,0.402293750000,0.347686350000),
double3(0.799508780000,0.397366300000,0.427057800000),
double3(0.809117100000,0.400374800000,0.163003625000),
double3(0.689154970000,0.386455030000,0.045461240000),
double3(0.921169300000,0.387182830000,0.040543975000),
double3(0.591338910000,0.316490900000,0.285127950000),
double3(0.519963940000,0.363028080000,0.155401200000),
double3(0.944825850000,0.332422500000,0.234417035000),
double3(0.653124960000,0.479787320000,0.235608325000),
double3(0.591233810000,0.438752980000,0.315194650000),
double3(0.508566345000,0.486488225000,0.181617250000),
double3(0.747674225000,0.025191075000,0.294339250000),
double3(0.849583415000,0.279267200000,0.174203950000),
double3(0.900097850000,0.051053260000,0.169774900000),
double3(0.719106800000,0.264655250000,0.310270200000),
double3(0.826993400000,0.026508570000,0.232180225000),
double3(0.771730450000,0.280128750000,0.237653525000),
double3(0.566205920000,0.496109575000,0.320016325000),
double3(0.644781815000,0.353123425000,0.162056535000),
double3(0.904765850000,0.408921000000,0.278900700000),
double3(0.694246290000,0.406334100000,0.193037550000),
double3(0.969815435000,0.450082450000,0.310585250000),
double3(0.641112135000,0.288372600000,0.265908925000),
double3(0.612422890000,0.333990900000,0.321490675000),
double3(0.530914370000,0.284789770000,0.295154570000),
double3(0.955412700000,0.013296605000,0.198490150000),
double3(0.560389720000,0.017373385000,0.173546790000),
double3(0.990348150000,0.464206650000,0.140637515000),
double3(0.925578900000,0.313059270000,0.272598250000),
double3(0.891533750000,0.361320585000,0.217570020000),
double3(0.960399950000,0.287191150000,0.205718450000),
double3(0.549444815000,0.387950925000,0.122220875000),
double3(0.543561035000,0.311681630000,0.156421525000),
double3(0.944815200000,0.363612770000,0.148604440000),
double3(0.667922110000,0.002079250000,0.197570860000),
double3(0.633889825000,0.018146635000,0.262206735000),
double3(0.717972785000,0.452635300000,0.252729800000),
double3(0.566659910000,0.410367150000,0.348282800000),
double3(0.659207240000,0.436906070000,0.316950950000),
double3(0.773902600000,0.490765350000,0.324149900000),
double3(0.711937100000,0.064124660000,0.314487550000),
double3(0.697622700000,0.499675700000,0.267084330000),
double3(0.907612650000,0.251045850000,0.184698790000),
double3(0.836787970000,0.269938975000,0.133475170000),
double3(0.863383920000,0.336744150000,0.177056340000),
double3(0.886243050000,0.020439375000,0.137343200000),
double3(0.916690400000,0.098724105000,0.153026790000),
double3(0.961689830000,0.029684535000,0.193977340000),
double3(0.686698885000,0.221279850000,0.323853200000),
double3(0.760628200000,0.278175950000,0.341246200000),
double3(0.665094330000,0.307910830000,0.301888975000),
double3(0.742137250000,0.403718920000,0.289062320000),
double3(0.844150635000,0.404551685000,0.286868400000),
double3(0.758834720000,0.400766000000,0.182160380000),
double3(0.860773025000,0.401598150000,0.179968060000),
double3(0.643181400000,0.403931020000,0.060553970000),
double3(0.684056730000,0.361920835000,0.011954365000),
double3(0.965659650000,0.404896530000,0.053744495000),
double3(0.927165750000,0.362762125000,0.006768110000),
double3(0.690072375000,0.396889400000,0.429956885000),
double3(0.908922900000,0.398590265000,0.425295900000),
double3(0.739450010000,0.403833330000,0.730180350000),
double3(0.861219100000,0.401243700000,0.739869835000),
double3(0.531140650000,0.278882265000,0.822991800000),
double3(0.514826890000,0.480875285000,0.621098480000),
double3(0.920170550000,0.276913700000,0.697773900000),
double3(0.939314200000,0.338862900000,0.629799590000),
double3(0.745554165000,0.478784770000,0.756604100000),
double3(0.583452890000,0.005534770000,0.844297900000),
double3(0.801887600000,0.117137350000,0.639126240000),
double3(0.682914170000,0.025304910000,0.748790430000),
double3(0.848329600000,0.351733030000,0.653047430000),
double3(0.966299650000,0.052459100000,0.714438515000),
double3(0.638141185000,0.306553335000,0.824354470000),
double3(0.798284200000,0.188398735000,0.830812300000),
double3(0.814694000000,0.102203100000,0.828601700000),
double3(0.779022050000,0.202393265000,0.641002050000),
double3(0.698058440000,0.401344650000,0.854545750000),
double3(0.893968525000,0.402869750000,0.850368100000),
double3(0.710195290000,0.394055400000,0.619129600000),
double3(0.905141770000,0.394628465000,0.615008535000),
double3(0.640366735000,0.361665450000,0.502907930000),
double3(0.970043180000,0.362781150000,0.995882720000),
double3(0.654574230000,0.397821700000,0.912702850000),
double3(0.942725500000,0.400065350000,0.906571750000),
double3(0.501487125000,0.422374875000,0.752067450000),
double3(0.656484125000,0.372220425000,0.694399430000),
double3(0.950437550000,0.437197600000,0.777922275000),
double3(0.594088955000,0.436150450000,0.732601970000),
double3(0.566213330000,0.416533550000,0.769733070000),
double3(0.508710060000,0.371063250000,0.737370500000),
double3(0.537786250000,0.389812650000,0.700233920000),
double3(0.572683810000,0.365227950000,0.755274650000),
double3(0.530302815000,0.441364975000,0.714424670000),
double3(0.601898005000,0.384529380000,0.718016520000),
double3(0.805722415000,0.049050185000,0.764967320000),
double3(0.790736850000,0.257398650000,0.704485030000),
double3(0.835651750000,0.057403005000,0.700543270000),
double3(0.764630150000,0.249867705000,0.769876650000),
double3(0.809976350000,0.105373805000,0.700018450000),
double3(0.786106300000,0.200778885000,0.769908200000),
double3(0.807962800000,0.099576605000,0.767558600000),
double3(0.787326425000,0.206706570000,0.702107535000),
double3(0.802943915000,0.127845050000,0.734341175000),
double3(0.791852650000,0.178434625000,0.735446515000),
double3(0.799131275000,0.133293735000,0.666469450000),
double3(0.797856350000,0.172475235000,0.803385975000),
double3(0.808095850000,0.122719220000,0.802234550000),
double3(0.787570600000,0.182973340000,0.667511000000),
double3(0.793936350000,0.403766485000,0.806025850000),
double3(0.749788200000,0.390113175000,0.563454985000),
double3(0.861612020000,0.390457100000,0.561088740000),
double3(0.752056450000,0.394171350000,0.602830230000),
double3(0.862002520000,0.394505700000,0.600504340000),
double3(0.807644500000,0.397056370000,0.621464850000),
double3(0.804944785000,0.389275900000,0.542346060000),
double3(0.803069470000,0.391645200000,0.501625655000),
double3(0.801452150000,0.394202470000,0.967640850000),
double3(0.743001950000,0.398384350000,0.908625000000),
double3(0.854135100000,0.399251600000,0.906255250000),
double3(0.741552440000,0.400817800000,0.868865400000),
double3(0.851882250000,0.401678475000,0.866512925000),
double3(0.795798720000,0.402293750000,0.847686350000),
double3(0.799508780000,0.397366300000,0.927057800000),
double3(0.809117100000,0.400374800000,0.663003625000),
double3(0.689154970000,0.386455030000,0.545461240000),
double3(0.921169300000,0.387182830000,0.540543975000),
double3(0.591338910000,0.316490900000,0.785127950000),
double3(0.519963940000,0.363028080000,0.655401200000),
double3(0.944825850000,0.332422500000,0.734417035000),
double3(0.653124960000,0.479787320000,0.735608325000),
double3(0.591233810000,0.438752980000,0.815194650000),
double3(0.508566345000,0.486488225000,0.681617250000),
double3(0.747674225000,0.025191075000,0.794339250000),
double3(0.849583415000,0.279267200000,0.674203950000),
double3(0.900097850000,0.051053260000,0.669774900000),
double3(0.719106800000,0.264655250000,0.810270200000),
double3(0.826993400000,0.026508570000,0.732180225000),
double3(0.771730450000,0.280128750000,0.737653525000),
double3(0.566205920000,0.496109575000,0.820016325000),
double3(0.644781815000,0.353123425000,0.662056535000),
double3(0.904765850000,0.408921000000,0.778900700000),
double3(0.694246290000,0.406334100000,0.693037550000),
double3(0.969815435000,0.450082450000,0.810585250000),
double3(0.641112135000,0.288372600000,0.765908925000),
double3(0.612422890000,0.333990900000,0.821490675000),
double3(0.530914370000,0.284789770000,0.795154570000),
double3(0.955412700000,0.013296605000,0.698490150000),
double3(0.560389720000,0.017373385000,0.673546790000),
double3(0.990348150000,0.464206650000,0.640637515000),
double3(0.925578900000,0.313059270000,0.772598250000),
double3(0.891533750000,0.361320585000,0.717570020000),
double3(0.960399950000,0.287191150000,0.705718450000),
double3(0.549444815000,0.387950925000,0.622220875000),
double3(0.543561035000,0.311681630000,0.656421525000),
double3(0.944815200000,0.363612770000,0.648604440000),
double3(0.667922110000,0.002079250000,0.697570860000),
double3(0.633889825000,0.018146635000,0.762206735000),
double3(0.717972785000,0.452635300000,0.752729800000),
double3(0.566659910000,0.410367150000,0.848282800000),
double3(0.659207240000,0.436906070000,0.816950950000),
double3(0.773902600000,0.490765350000,0.824149900000),
double3(0.711937100000,0.064124660000,0.814487550000),
double3(0.697622700000,0.499675700000,0.767084330000),
double3(0.907612650000,0.251045850000,0.684698790000),
double3(0.836787970000,0.269938975000,0.633475170000),
double3(0.863383920000,0.336744150000,0.677056340000),
double3(0.886243050000,0.020439375000,0.637343200000),
double3(0.916690400000,0.098724105000,0.653026790000),
double3(0.961689830000,0.029684535000,0.693977340000),
double3(0.686698885000,0.221279850000,0.823853200000),
double3(0.760628200000,0.278175950000,0.841246200000),
double3(0.665094330000,0.307910830000,0.801888975000),
double3(0.742137250000,0.403718920000,0.789062320000),
double3(0.844150635000,0.404551685000,0.786868400000),
double3(0.758834720000,0.400766000000,0.682160380000),
double3(0.860773025000,0.401598150000,0.679968060000),
double3(0.643181400000,0.403931020000,0.560553970000),
double3(0.684056730000,0.361920835000,0.511954365000),
double3(0.965659650000,0.404896530000,0.553744495000),
double3(0.927165750000,0.362762125000,0.506768110000),
double3(0.690072375000,0.396889400000,0.929956885000),
double3(0.908922900000,0.398590265000,0.925295900000),
double3(0.739450010000,0.903833330000,0.230180350000),
double3(0.861219100000,0.901243700000,0.239869835000),
double3(0.531140650000,0.778882265000,0.322991800000),
double3(0.514826890000,0.980875285000,0.121098480000),
double3(0.920170550000,0.776913700000,0.197773900000),
double3(0.939314200000,0.838862900000,0.129799590000),
double3(0.745554165000,0.978784770000,0.256604100000),
double3(0.583452890000,0.505534770000,0.344297900000),
double3(0.801887600000,0.617137350000,0.139126240000),
double3(0.682914170000,0.525304910000,0.248790430000),
double3(0.848329600000,0.851733030000,0.153047430000),
double3(0.966299650000,0.552459100000,0.214438515000),
double3(0.638141185000,0.806553335000,0.324354470000),
double3(0.798284200000,0.688398735000,0.330812300000),
double3(0.814694000000,0.602203100000,0.328601700000),
double3(0.779022050000,0.702393265000,0.141002050000),
double3(0.698058440000,0.901344650000,0.354545750000),
double3(0.893968525000,0.902869750000,0.350368100000),
double3(0.710195290000,0.894055400000,0.119129600000),
double3(0.905141770000,0.894628465000,0.115008535000),
double3(0.640366735000,0.861665450000,0.002907930000),
double3(0.970043180000,0.862781150000,0.495882720000),
double3(0.654574230000,0.897821700000,0.412702850000),
double3(0.942725500000,0.900065350000,0.406571750000),
double3(0.501487125000,0.922374875000,0.252067450000),
double3(0.656484125000,0.872220425000,0.194399430000),
double3(0.950437550000,0.937197600000,0.277922275000),
double3(0.594088955000,0.936150450000,0.232601970000),
double3(0.566213330000,0.916533550000,0.269733070000),
double3(0.508710060000,0.871063250000,0.237370500000),
double3(0.537786250000,0.889812650000,0.200233920000),
double3(0.572683810000,0.865227950000,0.255274650000),
double3(0.530302815000,0.941364975000,0.214424670000),
double3(0.601898005000,0.884529380000,0.218016520000),
double3(0.805722415000,0.549050185000,0.264967320000),
double3(0.790736850000,0.757398650000,0.204485030000),
double3(0.835651750000,0.557403005000,0.200543270000),
double3(0.764630150000,0.749867705000,0.269876650000),
double3(0.809976350000,0.605373805000,0.200018450000),
double3(0.786106300000,0.700778885000,0.269908200000),
double3(0.807962800000,0.599576605000,0.267558600000),
double3(0.787326425000,0.706706570000,0.202107535000),
double3(0.802943915000,0.627845050000,0.234341175000),
double3(0.791852650000,0.678434625000,0.235446515000),
double3(0.799131275000,0.633293735000,0.166469450000),
double3(0.797856350000,0.672475235000,0.303385975000),
double3(0.808095850000,0.622719220000,0.302234550000),
double3(0.787570600000,0.682973340000,0.167511000000),
double3(0.793936350000,0.903766485000,0.306025850000),
double3(0.749788200000,0.890113175000,0.063454985000),
double3(0.861612020000,0.890457100000,0.061088740000),
double3(0.752056450000,0.894171350000,0.102830230000),
double3(0.862002520000,0.894505700000,0.100504340000),
double3(0.807644500000,0.897056370000,0.121464850000),
double3(0.804944785000,0.889275900000,0.042346060000),
double3(0.803069470000,0.891645200000,0.001625655000),
double3(0.801452150000,0.894202470000,0.467640850000),
double3(0.743001950000,0.898384350000,0.408625000000),
double3(0.854135100000,0.899251600000,0.406255250000),
double3(0.741552440000,0.900817800000,0.368865400000),
double3(0.851882250000,0.901678475000,0.366512925000),
double3(0.795798720000,0.902293750000,0.347686350000),
double3(0.799508780000,0.897366300000,0.427057800000),
double3(0.809117100000,0.900374800000,0.163003625000),
double3(0.689154970000,0.886455030000,0.045461240000),
double3(0.921169300000,0.887182830000,0.040543975000),
double3(0.591338910000,0.816490900000,0.285127950000),
double3(0.519963940000,0.863028080000,0.155401200000),
double3(0.944825850000,0.832422500000,0.234417035000),
double3(0.653124960000,0.979787320000,0.235608325000),
double3(0.591233810000,0.938752980000,0.315194650000),
double3(0.508566345000,0.986488225000,0.181617250000),
double3(0.747674225000,0.525191075000,0.294339250000),
double3(0.849583415000,0.779267200000,0.174203950000),
double3(0.900097850000,0.551053260000,0.169774900000),
double3(0.719106800000,0.764655250000,0.310270200000),
double3(0.826993400000,0.526508570000,0.232180225000),
double3(0.771730450000,0.780128750000,0.237653525000),
double3(0.566205920000,0.996109575000,0.320016325000),
double3(0.644781815000,0.853123425000,0.162056535000),
double3(0.904765850000,0.908921000000,0.278900700000),
double3(0.694246290000,0.906334100000,0.193037550000),
double3(0.969815435000,0.950082450000,0.310585250000),
double3(0.641112135000,0.788372600000,0.265908925000),
double3(0.612422890000,0.833990900000,0.321490675000),
double3(0.530914370000,0.784789770000,0.295154570000),
double3(0.955412700000,0.513296605000,0.198490150000),
double3(0.560389720000,0.517373385000,0.173546790000),
double3(0.990348150000,0.964206650000,0.140637515000),
double3(0.925578900000,0.813059270000,0.272598250000),
double3(0.891533750000,0.861320585000,0.217570020000),
double3(0.960399950000,0.787191150000,0.205718450000),
double3(0.549444815000,0.887950925000,0.122220875000),
double3(0.543561035000,0.811681630000,0.156421525000),
double3(0.944815200000,0.863612770000,0.148604440000),
double3(0.667922110000,0.502079250000,0.197570860000),
double3(0.633889825000,0.518146635000,0.262206735000),
double3(0.717972785000,0.952635300000,0.252729800000),
double3(0.566659910000,0.910367150000,0.348282800000),
double3(0.659207240000,0.936906070000,0.316950950000),
double3(0.773902600000,0.990765350000,0.324149900000),
double3(0.711937100000,0.564124660000,0.314487550000),
double3(0.697622700000,0.999675700000,0.267084330000),
double3(0.907612650000,0.751045850000,0.184698790000),
double3(0.836787970000,0.769938975000,0.133475170000),
double3(0.863383920000,0.836744150000,0.177056340000),
double3(0.886243050000,0.520439375000,0.137343200000),
double3(0.916690400000,0.598724105000,0.153026790000),
double3(0.961689830000,0.529684535000,0.193977340000),
double3(0.686698885000,0.721279850000,0.323853200000),
double3(0.760628200000,0.778175950000,0.341246200000),
double3(0.665094330000,0.807910830000,0.301888975000),
double3(0.742137250000,0.903718920000,0.289062320000),
double3(0.844150635000,0.904551685000,0.286868400000),
double3(0.758834720000,0.900766000000,0.182160380000),
double3(0.860773025000,0.901598150000,0.179968060000),
double3(0.643181400000,0.903931020000,0.060553970000),
double3(0.684056730000,0.861920835000,0.011954365000),
double3(0.965659650000,0.904896530000,0.053744495000),
double3(0.927165750000,0.862762125000,0.006768110000),
double3(0.690072375000,0.896889400000,0.429956885000),
double3(0.908922900000,0.898590265000,0.425295900000),
double3(0.739450010000,0.903833330000,0.730180350000),
double3(0.861219100000,0.901243700000,0.739869835000),
double3(0.531140650000,0.778882265000,0.822991800000),
double3(0.514826890000,0.980875285000,0.621098480000),
double3(0.920170550000,0.776913700000,0.697773900000),
double3(0.939314200000,0.838862900000,0.629799590000),
double3(0.745554165000,0.978784770000,0.756604100000),
double3(0.583452890000,0.505534770000,0.844297900000),
double3(0.801887600000,0.617137350000,0.639126240000),
double3(0.682914170000,0.525304910000,0.748790430000),
double3(0.848329600000,0.851733030000,0.653047430000),
double3(0.966299650000,0.552459100000,0.714438515000),
double3(0.638141185000,0.806553335000,0.824354470000),
double3(0.798284200000,0.688398735000,0.830812300000),
double3(0.814694000000,0.602203100000,0.828601700000),
double3(0.779022050000,0.702393265000,0.641002050000),
double3(0.698058440000,0.901344650000,0.854545750000),
double3(0.893968525000,0.902869750000,0.850368100000),
double3(0.710195290000,0.894055400000,0.619129600000),
double3(0.905141770000,0.894628465000,0.615008535000),
double3(0.640366735000,0.861665450000,0.502907930000),
double3(0.970043180000,0.862781150000,0.995882720000),
double3(0.654574230000,0.897821700000,0.912702850000),
double3(0.942725500000,0.900065350000,0.906571750000),
double3(0.501487125000,0.922374875000,0.752067450000),
double3(0.656484125000,0.872220425000,0.694399430000),
double3(0.950437550000,0.937197600000,0.777922275000),
double3(0.594088955000,0.936150450000,0.732601970000),
double3(0.566213330000,0.916533550000,0.769733070000),
double3(0.508710060000,0.871063250000,0.737370500000),
double3(0.537786250000,0.889812650000,0.700233920000),
double3(0.572683810000,0.865227950000,0.755274650000),
double3(0.530302815000,0.941364975000,0.714424670000),
double3(0.601898005000,0.884529380000,0.718016520000),
double3(0.805722415000,0.549050185000,0.764967320000),
double3(0.790736850000,0.757398650000,0.704485030000),
double3(0.835651750000,0.557403005000,0.700543270000),
double3(0.764630150000,0.749867705000,0.769876650000),
double3(0.809976350000,0.605373805000,0.700018450000),
double3(0.786106300000,0.700778885000,0.769908200000),
double3(0.807962800000,0.599576605000,0.767558600000),
double3(0.787326425000,0.706706570000,0.702107535000),
double3(0.802943915000,0.627845050000,0.734341175000),
double3(0.791852650000,0.678434625000,0.735446515000),
double3(0.799131275000,0.633293735000,0.666469450000),
double3(0.797856350000,0.672475235000,0.803385975000),
double3(0.808095850000,0.622719220000,0.802234550000),
double3(0.787570600000,0.682973340000,0.667511000000),
double3(0.793936350000,0.903766485000,0.806025850000),
double3(0.749788200000,0.890113175000,0.563454985000),
double3(0.861612020000,0.890457100000,0.561088740000),
double3(0.752056450000,0.894171350000,0.602830230000),
double3(0.862002520000,0.894505700000,0.600504340000),
double3(0.807644500000,0.897056370000,0.621464850000),
double3(0.804944785000,0.889275900000,0.542346060000),
double3(0.803069470000,0.891645200000,0.501625655000),
double3(0.801452150000,0.894202470000,0.967640850000),
double3(0.743001950000,0.898384350000,0.908625000000),
double3(0.854135100000,0.899251600000,0.906255250000),
double3(0.741552440000,0.900817800000,0.868865400000),
double3(0.851882250000,0.901678475000,0.866512925000),
double3(0.795798720000,0.902293750000,0.847686350000),
double3(0.799508780000,0.897366300000,0.927057800000),
double3(0.809117100000,0.900374800000,0.663003625000),
double3(0.689154970000,0.886455030000,0.545461240000),
double3(0.921169300000,0.887182830000,0.540543975000),
double3(0.591338910000,0.816490900000,0.785127950000),
double3(0.519963940000,0.863028080000,0.655401200000),
double3(0.944825850000,0.832422500000,0.734417035000),
double3(0.653124960000,0.979787320000,0.735608325000),
double3(0.591233810000,0.938752980000,0.815194650000),
double3(0.508566345000,0.986488225000,0.681617250000),
double3(0.747674225000,0.525191075000,0.794339250000),
double3(0.849583415000,0.779267200000,0.674203950000),
double3(0.900097850000,0.551053260000,0.669774900000),
double3(0.719106800000,0.764655250000,0.810270200000),
double3(0.826993400000,0.526508570000,0.732180225000),
double3(0.771730450000,0.780128750000,0.737653525000),
double3(0.566205920000,0.996109575000,0.820016325000),
double3(0.644781815000,0.853123425000,0.662056535000),
double3(0.904765850000,0.908921000000,0.778900700000),
double3(0.694246290000,0.906334100000,0.693037550000),
double3(0.969815435000,0.950082450000,0.810585250000),
double3(0.641112135000,0.788372600000,0.765908925000),
double3(0.612422890000,0.833990900000,0.821490675000),
double3(0.530914370000,0.784789770000,0.795154570000),
double3(0.955412700000,0.513296605000,0.698490150000),
double3(0.560389720000,0.517373385000,0.673546790000),
double3(0.990348150000,0.964206650000,0.640637515000),
double3(0.925578900000,0.813059270000,0.772598250000),
double3(0.891533750000,0.861320585000,0.717570020000),
double3(0.960399950000,0.787191150000,0.705718450000),
double3(0.549444815000,0.887950925000,0.622220875000),
double3(0.543561035000,0.811681630000,0.656421525000),
double3(0.944815200000,0.863612770000,0.648604440000),
double3(0.667922110000,0.502079250000,0.697570860000),
double3(0.633889825000,0.518146635000,0.762206735000),
double3(0.717972785000,0.952635300000,0.752729800000),
double3(0.566659910000,0.910367150000,0.848282800000),
double3(0.659207240000,0.936906070000,0.816950950000),
double3(0.773902600000,0.990765350000,0.824149900000),
double3(0.711937100000,0.564124660000,0.814487550000),
double3(0.697622700000,0.999675700000,0.767084330000),
double3(0.907612650000,0.751045850000,0.684698790000),
double3(0.836787970000,0.769938975000,0.633475170000),
double3(0.863383920000,0.836744150000,0.677056340000),
double3(0.886243050000,0.520439375000,0.637343200000),
double3(0.916690400000,0.598724105000,0.653026790000),
double3(0.961689830000,0.529684535000,0.693977340000),
double3(0.686698885000,0.721279850000,0.823853200000),
double3(0.760628200000,0.778175950000,0.841246200000),
double3(0.665094330000,0.807910830000,0.801888975000),
double3(0.742137250000,0.903718920000,0.789062320000),
double3(0.844150635000,0.904551685000,0.786868400000),
double3(0.758834720000,0.900766000000,0.682160380000),
double3(0.860773025000,0.901598150000,0.679968060000),
double3(0.643181400000,0.903931020000,0.560553970000),
double3(0.684056730000,0.861920835000,0.511954365000),
double3(0.965659650000,0.904896530000,0.553744495000),
double3(0.927165750000,0.862762125000,0.506768110000),
double3(0.690072375000,0.896889400000,0.929956885000),
double3(0.908922900000,0.898590265000,0.925295900000),
