[double3(12.301740000000,0.000000000000,0.000000000000),double3(-1.294142481143,12.887655890014,0.000000000000),double3(-3.236135489548,-0.138581177284,14.957344976736)]

double3(0.224490350000,0.307044700000,0.335335000000),
double3(0.346596300000,0.354121565000,0.361026080000),
double3(0.214994015000,0.492367835000,0.316344650000),
double3(0.349699400000,0.169324310000,0.382698350000),
double3(0.381504180000,0.492972015000,0.397714700000),
double3(0.186228380000,0.168729125000,0.296280300000),
double3(0.176031515000,0.074068620000,0.295459000000),
double3(0.389853800000,0.087659940000,0.401872250000),
double3(0.470977425000,0.387467350000,0.236779525000),
double3(0.404588100000,0.356208750000,0.242719100000),
double3(0.411802230000,0.424520900000,0.230218590000),
double3(0.410422475000,0.420011750000,0.309021750000),
double3(0.477644115000,0.441196025000,0.305918950000),
double3(0.099005650000,0.202808750000,0.398373575000),
double3(0.169537080000,0.222245080000,0.393905370000),
double3(0.153759750000,0.211874365000,0.447997000000),
double3(0.164850785000,0.308306300000,0.434731485000),
double3(0.099627600000,0.286267400000,0.440274200000),
double3(0.427110550000,0.303337750000,0.456704525000),
double3(0.401127150000,0.237039715000,0.464798900000),
double3(0.473741920000,0.252895475000,0.463506520000),
double3(0.371710720000,0.253541230000,0.385945915000),
double3(0.424220235000,0.212101760000,0.391787530000),
double3(0.146407815000,0.353692600000,0.237398880000),
double3(0.099849930000,0.404067000000,0.227513135000),
double3(0.173032375000,0.419516600000,0.228090985000),
double3(0.144714640000,0.447348000000,0.298447850000),
double3(0.199064135000,0.408275900000,0.308305550000),
double3(0.049316385000,0.411080500000,0.288882500000),
double3(0.021564795000,0.247120100000,0.400367850000),
double3(0.150527750000,0.247087120000,0.079723620000),
double3(0.444465800000,0.321423150000,0.122351825000),
double3(0.259283485000,0.328283950000,0.193276150000),
double3(0.307603800000,0.353814485000,0.000265380000),
double3(0.468256980000,0.420158900000,0.277585350000),
double3(0.041962025000,0.422989450000,0.346530885000),
double3(0.054156480000,0.345159900000,0.394032350000),
double3(0.492371380000,0.263939850000,0.372363200000),
double3(0.418421030000,0.260309150000,0.303551500000),
double3(0.157549100000,0.389418000000,0.411104450000),
double3(0.085612325000,0.399539050000,0.342786150000),
double3(0.020294755000,0.324096850000,0.310166775000),
double3(0.026829415000,0.238277500000,0.346342050000),
double3(0.100251980000,0.226536950000,0.413385150000),
double3(0.044493765000,0.211591200000,0.007416775000),
double3(0.048248530000,0.373196900000,0.190092785000),
double3(0.155889000000,0.216187430000,0.191452875000),
double3(0.419955750000,0.382876400000,0.008599655000),
double3(0.275252300000,0.232654450000,0.339899400000),
double3(0.291797750000,0.429024400000,0.354857685000),
double3(0.297372600000,0.485855730000,0.356928350000),
double3(0.268921050000,0.175813840000,0.339412650000),
double3(0.214420275000,0.094443875000,0.313961800000),
double3(0.351588875000,0.067244365000,0.383127630000),
double3(0.220160110000,0.148448660000,0.314718200000),
double3(0.346767275000,0.013247070000,0.380684100000),
double3(0.312005400000,0.148533225000,0.363366850000),
double3(0.253049450000,0.013108220000,0.335139700000),
double3(0.307331235000,0.094448590000,0.361450730000),
double3(0.257940950000,0.067180885000,0.336846900000),
double3(0.467717825000,0.361096800000,0.327522365000),
double3(0.045869485000,0.312018700000,0.361495970000),
double3(0.024941590000,0.350895375000,0.332540900000),
double3(0.446822675000,0.406417875000,0.299277600000),
double3(0.432796000000,0.392730300000,0.249332935000),
double3(0.128090160000,0.283537180000,0.416858100000),
double3(0.138149300000,0.226683720000,0.413918970000),
double3(0.416533470000,0.252577050000,0.398397400000),
double3(0.430583100000,0.262202850000,0.448922250000),
double3(0.154335260000,0.406958450000,0.293846050000),
double3(0.142669500000,0.395168650000,0.243685900000),
double3(0.062473960000,0.379895450000,0.311022220000),
double3(0.008118595000,0.280295285000,0.380745470000),
double3(0.118624320000,0.370099100000,0.317453325000),
double3(0.452101800000,0.289717825000,0.374909075000),
double3(0.104431940000,0.306499150000,0.371736000000),
double3(0.258754820000,0.324745450000,0.418893550000),
double3(0.286056670000,0.293934585000,0.119929635000),
double3(0.231597320000,0.268898280000,0.119233505000),
double3(0.362474850000,0.313389550000,0.081201660000),
double3(0.191917400000,0.265170575000,0.079172375000),
double3(0.400186100000,0.316435650000,0.122231200000),
double3(0.312609800000,0.341353325000,0.276396900000),
double3(0.271486880000,0.327056650000,0.000071175000),
double3(0.303617250000,0.325541800000,0.196831690000),
double3(0.234781550000,0.318184525000,0.459316580000),
double3(0.339286050000,0.336504520000,0.238093350000),
double3(0.162993400000,0.284325420000,0.499089775000),
double3(0.419216900000,0.329665630000,0.203341885000),
double3(0.178094520000,0.301367580000,0.458623380000),
double3(0.397903950000,0.336134850000,0.242142275000),
double3(0.260837750000,0.304378865000,0.039271810000),
double3(0.323580500000,0.310958175000,0.160061270000),
double3(0.437541450000,0.340247650000,0.286065280000),
double3(0.472588650000,0.386171500000,0.298511400000),
double3(0.014484050000,0.387806050000,0.337377220000),
double3(0.021459280000,0.343846000000,0.364093275000),
double3(0.486423800000,0.298151525000,0.352030935000),
double3(0.444511850000,0.296268300000,0.313157250000),
double3(0.134375550000,0.307106970000,0.417370975000),
double3(0.129533635000,0.355995120000,0.397076370000),
double3(0.088785770000,0.361936550000,0.358398850000),
double3(0.204979270000,0.283946950000,0.039100900000),
double3(0.051922670000,0.319447935000,0.340050815000),
double3(0.055811680000,0.270974130000,0.360344000000),
double3(0.097211450000,0.264558165000,0.398514100000),
double3(0.103388710000,0.268855065000,0.499641850000),
double3(0.480646400000,0.333718000000,0.206496060000),
double3(0.216343565000,0.240608100000,0.158303470000),
double3(0.388780775000,0.324378135000,0.043039545000),
double3(0.381550225000,0.318692650000,0.161966010000),
double3(0.303384200000,0.304096500000,0.079147520000),
double3(0.432234900000,0.330804975000,0.349367470000),
double3(0.139465035000,0.332051850000,0.346543600000),
double3(0.322921250000,0.257049100000,0.358253350000),
double3(0.244404865000,0.404623630000,0.335851500000),
double3(0.233215480000,0.257340900000,0.321684000000),
double3(0.334110650000,0.404331835000,0.372420875000),
double3(0.227028040000,0.308884400000,0.380338520000),
double3(0.069496220000,0.300989400000,0.491799625000),
double3(0.086064635000,0.217385830000,0.008239470000),
double3(0.008554280000,0.301807700000,0.227938740000),
double3(0.006363930000,0.374482250000,0.185428130000),
double3(0.251709800000,0.219795270000,0.184967430000),
double3(0.161077710000,0.236492485000,0.163849070000),
double3(0.387236325000,0.291252375000,0.014578460000),
double3(0.344352425000,0.357609330000,0.314715150000),
double3(0.413317950000,0.374787500000,0.039362045000),
double3(0.312255900000,0.342498200000,0.423860100000),
double3(0.259124600000,0.323995550000,0.271193550000),
double3(0.224490350000,0.307044700000,0.835335000000),
double3(0.346596300000,0.354121565000,0.861026080000),
double3(0.214994015000,0.492367835000,0.816344650000),
double3(0.349699400000,0.169324310000,0.882698350000),
double3(0.381504180000,0.492972015000,0.897714700000),
double3(0.186228380000,0.168729125000,0.796280300000),
double3(0.176031515000,0.074068620000,0.795459000000),
double3(0.389853800000,0.087659940000,0.901872250000),
double3(0.470977425000,0.387467350000,0.736779525000),
double3(0.404588100000,0.356208750000,0.742719100000),
double3(0.411802230000,0.424520900000,0.730218590000),
double3(0.410422475000,0.420011750000,0.809021750000),
double3(0.477644115000,0.441196025000,0.805918950000),
double3(0.099005650000,0.202808750000,0.898373575000),
double3(0.169537080000,0.222245080000,0.893905370000),
double3(0.153759750000,0.211874365000,0.947997000000),
double3(0.164850785000,0.308306300000,0.934731485000),
double3(0.099627600000,0.286267400000,0.940274200000),
double3(0.427110550000,0.303337750000,0.956704525000),
double3(0.401127150000,0.237039715000,0.964798900000),
double3(0.473741920000,0.252895475000,0.963506520000),
double3(0.371710720000,0.253541230000,0.885945915000),
double3(0.424220235000,0.212101760000,0.891787530000),
double3(0.146407815000,0.353692600000,0.737398880000),
double3(0.099849930000,0.404067000000,0.727513135000),
double3(0.173032375000,0.419516600000,0.728090985000),
double3(0.144714640000,0.447348000000,0.798447850000),
double3(0.199064135000,0.408275900000,0.808305550000),
double3(0.049316385000,0.411080500000,0.788882500000),
double3(0.021564795000,0.247120100000,0.900367850000),
double3(0.150527750000,0.247087120000,0.579723620000),
double3(0.444465800000,0.321423150000,0.622351825000),
double3(0.259283485000,0.328283950000,0.693276150000),
double3(0.307603800000,0.353814485000,0.500265380000),
double3(0.468256980000,0.420158900000,0.777585350000),
double3(0.041962025000,0.422989450000,0.846530885000),
double3(0.054156480000,0.345159900000,0.894032350000),
double3(0.492371380000,0.263939850000,0.872363200000),
double3(0.418421030000,0.260309150000,0.803551500000),
double3(0.157549100000,0.389418000000,0.911104450000),
double3(0.085612325000,0.399539050000,0.842786150000),
double3(0.020294755000,0.324096850000,0.810166775000),
double3(0.026829415000,0.238277500000,0.846342050000),
double3(0.100251980000,0.226536950000,0.913385150000),
double3(0.044493765000,0.211591200000,0.507416775000),
double3(0.048248530000,0.373196900000,0.690092785000),
double3(0.155889000000,0.216187430000,0.691452875000),
double3(0.419955750000,0.382876400000,0.508599655000),
double3(0.275252300000,0.232654450000,0.839899400000),
double3(0.291797750000,0.429024400000,0.854857685000),
double3(0.297372600000,0.485855730000,0.856928350000),
double3(0.268921050000,0.175813840000,0.839412650000),
double3(0.214420275000,0.094443875000,0.813961800000),
double3(0.351588875000,0.067244365000,0.883127630000),
double3(0.220160110000,0.148448660000,0.814718200000),
double3(0.346767275000,0.013247070000,0.880684100000),
double3(0.312005400000,0.148533225000,0.863366850000),
double3(0.253049450000,0.013108220000,0.835139700000),
double3(0.307331235000,0.094448590000,0.861450730000),
double3(0.257940950000,0.067180885000,0.836846900000),
double3(0.467717825000,0.361096800000,0.827522365000),
double3(0.045869485000,0.312018700000,0.861495970000),
double3(0.024941590000,0.350895375000,0.832540900000),
double3(0.446822675000,0.406417875000,0.799277600000),
double3(0.432796000000,0.392730300000,0.749332935000),
double3(0.128090160000,0.283537180000,0.916858100000),
double3(0.138149300000,0.226683720000,0.913918970000),
double3(0.416533470000,0.252577050000,0.898397400000),
double3(0.430583100000,0.262202850000,0.948922250000),
double3(0.154335260000,0.406958450000,0.793846050000),
double3(0.142669500000,0.395168650000,0.743685900000),
double3(0.062473960000,0.379895450000,0.811022220000),
double3(0.008118595000,0.280295285000,0.880745470000),
double3(0.118624320000,0.370099100000,0.817453325000),
double3(0.452101800000,0.289717825000,0.874909075000),
double3(0.104431940000,0.306499150000,0.871736000000),
double3(0.258754820000,0.324745450000,0.918893550000),
double3(0.286056670000,0.293934585000,0.619929635000),
double3(0.231597320000,0.268898280000,0.619233505000),
double3(0.362474850000,0.313389550000,0.581201660000),
double3(0.191917400000,0.265170575000,0.579172375000),
double3(0.400186100000,0.316435650000,0.622231200000),
double3(0.312609800000,0.341353325000,0.776396900000),
double3(0.271486880000,0.327056650000,0.500071175000),
double3(0.303617250000,0.325541800000,0.696831690000),
double3(0.234781550000,0.318184525000,0.959316580000),
double3(0.339286050000,0.336504520000,0.738093350000),
double3(0.162993400000,0.284325420000,0.999089775000),
double3(0.419216900000,0.329665630000,0.703341885000),
double3(0.178094520000,0.301367580000,0.958623380000),
double3(0.397903950000,0.336134850000,0.742142275000),
double3(0.260837750000,0.304378865000,0.539271810000),
double3(0.323580500000,0.310958175000,0.660061270000),
double3(0.437541450000,0.340247650000,0.786065280000),
double3(0.472588650000,0.386171500000,0.798511400000),
double3(0.014484050000,0.387806050000,0.837377220000),
double3(0.021459280000,0.343846000000,0.864093275000),
double3(0.486423800000,0.298151525000,0.852030935000),
double3(0.444511850000,0.296268300000,0.813157250000),
double3(0.134375550000,0.307106970000,0.917370975000),
double3(0.129533635000,0.355995120000,0.897076370000),
double3(0.088785770000,0.361936550000,0.858398850000),
double3(0.204979270000,0.283946950000,0.539100900000),
double3(0.051922670000,0.319447935000,0.840050815000),
double3(0.055811680000,0.270974130000,0.860344000000),
double3(0.097211450000,0.264558165000,0.898514100000),
double3(0.103388710000,0.268855065000,0.999641850000),
double3(0.480646400000,0.333718000000,0.706496060000),
double3(0.216343565000,0.240608100000,0.658303470000),
double3(0.388780775000,0.324378135000,0.543039545000),
double3(0.381550225000,0.318692650000,0.661966010000),
double3(0.303384200000,0.304096500000,0.579147520000),
double3(0.432234900000,0.330804975000,0.849367470000),
double3(0.139465035000,0.332051850000,0.846543600000),
double3(0.322921250000,0.257049100000,0.858253350000),
double3(0.244404865000,0.404623630000,0.835851500000),
double3(0.233215480000,0.257340900000,0.821684000000),
double3(0.334110650000,0.404331835000,0.872420875000),
double3(0.227028040000,0.308884400000,0.880338520000),
double3(0.069496220000,0.300989400000,0.991799625000),
double3(0.086064635000,0.217385830000,0.508239470000),
double3(0.008554280000,0.301807700000,0.727938740000),
double3(0.006363930000,0.374482250000,0.685428130000),
double3(0.251709800000,0.219795270000,0.684967430000),
double3(0.161077710000,0.236492485000,0.663849070000),
double3(0.387236325000,0.291252375000,0.514578460000),
double3(0.344352425000,0.357609330000,0.814715150000),
double3(0.413317950000,0.374787500000,0.539362045000),
double3(0.312255900000,0.342498200000,0.923860100000),
double3(0.259124600000,0.323995550000,0.771193550000),
double3(0.224490350000,0.807044700000,0.335335000000),
double3(0.346596300000,0.854121565000,0.361026080000),
double3(0.214994015000,0.992367835000,0.316344650000),
double3(0.349699400000,0.669324310000,0.382698350000),
double3(0.381504180000,0.992972015000,0.397714700000),
double3(0.186228380000,0.668729125000,0.296280300000),
double3(0.176031515000,0.574068620000,0.295459000000),
double3(0.389853800000,0.587659940000,0.401872250000),
double3(0.470977425000,0.887467350000,0.236779525000),
double3(0.404588100000,0.856208750000,0.242719100000),
double3(0.411802230000,0.924520900000,0.230218590000),
double3(0.410422475000,0.920011750000,0.309021750000),
double3(0.477644115000,0.941196025000,0.305918950000),
double3(0.099005650000,0.702808750000,0.398373575000),
double3(0.169537080000,0.722245080000,0.393905370000),
double3(0.153759750000,0.711874365000,0.447997000000),
double3(0.164850785000,0.808306300000,0.434731485000),
double3(0.099627600000,0.786267400000,0.440274200000),
double3(0.427110550000,0.803337750000,0.456704525000),
double3(0.401127150000,0.737039715000,0.464798900000),
double3(0.473741920000,0.752895475000,0.463506520000),
double3(0.371710720000,0.753541230000,0.385945915000),
double3(0.424220235000,0.712101760000,0.391787530000),
double3(0.146407815000,0.853692600000,0.237398880000),
double3(0.099849930000,0.904067000000,0.227513135000),
double3(0.173032375000,0.919516600000,0.228090985000),
double3(0.144714640000,0.947348000000,0.298447850000),
double3(0.199064135000,0.908275900000,0.308305550000),
double3(0.049316385000,0.911080500000,0.288882500000),
double3(0.021564795000,0.747120100000,0.400367850000),
double3(0.150527750000,0.747087120000,0.079723620000),
double3(0.444465800000,0.821423150000,0.122351825000),
double3(0.259283485000,0.828283950000,0.193276150000),
double3(0.307603800000,0.853814485000,0.000265380000),
double3(0.468256980000,0.920158900000,0.277585350000),
double3(0.041962025000,0.922989450000,0.346530885000),
double3(0.054156480000,0.845159900000,0.394032350000),
double3(0.492371380000,0.763939850000,0.372363200000),
double3(0.418421030000,0.760309150000,0.303551500000),
double3(0.157549100000,0.889418000000,0.411104450000),
double3(0.085612325000,0.899539050000,0.342786150000),
double3(0.020294755000,0.824096850000,0.310166775000),
double3(0.026829415000,0.738277500000,0.346342050000),
double3(0.100251980000,0.726536950000,0.413385150000),
double3(0.044493765000,0.711591200000,0.007416775000),
double3(0.048248530000,0.873196900000,0.190092785000),
double3(0.155889000000,0.716187430000,0.191452875000),
double3(0.419955750000,0.882876400000,0.008599655000),
double3(0.275252300000,0.732654450000,0.339899400000),
double3(0.291797750000,0.929024400000,0.354857685000),
double3(0.297372600000,0.985855730000,0.356928350000),
double3(0.268921050000,0.675813840000,0.339412650000),
double3(0.214420275000,0.594443875000,0.313961800000),
double3(0.351588875000,0.567244365000,0.383127630000),
double3(0.220160110000,0.648448660000,0.314718200000),
double3(0.346767275000,0.513247070000,0.380684100000),
double3(0.312005400000,0.648533225000,0.363366850000),
double3(0.253049450000,0.513108220000,0.335139700000),
double3(0.307331235000,0.594448590000,0.361450730000),
double3(0.257940950000,0.567180885000,0.336846900000),
double3(0.467717825000,0.861096800000,0.327522365000),
double3(0.045869485000,0.812018700000,0.361495970000),
double3(0.024941590000,0.850895375000,0.332540900000),
double3(0.446822675000,0.906417875000,0.299277600000),
double3(0.432796000000,0.892730300000,0.249332935000),
double3(0.128090160000,0.783537180000,0.416858100000),
double3(0.138149300000,0.726683720000,0.413918970000),
double3(0.416533470000,0.752577050000,0.398397400000),
double3(0.430583100000,0.762202850000,0.448922250000),
double3(0.154335260000,0.906958450000,0.293846050000),
double3(0.142669500000,0.895168650000,0.243685900000),
double3(0.062473960000,0.879895450000,0.311022220000),
double3(0.008118595000,0.780295285000,0.380745470000),
double3(0.118624320000,0.870099100000,0.317453325000),
double3(0.452101800000,0.789717825000,0.374909075000),
double3(0.104431940000,0.806499150000,0.371736000000),
double3(0.258754820000,0.824745450000,0.418893550000),
double3(0.286056670000,0.793934585000,0.119929635000),
double3(0.231597320000,0.768898280000,0.119233505000),
double3(0.362474850000,0.813389550000,0.081201660000),
double3(0.191917400000,0.765170575000,0.079172375000),
double3(0.400186100000,0.816435650000,0.122231200000),
double3(0.312609800000,0.841353325000,0.276396900000),
double3(0.271486880000,0.827056650000,0.000071175000),
double3(0.303617250000,0.825541800000,0.196831690000),
double3(0.234781550000,0.818184525000,0.459316580000),
double3(0.339286050000,0.836504520000,0.238093350000),
double3(0.162993400000,0.784325420000,0.499089775000),
double3(0.419216900000,0.829665630000,0.203341885000),
double3(0.178094520000,0.801367580000,0.458623380000),
double3(0.397903950000,0.836134850000,0.242142275000),
double3(0.260837750000,0.804378865000,0.039271810000),
double3(0.323580500000,0.810958175000,0.160061270000),
double3(0.437541450000,0.840247650000,0.286065280000),
double3(0.472588650000,0.886171500000,0.298511400000),
double3(0.014484050000,0.887806050000,0.337377220000),
double3(0.021459280000,0.843846000000,0.364093275000),
double3(0.486423800000,0.798151525000,0.352030935000),
double3(0.444511850000,0.796268300000,0.313157250000),
double3(0.134375550000,0.807106970000,0.417370975000),
double3(0.129533635000,0.855995120000,0.397076370000),
double3(0.088785770000,0.861936550000,0.358398850000),
double3(0.204979270000,0.783946950000,0.039100900000),
double3(0.051922670000,0.819447935000,0.340050815000),
double3(0.055811680000,0.770974130000,0.360344000000),
double3(0.097211450000,0.764558165000,0.398514100000),
double3(0.103388710000,0.768855065000,0.499641850000),
double3(0.480646400000,0.833718000000,0.206496060000),
double3(0.216343565000,0.740608100000,0.158303470000),
double3(0.388780775000,0.824378135000,0.043039545000),
double3(0.381550225000,0.818692650000,0.161966010000),
double3(0.303384200000,0.804096500000,0.079147520000),
double3(0.432234900000,0.830804975000,0.349367470000),
double3(0.139465035000,0.832051850000,0.346543600000),
double3(0.322921250000,0.757049100000,0.358253350000),
double3(0.244404865000,0.904623630000,0.335851500000),
double3(0.233215480000,0.757340900000,0.321684000000),
double3(0.334110650000,0.904331835000,0.372420875000),
double3(0.227028040000,0.808884400000,0.380338520000),
double3(0.069496220000,0.800989400000,0.491799625000),
double3(0.086064635000,0.717385830000,0.008239470000),
double3(0.008554280000,0.801807700000,0.227938740000),
double3(0.006363930000,0.874482250000,0.185428130000),
double3(0.251709800000,0.719795270000,0.184967430000),
double3(0.161077710000,0.736492485000,0.163849070000),
double3(0.387236325000,0.791252375000,0.014578460000),
double3(0.344352425000,0.857609330000,0.314715150000),
double3(0.413317950000,0.874787500000,0.039362045000),
double3(0.312255900000,0.842498200000,0.423860100000),
double3(0.259124600000,0.823995550000,0.271193550000),
double3(0.224490350000,0.807044700000,0.835335000000),
double3(0.346596300000,0.854121565000,0.861026080000),
double3(0.214994015000,0.992367835000,0.816344650000),
double3(0.349699400000,0.669324310000,0.882698350000),
double3(0.381504180000,0.992972015000,0.897714700000),
double3(0.186228380000,0.668729125000,0.796280300000),
double3(0.176031515000,0.574068620000,0.795459000000),
double3(0.389853800000,0.587659940000,0.901872250000),
double3(0.470977425000,0.887467350000,0.736779525000),
double3(0.404588100000,0.856208750000,0.742719100000),
double3(0.411802230000,0.924520900000,0.730218590000),
double3(0.410422475000,0.920011750000,0.809021750000),
double3(0.477644115000,0.941196025000,0.805918950000),
double3(0.099005650000,0.702808750000,0.898373575000),
double3(0.169537080000,0.722245080000,0.893905370000),
double3(0.153759750000,0.711874365000,0.947997000000),
double3(0.164850785000,0.808306300000,0.934731485000),
double3(0.099627600000,0.786267400000,0.940274200000),
double3(0.427110550000,0.803337750000,0.956704525000),
double3(0.401127150000,0.737039715000,0.964798900000),
double3(0.473741920000,0.752895475000,0.963506520000),
double3(0.371710720000,0.753541230000,0.885945915000),
double3(0.424220235000,0.712101760000,0.891787530000),
double3(0.146407815000,0.853692600000,0.737398880000),
double3(0.099849930000,0.904067000000,0.727513135000),
double3(0.173032375000,0.919516600000,0.728090985000),
double3(0.144714640000,0.947348000000,0.798447850000),
double3(0.199064135000,0.908275900000,0.808305550000),
double3(0.049316385000,0.911080500000,0.788882500000),
double3(0.021564795000,0.747120100000,0.900367850000),
double3(0.150527750000,0.747087120000,0.579723620000),
double3(0.444465800000,0.821423150000,0.622351825000),
double3(0.259283485000,0.828283950000,0.693276150000),
double3(0.307603800000,0.853814485000,0.500265380000),
double3(0.468256980000,0.920158900000,0.777585350000),
double3(0.041962025000,0.922989450000,0.846530885000),
double3(0.054156480000,0.845159900000,0.894032350000),
double3(0.492371380000,0.763939850000,0.872363200000),
double3(0.418421030000,0.760309150000,0.803551500000),
double3(0.157549100000,0.889418000000,0.911104450000),
double3(0.085612325000,0.899539050000,0.842786150000),
double3(0.020294755000,0.824096850000,0.810166775000),
double3(0.026829415000,0.738277500000,0.846342050000),
double3(0.100251980000,0.726536950000,0.913385150000),
double3(0.044493765000,0.711591200000,0.507416775000),
double3(0.048248530000,0.873196900000,0.690092785000),
double3(0.155889000000,0.716187430000,0.691452875000),
double3(0.419955750000,0.882876400000,0.508599655000),
double3(0.275252300000,0.732654450000,0.839899400000),
double3(0.291797750000,0.929024400000,0.854857685000),
double3(0.297372600000,0.985855730000,0.856928350000),
double3(0.268921050000,0.675813840000,0.839412650000),
double3(0.214420275000,0.594443875000,0.813961800000),
double3(0.351588875000,0.567244365000,0.883127630000),
double3(0.220160110000,0.648448660000,0.814718200000),
double3(0.346767275000,0.513247070000,0.880684100000),
double3(0.312005400000,0.648533225000,0.863366850000),
double3(0.253049450000,0.513108220000,0.835139700000),
double3(0.307331235000,0.594448590000,0.861450730000),
double3(0.257940950000,0.567180885000,0.836846900000),
double3(0.467717825000,0.861096800000,0.827522365000),
double3(0.045869485000,0.812018700000,0.861495970000),
double3(0.024941590000,0.850895375000,0.832540900000),
double3(0.446822675000,0.906417875000,0.799277600000),
double3(0.432796000000,0.892730300000,0.749332935000),
double3(0.128090160000,0.783537180000,0.916858100000),
double3(0.138149300000,0.726683720000,0.913918970000),
double3(0.416533470000,0.752577050000,0.898397400000),
double3(0.430583100000,0.762202850000,0.948922250000),
double3(0.154335260000,0.906958450000,0.793846050000),
double3(0.142669500000,0.895168650000,0.743685900000),
double3(0.062473960000,0.879895450000,0.811022220000),
double3(0.008118595000,0.780295285000,0.880745470000),
double3(0.118624320000,0.870099100000,0.817453325000),
double3(0.452101800000,0.789717825000,0.874909075000),
double3(0.104431940000,0.806499150000,0.871736000000),
double3(0.258754820000,0.824745450000,0.918893550000),
double3(0.286056670000,0.793934585000,0.619929635000),
double3(0.231597320000,0.768898280000,0.619233505000),
double3(0.362474850000,0.813389550000,0.581201660000),
double3(0.191917400000,0.765170575000,0.579172375000),
double3(0.400186100000,0.816435650000,0.622231200000),
double3(0.312609800000,0.841353325000,0.776396900000),
double3(0.271486880000,0.827056650000,0.500071175000),
double3(0.303617250000,0.825541800000,0.696831690000),
double3(0.234781550000,0.818184525000,0.959316580000),
double3(0.339286050000,0.836504520000,0.738093350000),
double3(0.162993400000,0.784325420000,0.999089775000),
double3(0.419216900000,0.829665630000,0.703341885000),
double3(0.178094520000,0.801367580000,0.958623380000),
double3(0.397903950000,0.836134850000,0.742142275000),
double3(0.260837750000,0.804378865000,0.539271810000),
double3(0.323580500000,0.810958175000,0.660061270000),
double3(0.437541450000,0.840247650000,0.786065280000),
double3(0.472588650000,0.886171500000,0.798511400000),
double3(0.014484050000,0.887806050000,0.837377220000),
double3(0.021459280000,0.843846000000,0.864093275000),
double3(0.486423800000,0.798151525000,0.852030935000),
double3(0.444511850000,0.796268300000,0.813157250000),
double3(0.134375550000,0.807106970000,0.917370975000),
double3(0.129533635000,0.855995120000,0.897076370000),
double3(0.088785770000,0.861936550000,0.858398850000),
double3(0.204979270000,0.783946950000,0.539100900000),
double3(0.051922670000,0.819447935000,0.840050815000),
double3(0.055811680000,0.770974130000,0.860344000000),
double3(0.097211450000,0.764558165000,0.898514100000),
double3(0.103388710000,0.768855065000,0.999641850000),
double3(0.480646400000,0.833718000000,0.706496060000),
double3(0.216343565000,0.740608100000,0.658303470000),
double3(0.388780775000,0.824378135000,0.543039545000),
double3(0.381550225000,0.818692650000,0.661966010000),
double3(0.303384200000,0.804096500000,0.579147520000),
double3(0.432234900000,0.830804975000,0.849367470000),
double3(0.139465035000,0.832051850000,0.846543600000),
double3(0.322921250000,0.757049100000,0.858253350000),
double3(0.244404865000,0.904623630000,0.835851500000),
double3(0.233215480000,0.757340900000,0.821684000000),
double3(0.334110650000,0.904331835000,0.872420875000),
double3(0.227028040000,0.808884400000,0.880338520000),
double3(0.069496220000,0.800989400000,0.991799625000),
double3(0.086064635000,0.717385830000,0.508239470000),
double3(0.008554280000,0.801807700000,0.727938740000),
double3(0.006363930000,0.874482250000,0.685428130000),
double3(0.251709800000,0.719795270000,0.684967430000),
double3(0.161077710000,0.736492485000,0.663849070000),
double3(0.387236325000,0.791252375000,0.514578460000),
double3(0.344352425000,0.857609330000,0.814715150000),
double3(0.413317950000,0.874787500000,0.539362045000),
double3(0.312255900000,0.842498200000,0.923860100000),
double3(0.259124600000,0.823995550000,0.771193550000),
double3(0.724490350000,0.307044700000,0.335335000000),
double3(0.846596300000,0.354121565000,0.361026080000),
double3(0.714994015000,0.492367835000,0.316344650000),
double3(0.849699400000,0.169324310000,0.382698350000),
double3(0.881504180000,0.492972015000,0.397714700000),
double3(0.686228380000,0.168729125000,0.296280300000),
double3(0.676031515000,0.074068620000,0.295459000000),
double3(0.889853800000,0.087659940000,0.401872250000),
double3(0.970977425000,0.387467350000,0.236779525000),
double3(0.904588100000,0.356208750000,0.242719100000),
double3(0.911802230000,0.424520900000,0.230218590000),
double3(0.910422475000,0.420011750000,0.309021750000),
double3(0.977644115000,0.441196025000,0.305918950000),
double3(0.599005650000,0.202808750000,0.398373575000),
double3(0.669537080000,0.222245080000,0.393905370000),
double3(0.653759750000,0.211874365000,0.447997000000),
double3(0.664850785000,0.308306300000,0.434731485000),
double3(0.599627600000,0.286267400000,0.440274200000),
double3(0.927110550000,0.303337750000,0.456704525000),
double3(0.901127150000,0.237039715000,0.464798900000),
double3(0.973741920000,0.252895475000,0.463506520000),
double3(0.871710720000,0.253541230000,0.385945915000),
double3(0.924220235000,0.212101760000,0.391787530000),
double3(0.646407815000,0.353692600000,0.237398880000),
double3(0.599849930000,0.404067000000,0.227513135000),
double3(0.673032375000,0.419516600000,0.228090985000),
double3(0.644714640000,0.447348000000,0.298447850000),
double3(0.699064135000,0.408275900000,0.308305550000),
double3(0.549316385000,0.411080500000,0.288882500000),
double3(0.521564795000,0.247120100000,0.400367850000),
double3(0.650527750000,0.247087120000,0.079723620000),
double3(0.944465800000,0.321423150000,0.122351825000),
double3(0.759283485000,0.328283950000,0.193276150000),
double3(0.807603800000,0.353814485000,0.000265380000),
double3(0.968256980000,0.420158900000,0.277585350000),
double3(0.541962025000,0.422989450000,0.346530885000),
double3(0.554156480000,0.345159900000,0.394032350000),
double3(0.992371380000,0.263939850000,0.372363200000),
double3(0.918421030000,0.260309150000,0.303551500000),
double3(0.657549100000,0.389418000000,0.411104450000),
double3(0.585612325000,0.399539050000,0.342786150000),
double3(0.520294755000,0.324096850000,0.310166775000),
double3(0.526829415000,0.238277500000,0.346342050000),
double3(0.600251980000,0.226536950000,0.413385150000),
double3(0.544493765000,0.211591200000,0.007416775000),
double3(0.548248530000,0.373196900000,0.190092785000),
double3(0.655889000000,0.216187430000,0.191452875000),
double3(0.919955750000,0.382876400000,0.008599655000),
double3(0.775252300000,0.232654450000,0.339899400000),
double3(0.791797750000,0.429024400000,0.354857685000),
double3(0.797372600000,0.485855730000,0.356928350000),
double3(0.768921050000,0.175813840000,0.339412650000),
double3(0.714420275000,0.094443875000,0.313961800000),
double3(0.851588875000,0.067244365000,0.383127630000),
double3(0.720160110000,0.148448660000,0.314718200000),
double3(0.846767275000,0.013247070000,0.380684100000),
double3(0.812005400000,0.148533225000,0.363366850000),
double3(0.753049450000,0.013108220000,0.335139700000),
double3(0.807331235000,0.094448590000,0.361450730000),
double3(0.757940950000,0.067180885000,0.336846900000),
double3(0.967717825000,0.361096800000,0.327522365000),
double3(0.545869485000,0.312018700000,0.361495970000),
double3(0.524941590000,0.350895375000,0.332540900000),
double3(0.946822675000,0.406417875000,0.299277600000),
double3(0.932796000000,0.392730300000,0.249332935000),
double3(0.628090160000,0.283537180000,0.416858100000),
double3(0.638149300000,0.226683720000,0.413918970000),
double3(0.916533470000,0.252577050000,0.398397400000),
double3(0.930583100000,0.262202850000,0.448922250000),
double3(0.654335260000,0.406958450000,0.293846050000),
double3(0.642669500000,0.395168650000,0.243685900000),
double3(0.562473960000,0.379895450000,0.311022220000),
double3(0.508118595000,0.280295285000,0.380745470000),
double3(0.618624320000,0.370099100000,0.317453325000),
double3(0.952101800000,0.289717825000,0.374909075000),
double3(0.604431940000,0.306499150000,0.371736000000),
double3(0.758754820000,0.324745450000,0.418893550000),
double3(0.786056670000,0.293934585000,0.119929635000),
double3(0.731597320000,0.268898280000,0.119233505000),
double3(0.862474850000,0.313389550000,0.081201660000),
double3(0.691917400000,0.265170575000,0.079172375000),
double3(0.900186100000,0.316435650000,0.122231200000),
double3(0.812609800000,0.341353325000,0.276396900000),
double3(0.771486880000,0.327056650000,0.000071175000),
double3(0.803617250000,0.325541800000,0.196831690000),
double3(0.734781550000,0.318184525000,0.459316580000),
double3(0.839286050000,0.336504520000,0.238093350000),
double3(0.662993400000,0.284325420000,0.499089775000),
double3(0.919216900000,0.329665630000,0.203341885000),
double3(0.678094520000,0.301367580000,0.458623380000),
double3(0.897903950000,0.336134850000,0.242142275000),
double3(0.760837750000,0.304378865000,0.039271810000),
double3(0.823580500000,0.310958175000,0.160061270000),
double3(0.937541450000,0.340247650000,0.286065280000),
double3(0.972588650000,0.386171500000,0.298511400000),
double3(0.514484050000,0.387806050000,0.337377220000),
double3(0.521459280000,0.343846000000,0.364093275000),
double3(0.986423800000,0.298151525000,0.352030935000),
double3(0.944511850000,0.296268300000,0.313157250000),
double3(0.634375550000,0.307106970000,0.417370975000),
double3(0.629533635000,0.355995120000,0.397076370000),
double3(0.588785770000,0.361936550000,0.358398850000),
double3(0.704979270000,0.283946950000,0.039100900000),
double3(0.551922670000,0.319447935000,0.340050815000),
double3(0.555811680000,0.270974130000,0.360344000000),
double3(0.597211450000,0.264558165000,0.398514100000),
double3(0.603388710000,0.268855065000,0.499641850000),
double3(0.980646400000,0.333718000000,0.206496060000),
double3(0.716343565000,0.240608100000,0.158303470000),
double3(0.888780775000,0.324378135000,0.043039545000),
double3(0.881550225000,0.318692650000,0.161966010000),
double3(0.803384200000,0.304096500000,0.079147520000),
double3(0.932234900000,0.330804975000,0.349367470000),
double3(0.639465035000,0.332051850000,0.346543600000),
double3(0.822921250000,0.257049100000,0.358253350000),
double3(0.744404865000,0.404623630000,0.335851500000),
double3(0.733215480000,0.257340900000,0.321684000000),
double3(0.834110650000,0.404331835000,0.372420875000),
double3(0.727028040000,0.308884400000,0.380338520000),
double3(0.569496220000,0.300989400000,0.491799625000),
double3(0.586064635000,0.217385830000,0.008239470000),
double3(0.508554280000,0.301807700000,0.227938740000),
double3(0.506363930000,0.374482250000,0.185428130000),
double3(0.751709800000,0.219795270000,0.184967430000),
double3(0.661077710000,0.236492485000,0.163849070000),
double3(0.887236325000,0.291252375000,0.014578460000),
double3(0.844352425000,0.357609330000,0.314715150000),
double3(0.913317950000,0.374787500000,0.039362045000),
double3(0.812255900000,0.342498200000,0.423860100000),
double3(0.759124600000,0.323995550000,0.271193550000),
double3(0.724490350000,0.307044700000,0.835335000000),
double3(0.846596300000,0.354121565000,0.861026080000),
double3(0.714994015000,0.492367835000,0.816344650000),
double3(0.849699400000,0.169324310000,0.882698350000),
double3(0.881504180000,0.492972015000,0.897714700000),
double3(0.686228380000,0.168729125000,0.796280300000),
double3(0.676031515000,0.074068620000,0.795459000000),
double3(0.889853800000,0.087659940000,0.901872250000),
double3(0.970977425000,0.387467350000,0.736779525000),
double3(0.904588100000,0.356208750000,0.742719100000),
double3(0.911802230000,0.424520900000,0.730218590000),
double3(0.910422475000,0.420011750000,0.809021750000),
double3(0.977644115000,0.441196025000,0.805918950000),
double3(0.599005650000,0.202808750000,0.898373575000),
double3(0.669537080000,0.222245080000,0.893905370000),
double3(0.653759750000,0.211874365000,0.947997000000),
double3(0.664850785000,0.308306300000,0.934731485000),
double3(0.599627600000,0.286267400000,0.940274200000),
double3(0.927110550000,0.303337750000,0.956704525000),
double3(0.901127150000,0.237039715000,0.964798900000),
double3(0.973741920000,0.252895475000,0.963506520000),
double3(0.871710720000,0.253541230000,0.885945915000),
double3(0.924220235000,0.212101760000,0.891787530000),
double3(0.646407815000,0.353692600000,0.737398880000),
double3(0.599849930000,0.404067000000,0.727513135000),
double3(0.673032375000,0.419516600000,0.728090985000),
double3(0.644714640000,0.447348000000,0.798447850000),
double3(0.699064135000,0.408275900000,0.808305550000),
double3(0.549316385000,0.411080500000,0.788882500000),
double3(0.521564795000,0.247120100000,0.900367850000),
double3(0.650527750000,0.247087120000,0.579723620000),
double3(0.944465800000,0.321423150000,0.622351825000),
double3(0.759283485000,0.328283950000,0.693276150000),
double3(0.807603800000,0.353814485000,0.500265380000),
double3(0.968256980000,0.420158900000,0.777585350000),
double3(0.541962025000,0.422989450000,0.846530885000),
double3(0.554156480000,0.345159900000,0.894032350000),
double3(0.992371380000,0.263939850000,0.872363200000),
double3(0.918421030000,0.260309150000,0.803551500000),
double3(0.657549100000,0.389418000000,0.911104450000),
double3(0.585612325000,0.399539050000,0.842786150000),
double3(0.520294755000,0.324096850000,0.810166775000),
double3(0.526829415000,0.238277500000,0.846342050000),
double3(0.600251980000,0.226536950000,0.913385150000),
double3(0.544493765000,0.211591200000,0.507416775000),
double3(0.548248530000,0.373196900000,0.690092785000),
double3(0.655889000000,0.216187430000,0.691452875000),
double3(0.919955750000,0.382876400000,0.508599655000),
double3(0.775252300000,0.232654450000,0.839899400000),
double3(0.791797750000,0.429024400000,0.854857685000),
double3(0.797372600000,0.485855730000,0.856928350000),
double3(0.768921050000,0.175813840000,0.839412650000),
double3(0.714420275000,0.094443875000,0.813961800000),
double3(0.851588875000,0.067244365000,0.883127630000),
double3(0.720160110000,0.148448660000,0.814718200000),
double3(0.846767275000,0.013247070000,0.880684100000),
double3(0.812005400000,0.148533225000,0.863366850000),
double3(0.753049450000,0.013108220000,0.835139700000),
double3(0.807331235000,0.094448590000,0.861450730000),
double3(0.757940950000,0.067180885000,0.836846900000),
double3(0.967717825000,0.361096800000,0.827522365000),
double3(0.545869485000,0.312018700000,0.861495970000),
double3(0.524941590000,0.350895375000,0.832540900000),
double3(0.946822675000,0.406417875000,0.799277600000),
double3(0.932796000000,0.392730300000,0.749332935000),
double3(0.628090160000,0.283537180000,0.916858100000),
double3(0.638149300000,0.226683720000,0.913918970000),
double3(0.916533470000,0.252577050000,0.898397400000),
double3(0.930583100000,0.262202850000,0.948922250000),
double3(0.654335260000,0.406958450000,0.793846050000),
double3(0.642669500000,0.395168650000,0.743685900000),
double3(0.562473960000,0.379895450000,0.811022220000),
double3(0.508118595000,0.280295285000,0.880745470000),
double3(0.618624320000,0.370099100000,0.817453325000),
double3(0.952101800000,0.289717825000,0.874909075000),
double3(0.604431940000,0.306499150000,0.871736000000),
double3(0.758754820000,0.324745450000,0.918893550000),
double3(0.786056670000,0.293934585000,0.619929635000),
double3(0.731597320000,0.268898280000,0.619233505000),
double3(0.862474850000,0.313389550000,0.581201660000),
double3(0.691917400000,0.265170575000,0.579172375000),
double3(0.900186100000,0.316435650000,0.622231200000),
double3(0.812609800000,0.341353325000,0.776396900000),
double3(0.771486880000,0.327056650000,0.500071175000),
double3(0.803617250000,0.325541800000,0.696831690000),
double3(0.734781550000,0.318184525000,0.959316580000),
double3(0.839286050000,0.336504520000,0.738093350000),
double3(0.662993400000,0.284325420000,0.999089775000),
double3(0.919216900000,0.329665630000,0.703341885000),
double3(0.678094520000,0.301367580000,0.958623380000),
double3(0.897903950000,0.336134850000,0.742142275000),
double3(0.760837750000,0.304378865000,0.539271810000),
double3(0.823580500000,0.310958175000,0.660061270000),
double3(0.937541450000,0.340247650000,0.786065280000),
double3(0.972588650000,0.386171500000,0.798511400000),
double3(0.514484050000,0.387806050000,0.837377220000),
double3(0.521459280000,0.343846000000,0.864093275000),
double3(0.986423800000,0.298151525000,0.852030935000),
double3(0.944511850000,0.296268300000,0.813157250000),
double3(0.634375550000,0.307106970000,0.917370975000),
double3(0.629533635000,0.355995120000,0.897076370000),
double3(0.588785770000,0.361936550000,0.858398850000),
double3(0.704979270000,0.283946950000,0.539100900000),
double3(0.551922670000,0.319447935000,0.840050815000),
double3(0.555811680000,0.270974130000,0.860344000000),
double3(0.597211450000,0.264558165000,0.898514100000),
double3(0.603388710000,0.268855065000,0.999641850000),
double3(0.980646400000,0.333718000000,0.706496060000),
double3(0.716343565000,0.240608100000,0.658303470000),
double3(0.888780775000,0.324378135000,0.543039545000),
double3(0.881550225000,0.318692650000,0.661966010000),
double3(0.803384200000,0.304096500000,0.579147520000),
double3(0.932234900000,0.330804975000,0.849367470000),
double3(0.639465035000,0.332051850000,0.846543600000),
double3(0.822921250000,0.257049100000,0.858253350000),
double3(0.744404865000,0.404623630000,0.835851500000),
double3(0.733215480000,0.257340900000,0.821684000000),
double3(0.834110650000,0.404331835000,0.872420875000),
double3(0.727028040000,0.308884400000,0.880338520000),
double3(0.569496220000,0.300989400000,0.991799625000),
double3(0.586064635000,0.217385830000,0.508239470000),
double3(0.508554280000,0.301807700000,0.727938740000),
double3(0.506363930000,0.374482250000,0.685428130000),
double3(0.751709800000,0.219795270000,0.684967430000),
double3(0.661077710000,0.236492485000,0.663849070000),
double3(0.887236325000,0.291252375000,0.514578460000),
double3(0.844352425000,0.357609330000,0.814715150000),
double3(0.913317950000,0.374787500000,0.539362045000),
double3(0.812255900000,0.342498200000,0.923860100000),
double3(0.759124600000,0.323995550000,0.771193550000),
double3(0.724490350000,0.807044700000,0.335335000000),
double3(0.846596300000,0.854121565000,0.361026080000),
double3(0.714994015000,0.992367835000,0.316344650000),
double3(0.849699400000,0.669324310000,0.382698350000),
double3(0.881504180000,0.992972015000,0.397714700000),
double3(0.686228380000,0.668729125000,0.296280300000),
double3(0.676031515000,0.574068620000,0.295459000000),
double3(0.889853800000,0.587659940000,0.401872250000),
double3(0.970977425000,0.887467350000,0.236779525000),
double3(0.904588100000,0.856208750000,0.242719100000),
double3(0.911802230000,0.924520900000,0.230218590000),
double3(0.910422475000,0.920011750000,0.309021750000),
double3(0.977644115000,0.941196025000,0.305918950000),
double3(0.599005650000,0.702808750000,0.398373575000),
double3(0.669537080000,0.722245080000,0.393905370000),
double3(0.653759750000,0.711874365000,0.447997000000),
double3(0.664850785000,0.808306300000,0.434731485000),
double3(0.599627600000,0.786267400000,0.440274200000),
double3(0.927110550000,0.803337750000,0.456704525000),
double3(0.901127150000,0.737039715000,0.464798900000),
double3(0.973741920000,0.752895475000,0.463506520000),
double3(0.871710720000,0.753541230000,0.385945915000),
double3(0.924220235000,0.712101760000,0.391787530000),
double3(0.646407815000,0.853692600000,0.237398880000),
double3(0.599849930000,0.904067000000,0.227513135000),
double3(0.673032375000,0.919516600000,0.228090985000),
double3(0.644714640000,0.947348000000,0.298447850000),
double3(0.699064135000,0.908275900000,0.308305550000),
double3(0.549316385000,0.911080500000,0.288882500000),
double3(0.521564795000,0.747120100000,0.400367850000),
double3(0.650527750000,0.747087120000,0.079723620000),
double3(0.944465800000,0.821423150000,0.122351825000),
double3(0.759283485000,0.828283950000,0.193276150000),
double3(0.807603800000,0.853814485000,0.000265380000),
double3(0.968256980000,0.920158900000,0.277585350000),
double3(0.541962025000,0.922989450000,0.346530885000),
double3(0.554156480000,0.845159900000,0.394032350000),
double3(0.992371380000,0.763939850000,0.372363200000),
double3(0.918421030000,0.760309150000,0.303551500000),
double3(0.657549100000,0.889418000000,0.411104450000),
double3(0.585612325000,0.899539050000,0.342786150000),
double3(0.520294755000,0.824096850000,0.310166775000),
double3(0.526829415000,0.738277500000,0.346342050000),
double3(0.600251980000,0.726536950000,0.413385150000),
double3(0.544493765000,0.711591200000,0.007416775000),
double3(0.548248530000,0.873196900000,0.190092785000),
double3(0.655889000000,0.716187430000,0.191452875000),
double3(0.919955750000,0.882876400000,0.008599655000),
double3(0.775252300000,0.732654450000,0.339899400000),
double3(0.791797750000,0.929024400000,0.354857685000),
double3(0.797372600000,0.985855730000,0.356928350000),
double3(0.768921050000,0.675813840000,0.339412650000),
double3(0.714420275000,0.594443875000,0.313961800000),
double3(0.851588875000,0.567244365000,0.383127630000),
double3(0.720160110000,0.648448660000,0.314718200000),
double3(0.846767275000,0.513247070000,0.380684100000),
double3(0.812005400000,0.648533225000,0.363366850000),
double3(0.753049450000,0.513108220000,0.335139700000),
double3(0.807331235000,0.594448590000,0.361450730000),
double3(0.757940950000,0.567180885000,0.336846900000),
double3(0.967717825000,0.861096800000,0.327522365000),
double3(0.545869485000,0.812018700000,0.361495970000),
double3(0.524941590000,0.850895375000,0.332540900000),
double3(0.946822675000,0.906417875000,0.299277600000),
double3(0.932796000000,0.892730300000,0.249332935000),
double3(0.628090160000,0.783537180000,0.416858100000),
double3(0.638149300000,0.726683720000,0.413918970000),
double3(0.916533470000,0.752577050000,0.398397400000),
double3(0.930583100000,0.762202850000,0.448922250000),
double3(0.654335260000,0.906958450000,0.293846050000),
double3(0.642669500000,0.895168650000,0.243685900000),
double3(0.562473960000,0.879895450000,0.311022220000),
double3(0.508118595000,0.780295285000,0.380745470000),
double3(0.618624320000,0.870099100000,0.317453325000),
double3(0.952101800000,0.789717825000,0.374909075000),
double3(0.604431940000,0.806499150000,0.371736000000),
double3(0.758754820000,0.824745450000,0.418893550000),
double3(0.786056670000,0.793934585000,0.119929635000),
double3(0.731597320000,0.768898280000,0.119233505000),
double3(0.862474850000,0.813389550000,0.081201660000),
double3(0.691917400000,0.765170575000,0.079172375000),
double3(0.900186100000,0.816435650000,0.122231200000),
double3(0.812609800000,0.841353325000,0.276396900000),
double3(0.771486880000,0.827056650000,0.000071175000),
double3(0.803617250000,0.825541800000,0.196831690000),
double3(0.734781550000,0.818184525000,0.459316580000),
double3(0.839286050000,0.836504520000,0.238093350000),
double3(0.662993400000,0.784325420000,0.499089775000),
double3(0.919216900000,0.829665630000,0.203341885000),
double3(0.678094520000,0.801367580000,0.458623380000),
double3(0.897903950000,0.836134850000,0.242142275000),
double3(0.760837750000,0.804378865000,0.039271810000),
double3(0.823580500000,0.810958175000,0.160061270000),
double3(0.937541450000,0.840247650000,0.286065280000),
double3(0.972588650000,0.886171500000,0.298511400000),
double3(0.514484050000,0.887806050000,0.337377220000),
double3(0.521459280000,0.843846000000,0.364093275000),
double3(0.986423800000,0.798151525000,0.352030935000),
double3(0.944511850000,0.796268300000,0.313157250000),
double3(0.634375550000,0.807106970000,0.417370975000),
double3(0.629533635000,0.855995120000,0.397076370000),
double3(0.588785770000,0.861936550000,0.358398850000),
double3(0.704979270000,0.783946950000,0.039100900000),
double3(0.551922670000,0.819447935000,0.340050815000),
double3(0.555811680000,0.770974130000,0.360344000000),
double3(0.597211450000,0.764558165000,0.398514100000),
double3(0.603388710000,0.768855065000,0.499641850000),
double3(0.980646400000,0.833718000000,0.206496060000),
double3(0.716343565000,0.740608100000,0.158303470000),
double3(0.888780775000,0.824378135000,0.043039545000),
double3(0.881550225000,0.818692650000,0.161966010000),
double3(0.803384200000,0.804096500000,0.079147520000),
double3(0.932234900000,0.830804975000,0.349367470000),
double3(0.639465035000,0.832051850000,0.346543600000),
double3(0.822921250000,0.757049100000,0.358253350000),
double3(0.744404865000,0.904623630000,0.335851500000),
double3(0.733215480000,0.757340900000,0.321684000000),
double3(0.834110650000,0.904331835000,0.372420875000),
double3(0.727028040000,0.808884400000,0.380338520000),
double3(0.569496220000,0.800989400000,0.491799625000),
double3(0.586064635000,0.717385830000,0.008239470000),
double3(0.508554280000,0.801807700000,0.227938740000),
double3(0.506363930000,0.874482250000,0.185428130000),
double3(0.751709800000,0.719795270000,0.184967430000),
double3(0.661077710000,0.736492485000,0.163849070000),
double3(0.887236325000,0.791252375000,0.014578460000),
double3(0.844352425000,0.857609330000,0.314715150000),
double3(0.913317950000,0.874787500000,0.039362045000),
double3(0.812255900000,0.842498200000,0.423860100000),
double3(0.759124600000,0.823995550000,0.271193550000),
double3(0.724490350000,0.807044700000,0.835335000000),
double3(0.846596300000,0.854121565000,0.861026080000),
double3(0.714994015000,0.992367835000,0.816344650000),
double3(0.849699400000,0.669324310000,0.882698350000),
double3(0.881504180000,0.992972015000,0.897714700000),
double3(0.686228380000,0.668729125000,0.796280300000),
double3(0.676031515000,0.574068620000,0.795459000000),
double3(0.889853800000,0.587659940000,0.901872250000),
double3(0.970977425000,0.887467350000,0.736779525000),
double3(0.904588100000,0.856208750000,0.742719100000),
double3(0.911802230000,0.924520900000,0.730218590000),
double3(0.910422475000,0.920011750000,0.809021750000),
double3(0.977644115000,0.941196025000,0.805918950000),
double3(0.599005650000,0.702808750000,0.898373575000),
double3(0.669537080000,0.722245080000,0.893905370000),
double3(0.653759750000,0.711874365000,0.947997000000),
double3(0.664850785000,0.808306300000,0.934731485000),
double3(0.599627600000,0.786267400000,0.940274200000),
double3(0.927110550000,0.803337750000,0.956704525000),
double3(0.901127150000,0.737039715000,0.964798900000),
double3(0.973741920000,0.752895475000,0.963506520000),
double3(0.871710720000,0.753541230000,0.885945915000),
double3(0.924220235000,0.712101760000,0.891787530000),
double3(0.646407815000,0.853692600000,0.737398880000),
double3(0.599849930000,0.904067000000,0.727513135000),
double3(0.673032375000,0.919516600000,0.728090985000),
double3(0.644714640000,0.947348000000,0.798447850000),
double3(0.699064135000,0.908275900000,0.808305550000),
double3(0.549316385000,0.911080500000,0.788882500000),
double3(0.521564795000,0.747120100000,0.900367850000),
double3(0.650527750000,0.747087120000,0.579723620000),
double3(0.944465800000,0.821423150000,0.622351825000),
double3(0.759283485000,0.828283950000,0.693276150000),
double3(0.807603800000,0.853814485000,0.500265380000),
double3(0.968256980000,0.920158900000,0.777585350000),
double3(0.541962025000,0.922989450000,0.846530885000),
double3(0.554156480000,0.845159900000,0.894032350000),
double3(0.992371380000,0.763939850000,0.872363200000),
double3(0.918421030000,0.760309150000,0.803551500000),
double3(0.657549100000,0.889418000000,0.911104450000),
double3(0.585612325000,0.899539050000,0.842786150000),
double3(0.520294755000,0.824096850000,0.810166775000),
double3(0.526829415000,0.738277500000,0.846342050000),
double3(0.600251980000,0.726536950000,0.913385150000),
double3(0.544493765000,0.711591200000,0.507416775000),
double3(0.548248530000,0.873196900000,0.690092785000),
double3(0.655889000000,0.716187430000,0.691452875000),
double3(0.919955750000,0.882876400000,0.508599655000),
double3(0.775252300000,0.732654450000,0.839899400000),
double3(0.791797750000,0.929024400000,0.854857685000),
double3(0.797372600000,0.985855730000,0.856928350000),
double3(0.768921050000,0.675813840000,0.839412650000),
double3(0.714420275000,0.594443875000,0.813961800000),
double3(0.851588875000,0.567244365000,0.883127630000),
double3(0.720160110000,0.648448660000,0.814718200000),
double3(0.846767275000,0.513247070000,0.880684100000),
double3(0.812005400000,0.648533225000,0.863366850000),
double3(0.753049450000,0.513108220000,0.835139700000),
double3(0.807331235000,0.594448590000,0.861450730000),
double3(0.757940950000,0.567180885000,0.836846900000),
double3(0.967717825000,0.861096800000,0.827522365000),
double3(0.545869485000,0.812018700000,0.861495970000),
double3(0.524941590000,0.850895375000,0.832540900000),
double3(0.946822675000,0.906417875000,0.799277600000),
double3(0.932796000000,0.892730300000,0.749332935000),
double3(0.628090160000,0.783537180000,0.916858100000),
double3(0.638149300000,0.726683720000,0.913918970000),
double3(0.916533470000,0.752577050000,0.898397400000),
double3(0.930583100000,0.762202850000,0.948922250000),
double3(0.654335260000,0.906958450000,0.793846050000),
double3(0.642669500000,0.895168650000,0.743685900000),
double3(0.562473960000,0.879895450000,0.811022220000),
double3(0.508118595000,0.780295285000,0.880745470000),
double3(0.618624320000,0.870099100000,0.817453325000),
double3(0.952101800000,0.789717825000,0.874909075000),
double3(0.604431940000,0.806499150000,0.871736000000),
double3(0.758754820000,0.824745450000,0.918893550000),
double3(0.786056670000,0.793934585000,0.619929635000),
double3(0.731597320000,0.768898280000,0.619233505000),
double3(0.862474850000,0.813389550000,0.581201660000),
double3(0.691917400000,0.765170575000,0.579172375000),
double3(0.900186100000,0.816435650000,0.622231200000),
double3(0.812609800000,0.841353325000,0.776396900000),
double3(0.771486880000,0.827056650000,0.500071175000),
double3(0.803617250000,0.825541800000,0.696831690000),
double3(0.734781550000,0.818184525000,0.959316580000),
double3(0.839286050000,0.836504520000,0.738093350000),
double3(0.662993400000,0.784325420000,0.999089775000),
double3(0.919216900000,0.829665630000,0.703341885000),
double3(0.678094520000,0.801367580000,0.958623380000),
double3(0.897903950000,0.836134850000,0.742142275000),
double3(0.760837750000,0.804378865000,0.539271810000),
double3(0.823580500000,0.810958175000,0.660061270000),
double3(0.937541450000,0.840247650000,0.786065280000),
double3(0.972588650000,0.886171500000,0.798511400000),
double3(0.514484050000,0.887806050000,0.837377220000),
double3(0.521459280000,0.843846000000,0.864093275000),
double3(0.986423800000,0.798151525000,0.852030935000),
double3(0.944511850000,0.796268300000,0.813157250000),
double3(0.634375550000,0.807106970000,0.917370975000),
double3(0.629533635000,0.855995120000,0.897076370000),
double3(0.588785770000,0.861936550000,0.858398850000),
double3(0.704979270000,0.783946950000,0.539100900000),
double3(0.551922670000,0.819447935000,0.840050815000),
double3(0.555811680000,0.770974130000,0.860344000000),
double3(0.597211450000,0.764558165000,0.898514100000),
double3(0.603388710000,0.768855065000,0.999641850000),
double3(0.980646400000,0.833718000000,0.706496060000),
double3(0.716343565000,0.740608100000,0.658303470000),
double3(0.888780775000,0.824378135000,0.543039545000),
double3(0.881550225000,0.818692650000,0.661966010000),
double3(0.803384200000,0.804096500000,0.579147520000),
double3(0.932234900000,0.830804975000,0.849367470000),
double3(0.639465035000,0.832051850000,0.846543600000),
double3(0.822921250000,0.757049100000,0.858253350000),
double3(0.744404865000,0.904623630000,0.835851500000),
double3(0.733215480000,0.757340900000,0.821684000000),
double3(0.834110650000,0.904331835000,0.872420875000),
double3(0.727028040000,0.808884400000,0.880338520000),
double3(0.569496220000,0.800989400000,0.991799625000),
double3(0.586064635000,0.717385830000,0.508239470000),
double3(0.508554280000,0.801807700000,0.727938740000),
double3(0.506363930000,0.874482250000,0.685428130000),
double3(0.751709800000,0.719795270000,0.684967430000),
double3(0.661077710000,0.736492485000,0.663849070000),
double3(0.887236325000,0.791252375000,0.514578460000),
double3(0.844352425000,0.857609330000,0.814715150000),
double3(0.913317950000,0.874787500000,0.539362045000),
double3(0.812255900000,0.842498200000,0.923860100000),
double3(0.759124600000,0.823995550000,0.771193550000),
