[double3(12.818490000000,0.000000000000,0.000000000000),double3(1.397194369866,16.337504340395,0.000000000000),double3(0.331189166466,1.873062087597,24.971270572082)]

double3(0.325914920000,0.027934550000,0.368712950000),
double3(0.349925000000,0.438136900000,0.358348000000),
double3(0.315787675000,0.378485200000,0.139184115000),
double3(0.294170530000,0.089187205000,0.087207355000),
double3(0.388518570000,0.458050000000,0.016391405000),
double3(0.254145350000,0.439097375000,0.219092415000),
double3(0.251684725000,0.035399975000,0.459176650000),
double3(0.401662750000,0.003465475000,0.257593720000),
double3(0.239837425000,0.029319165000,0.007896595000),
double3(0.389016150000,0.008662285000,0.208857090000),
double3(0.229207665000,0.150908410000,0.415002400000),
double3(0.248336760000,0.133606910000,0.448819875000),
double3(0.247799200000,0.187082365000,0.437612100000),
double3(0.323678435000,0.115318345000,0.421367000000),
double3(0.339298500000,0.155192820000,0.438762300000),
double3(0.363470100000,0.268563700000,0.276420500000),
double3(0.302174350000,0.290276230000,0.289227575000),
double3(0.339530250000,0.319380225000,0.264797800000),
double3(0.351437865000,0.345970185000,0.306288750000),
double3(0.412601350000,0.317180150000,0.299820800000),
double3(0.358553470000,0.474498500000,0.003751360000),
double3(0.286719550000,0.452559200000,0.227558015000),
double3(0.365190400000,0.477028130000,0.476082920000),
double3(0.294561950000,0.448382615000,0.255048050000),
double3(0.326573075000,0.499369620000,0.459962550000),
double3(0.336344630000,0.466745800000,0.265882250000),
double3(0.281836780000,0.018538950000,0.471543400000),
double3(0.369807350000,0.488921075000,0.249254285000),
double3(0.274948650000,0.015042900000,0.499092900000),
double3(0.362455450000,0.492119400000,0.221739275000),
double3(0.313367350000,0.493184500000,0.015277855000),
double3(0.320760050000,0.474071800000,0.210844650000),
double3(0.330549120000,0.001822710000,0.431073950000),
double3(0.343343020000,0.465069980000,0.294497150000),
double3(0.305032880000,0.015127955000,0.169262915000),
double3(0.306632650000,0.452510650000,0.057126140000),
double3(0.315942550000,0.442018250000,0.169400750000),
double3(0.303775200000,0.025559545000,0.056820025000),
double3(0.310759635000,0.444135875000,0.141655015000),
double3(0.301036330000,0.023526250000,0.084697740000),
double3(0.305226685000,0.482798250000,0.127312450000),
double3(0.303875400000,0.484883050000,0.099099985000),
double3(0.302089950000,0.019232630000,0.141103350000),
double3(0.306411500000,0.448450475000,0.085326410000),
double3(0.312226450000,0.408268650000,0.128125175000),
double3(0.296976300000,0.059408905000,0.098279565000),
double3(0.309657500000,0.409821720000,0.100344700000),
double3(0.297017635000,0.057874980000,0.126109035000),
double3(0.435643650000,0.494234250000,0.363862785000),
double3(0.151750890000,0.004038335000,0.359762350000),
double3(0.077702025000,0.464207770000,0.358901950000),
double3(0.099331750000,0.000203670000,0.365299000000),
double3(0.241304750000,0.469887500000,0.360703230000),
double3(0.185228140000,0.467923970000,0.357205780000),
double3(0.491768330000,0.496395550000,0.367072880000),
double3(0.067618340000,0.031960845000,0.376227150000),
double3(0.109330795000,0.432602500000,0.347734185000),
double3(0.013443400000,0.032860755000,0.373417465000),
double3(0.163567050000,0.431759800000,0.350354100000),
double3(0.025342130000,0.460299135000,0.364570800000),
double3(0.351216400000,0.223147800000,0.352379085000),
double3(0.374452400000,0.247956665000,0.332377300000),
double3(0.313398330000,0.148021070000,0.422538730000),
double3(0.256220200000,0.155390200000,0.431463120000),
double3(0.370682120000,0.315150825000,0.305195900000),
double3(0.342223850000,0.297135500000,0.282647820000),
double3(0.327017250000,0.216157570000,0.398640635000),
double3(0.365240425000,0.291207970000,0.331920775000),
double3(0.324249250000,0.173311935000,0.396774830000),
double3(0.324639750000,0.285388000000,0.374596250000),
double3(0.343340665000,0.180870130000,0.350105820000),
double3(0.333757950000,0.241763650000,0.375380935000),
double3(0.313179200000,0.350842700000,0.084694490000),
double3(0.291175750000,0.116854370000,0.141803635000),
double3(0.435100000000,0.448244500000,0.460210350000),
double3(0.240250650000,0.415999680000,0.278857150000),
double3(0.170078380000,0.063814460000,0.343006670000),
double3(0.007331245000,0.400403100000,0.381231220000),
double3(0.208517865000,0.375874500000,0.342505550000),
double3(0.469117550000,0.089777470000,0.379675750000),
double3(0.099551285000,0.070156100000,0.403941200000),
double3(0.076933935000,0.394652575000,0.320007200000),
double3(0.334317180000,0.160398530000,0.311161850000),
double3(0.253319050000,0.306115350000,0.393804135000),
double3(0.441530885000,0.223264215000,0.310967325000),
double3(0.339366700000,0.240471035000,0.436737900000),
double3(0.313381225000,0.477146565000,0.182501940000),
double3(0.307098150000,0.490399480000,0.043737275000),
double3(0.329775350000,0.156172590000,0.372182800000),
double3(0.344519735000,0.310058050000,0.354022450000),
double3(0.338842870000,0.467620850000,0.419378450000),
double3(0.335818250000,0.499356500000,0.306136370000),
double3(0.321362675000,0.037802935000,0.418185530000),
double3(0.353298500000,0.429174550000,0.307329300000),
double3(0.299589575000,0.048369170000,0.183579160000),
double3(0.306514025000,0.419294925000,0.042905680000),
double3(0.324493825000,0.405114830000,0.183214740000),
double3(0.304323100000,0.062380550000,0.042834790000),
double3(0.419039725000,0.458054950000,0.364391565000),
double3(0.257867400000,0.006028890000,0.360309300000),
double3(0.404395280000,0.027564825000,0.359829130000),
double3(0.272511850000,0.436519100000,0.364871770000),
double3(0.325914920000,0.027934550000,0.868712950000),
double3(0.349925000000,0.438136900000,0.858348000000),
double3(0.315787675000,0.378485200000,0.639184115000),
double3(0.294170530000,0.089187205000,0.587207355000),
double3(0.388518570000,0.458050000000,0.516391405000),
double3(0.254145350000,0.439097375000,0.719092415000),
double3(0.251684725000,0.035399975000,0.959176650000),
double3(0.401662750000,0.003465475000,0.757593720000),
double3(0.239837425000,0.029319165000,0.507896595000),
double3(0.389016150000,0.008662285000,0.708857090000),
double3(0.229207665000,0.150908410000,0.915002400000),
double3(0.248336760000,0.133606910000,0.948819875000),
double3(0.247799200000,0.187082365000,0.937612100000),
double3(0.323678435000,0.115318345000,0.921367000000),
double3(0.339298500000,0.155192820000,0.938762300000),
double3(0.363470100000,0.268563700000,0.776420500000),
double3(0.302174350000,0.290276230000,0.789227575000),
double3(0.339530250000,0.319380225000,0.764797800000),
double3(0.351437865000,0.345970185000,0.806288750000),
double3(0.412601350000,0.317180150000,0.799820800000),
double3(0.358553470000,0.474498500000,0.503751360000),
double3(0.286719550000,0.452559200000,0.727558015000),
double3(0.365190400000,0.477028130000,0.976082920000),
double3(0.294561950000,0.448382615000,0.755048050000),
double3(0.326573075000,0.499369620000,0.959962550000),
double3(0.336344630000,0.466745800000,0.765882250000),
double3(0.281836780000,0.018538950000,0.971543400000),
double3(0.369807350000,0.488921075000,0.749254285000),
double3(0.274948650000,0.015042900000,0.999092900000),
double3(0.362455450000,0.492119400000,0.721739275000),
double3(0.313367350000,0.493184500000,0.515277855000),
double3(0.320760050000,0.474071800000,0.710844650000),
double3(0.330549120000,0.001822710000,0.931073950000),
double3(0.343343020000,0.465069980000,0.794497150000),
double3(0.305032880000,0.015127955000,0.669262915000),
double3(0.306632650000,0.452510650000,0.557126140000),
double3(0.315942550000,0.442018250000,0.669400750000),
double3(0.303775200000,0.025559545000,0.556820025000),
double3(0.310759635000,0.444135875000,0.641655015000),
double3(0.301036330000,0.023526250000,0.584697740000),
double3(0.305226685000,0.482798250000,0.627312450000),
double3(0.303875400000,0.484883050000,0.599099985000),
double3(0.302089950000,0.019232630000,0.641103350000),
double3(0.306411500000,0.448450475000,0.585326410000),
double3(0.312226450000,0.408268650000,0.628125175000),
double3(0.296976300000,0.059408905000,0.598279565000),
double3(0.309657500000,0.409821720000,0.600344700000),
double3(0.297017635000,0.057874980000,0.626109035000),
double3(0.435643650000,0.494234250000,0.863862785000),
double3(0.151750890000,0.004038335000,0.859762350000),
double3(0.077702025000,0.464207770000,0.858901950000),
double3(0.099331750000,0.000203670000,0.865299000000),
double3(0.241304750000,0.469887500000,0.860703230000),
double3(0.185228140000,0.467923970000,0.857205780000),
double3(0.491768330000,0.496395550000,0.867072880000),
double3(0.067618340000,0.031960845000,0.876227150000),
double3(0.109330795000,0.432602500000,0.847734185000),
double3(0.013443400000,0.032860755000,0.873417465000),
double3(0.163567050000,0.431759800000,0.850354100000),
double3(0.025342130000,0.460299135000,0.864570800000),
double3(0.351216400000,0.223147800000,0.852379085000),
double3(0.374452400000,0.247956665000,0.832377300000),
double3(0.313398330000,0.148021070000,0.922538730000),
double3(0.256220200000,0.155390200000,0.931463120000),
double3(0.370682120000,0.315150825000,0.805195900000),
double3(0.342223850000,0.297135500000,0.782647820000),
double3(0.327017250000,0.216157570000,0.898640635000),
double3(0.365240425000,0.291207970000,0.831920775000),
double3(0.324249250000,0.173311935000,0.896774830000),
double3(0.324639750000,0.285388000000,0.874596250000),
double3(0.343340665000,0.180870130000,0.850105820000),
double3(0.333757950000,0.241763650000,0.875380935000),
double3(0.313179200000,0.350842700000,0.584694490000),
double3(0.291175750000,0.116854370000,0.641803635000),
double3(0.435100000000,0.448244500000,0.960210350000),
double3(0.240250650000,0.415999680000,0.778857150000),
double3(0.170078380000,0.063814460000,0.843006670000),
double3(0.007331245000,0.400403100000,0.881231220000),
double3(0.208517865000,0.375874500000,0.842505550000),
double3(0.469117550000,0.089777470000,0.879675750000),
double3(0.099551285000,0.070156100000,0.903941200000),
double3(0.076933935000,0.394652575000,0.820007200000),
double3(0.334317180000,0.160398530000,0.811161850000),
double3(0.253319050000,0.306115350000,0.893804135000),
double3(0.441530885000,0.223264215000,0.810967325000),
double3(0.339366700000,0.240471035000,0.936737900000),
double3(0.313381225000,0.477146565000,0.682501940000),
double3(0.307098150000,0.490399480000,0.543737275000),
double3(0.329775350000,0.156172590000,0.872182800000),
double3(0.344519735000,0.310058050000,0.854022450000),
double3(0.338842870000,0.467620850000,0.919378450000),
double3(0.335818250000,0.499356500000,0.806136370000),
double3(0.321362675000,0.037802935000,0.918185530000),
double3(0.353298500000,0.429174550000,0.807329300000),
double3(0.299589575000,0.048369170000,0.683579160000),
double3(0.306514025000,0.419294925000,0.542905680000),
double3(0.324493825000,0.405114830000,0.683214740000),
double3(0.304323100000,0.062380550000,0.542834790000),
double3(0.419039725000,0.458054950000,0.864391565000),
double3(0.257867400000,0.006028890000,0.860309300000),
double3(0.404395280000,0.027564825000,0.859829130000),
double3(0.272511850000,0.436519100000,0.864871770000),
double3(0.325914920000,0.527934550000,0.368712950000),
double3(0.349925000000,0.938136900000,0.358348000000),
double3(0.315787675000,0.878485200000,0.139184115000),
double3(0.294170530000,0.589187205000,0.087207355000),
double3(0.388518570000,0.958050000000,0.016391405000),
double3(0.254145350000,0.939097375000,0.219092415000),
double3(0.251684725000,0.535399975000,0.459176650000),
double3(0.401662750000,0.503465475000,0.257593720000),
double3(0.239837425000,0.529319165000,0.007896595000),
double3(0.389016150000,0.508662285000,0.208857090000),
double3(0.229207665000,0.650908410000,0.415002400000),
double3(0.248336760000,0.633606910000,0.448819875000),
double3(0.247799200000,0.687082365000,0.437612100000),
double3(0.323678435000,0.615318345000,0.421367000000),
double3(0.339298500000,0.655192820000,0.438762300000),
double3(0.363470100000,0.768563700000,0.276420500000),
double3(0.302174350000,0.790276230000,0.289227575000),
double3(0.339530250000,0.819380225000,0.264797800000),
double3(0.351437865000,0.845970185000,0.306288750000),
double3(0.412601350000,0.817180150000,0.299820800000),
double3(0.358553470000,0.974498500000,0.003751360000),
double3(0.286719550000,0.952559200000,0.227558015000),
double3(0.365190400000,0.977028130000,0.476082920000),
double3(0.294561950000,0.948382615000,0.255048050000),
double3(0.326573075000,0.999369620000,0.459962550000),
double3(0.336344630000,0.966745800000,0.265882250000),
double3(0.281836780000,0.518538950000,0.471543400000),
double3(0.369807350000,0.988921075000,0.249254285000),
double3(0.274948650000,0.515042900000,0.499092900000),
double3(0.362455450000,0.992119400000,0.221739275000),
double3(0.313367350000,0.993184500000,0.015277855000),
double3(0.320760050000,0.974071800000,0.210844650000),
double3(0.330549120000,0.501822710000,0.431073950000),
double3(0.343343020000,0.965069980000,0.294497150000),
double3(0.305032880000,0.515127955000,0.169262915000),
double3(0.306632650000,0.952510650000,0.057126140000),
double3(0.315942550000,0.942018250000,0.169400750000),
double3(0.303775200000,0.525559545000,0.056820025000),
double3(0.310759635000,0.944135875000,0.141655015000),
double3(0.301036330000,0.523526250000,0.084697740000),
double3(0.305226685000,0.982798250000,0.127312450000),
double3(0.303875400000,0.984883050000,0.099099985000),
double3(0.302089950000,0.519232630000,0.141103350000),
double3(0.306411500000,0.948450475000,0.085326410000),
double3(0.312226450000,0.908268650000,0.128125175000),
double3(0.296976300000,0.559408905000,0.098279565000),
double3(0.309657500000,0.909821720000,0.100344700000),
double3(0.297017635000,0.557874980000,0.126109035000),
double3(0.435643650000,0.994234250000,0.363862785000),
double3(0.151750890000,0.504038335000,0.359762350000),
double3(0.077702025000,0.964207770000,0.358901950000),
double3(0.099331750000,0.500203670000,0.365299000000),
double3(0.241304750000,0.969887500000,0.360703230000),
double3(0.185228140000,0.967923970000,0.357205780000),
double3(0.491768330000,0.996395550000,0.367072880000),
double3(0.067618340000,0.531960845000,0.376227150000),
double3(0.109330795000,0.932602500000,0.347734185000),
double3(0.013443400000,0.532860755000,0.373417465000),
double3(0.163567050000,0.931759800000,0.350354100000),
double3(0.025342130000,0.960299135000,0.364570800000),
double3(0.351216400000,0.723147800000,0.352379085000),
double3(0.374452400000,0.747956665000,0.332377300000),
double3(0.313398330000,0.648021070000,0.422538730000),
double3(0.256220200000,0.655390200000,0.431463120000),
double3(0.370682120000,0.815150825000,0.305195900000),
double3(0.342223850000,0.797135500000,0.282647820000),
double3(0.327017250000,0.716157570000,0.398640635000),
double3(0.365240425000,0.791207970000,0.331920775000),
double3(0.324249250000,0.673311935000,0.396774830000),
double3(0.324639750000,0.785388000000,0.374596250000),
double3(0.343340665000,0.680870130000,0.350105820000),
double3(0.333757950000,0.741763650000,0.375380935000),
double3(0.313179200000,0.850842700000,0.084694490000),
double3(0.291175750000,0.616854370000,0.141803635000),
double3(0.435100000000,0.948244500000,0.460210350000),
double3(0.240250650000,0.915999680000,0.278857150000),
double3(0.170078380000,0.563814460000,0.343006670000),
double3(0.007331245000,0.900403100000,0.381231220000),
double3(0.208517865000,0.875874500000,0.342505550000),
double3(0.469117550000,0.589777470000,0.379675750000),
double3(0.099551285000,0.570156100000,0.403941200000),
double3(0.076933935000,0.894652575000,0.320007200000),
double3(0.334317180000,0.660398530000,0.311161850000),
double3(0.253319050000,0.806115350000,0.393804135000),
double3(0.441530885000,0.723264215000,0.310967325000),
double3(0.339366700000,0.740471035000,0.436737900000),
double3(0.313381225000,0.977146565000,0.182501940000),
double3(0.307098150000,0.990399480000,0.043737275000),
double3(0.329775350000,0.656172590000,0.372182800000),
double3(0.344519735000,0.810058050000,0.354022450000),
double3(0.338842870000,0.967620850000,0.419378450000),
double3(0.335818250000,0.999356500000,0.306136370000),
double3(0.321362675000,0.537802935000,0.418185530000),
double3(0.353298500000,0.929174550000,0.307329300000),
double3(0.299589575000,0.548369170000,0.183579160000),
double3(0.306514025000,0.919294925000,0.042905680000),
double3(0.324493825000,0.905114830000,0.183214740000),
double3(0.304323100000,0.562380550000,0.042834790000),
double3(0.419039725000,0.958054950000,0.364391565000),
double3(0.257867400000,0.506028890000,0.360309300000),
double3(0.404395280000,0.527564825000,0.359829130000),
double3(0.272511850000,0.936519100000,0.364871770000),
double3(0.325914920000,0.527934550000,0.868712950000),
double3(0.349925000000,0.938136900000,0.858348000000),
double3(0.315787675000,0.878485200000,0.639184115000),
double3(0.294170530000,0.589187205000,0.587207355000),
double3(0.388518570000,0.958050000000,0.516391405000),
double3(0.254145350000,0.939097375000,0.719092415000),
double3(0.251684725000,0.535399975000,0.959176650000),
double3(0.401662750000,0.503465475000,0.757593720000),
double3(0.239837425000,0.529319165000,0.507896595000),
double3(0.389016150000,0.508662285000,0.708857090000),
double3(0.229207665000,0.650908410000,0.915002400000),
double3(0.248336760000,0.633606910000,0.948819875000),
double3(0.247799200000,0.687082365000,0.937612100000),
double3(0.323678435000,0.615318345000,0.921367000000),
double3(0.339298500000,0.655192820000,0.938762300000),
double3(0.363470100000,0.768563700000,0.776420500000),
double3(0.302174350000,0.790276230000,0.789227575000),
double3(0.339530250000,0.819380225000,0.764797800000),
double3(0.351437865000,0.845970185000,0.806288750000),
double3(0.412601350000,0.817180150000,0.799820800000),
double3(0.358553470000,0.974498500000,0.503751360000),
double3(0.286719550000,0.952559200000,0.727558015000),
double3(0.365190400000,0.977028130000,0.976082920000),
double3(0.294561950000,0.948382615000,0.755048050000),
double3(0.326573075000,0.999369620000,0.959962550000),
double3(0.336344630000,0.966745800000,0.765882250000),
double3(0.281836780000,0.518538950000,0.971543400000),
double3(0.369807350000,0.988921075000,0.749254285000),
double3(0.274948650000,0.515042900000,0.999092900000),
double3(0.362455450000,0.992119400000,0.721739275000),
double3(0.313367350000,0.993184500000,0.515277855000),
double3(0.320760050000,0.974071800000,0.710844650000),
double3(0.330549120000,0.501822710000,0.931073950000),
double3(0.343343020000,0.965069980000,0.794497150000),
double3(0.305032880000,0.515127955000,0.669262915000),
double3(0.306632650000,0.952510650000,0.557126140000),
double3(0.315942550000,0.942018250000,0.669400750000),
double3(0.303775200000,0.525559545000,0.556820025000),
double3(0.310759635000,0.944135875000,0.641655015000),
double3(0.301036330000,0.523526250000,0.584697740000),
double3(0.305226685000,0.982798250000,0.627312450000),
double3(0.303875400000,0.984883050000,0.599099985000),
double3(0.302089950000,0.519232630000,0.641103350000),
double3(0.306411500000,0.948450475000,0.585326410000),
double3(0.312226450000,0.908268650000,0.628125175000),
double3(0.296976300000,0.559408905000,0.598279565000),
double3(0.309657500000,0.909821720000,0.600344700000),
double3(0.297017635000,0.557874980000,0.626109035000),
double3(0.435643650000,0.994234250000,0.863862785000),
double3(0.151750890000,0.504038335000,0.859762350000),
double3(0.077702025000,0.964207770000,0.858901950000),
double3(0.099331750000,0.500203670000,0.865299000000),
double3(0.241304750000,0.969887500000,0.860703230000),
double3(0.185228140000,0.967923970000,0.857205780000),
double3(0.491768330000,0.996395550000,0.867072880000),
double3(0.067618340000,0.531960845000,0.876227150000),
double3(0.109330795000,0.932602500000,0.847734185000),
double3(0.013443400000,0.532860755000,0.873417465000),
double3(0.163567050000,0.931759800000,0.850354100000),
double3(0.025342130000,0.960299135000,0.864570800000),
double3(0.351216400000,0.723147800000,0.852379085000),
double3(0.374452400000,0.747956665000,0.832377300000),
double3(0.313398330000,0.648021070000,0.922538730000),
double3(0.256220200000,0.655390200000,0.931463120000),
double3(0.370682120000,0.815150825000,0.805195900000),
double3(0.342223850000,0.797135500000,0.782647820000),
double3(0.327017250000,0.716157570000,0.898640635000),
double3(0.365240425000,0.791207970000,0.831920775000),
double3(0.324249250000,0.673311935000,0.896774830000),
double3(0.324639750000,0.785388000000,0.874596250000),
double3(0.343340665000,0.680870130000,0.850105820000),
double3(0.333757950000,0.741763650000,0.875380935000),
double3(0.313179200000,0.850842700000,0.584694490000),
double3(0.291175750000,0.616854370000,0.641803635000),
double3(0.435100000000,0.948244500000,0.960210350000),
double3(0.240250650000,0.915999680000,0.778857150000),
double3(0.170078380000,0.563814460000,0.843006670000),
double3(0.007331245000,0.900403100000,0.881231220000),
double3(0.208517865000,0.875874500000,0.842505550000),
double3(0.469117550000,0.589777470000,0.879675750000),
double3(0.099551285000,0.570156100000,0.903941200000),
double3(0.076933935000,0.894652575000,0.820007200000),
double3(0.334317180000,0.660398530000,0.811161850000),
double3(0.253319050000,0.806115350000,0.893804135000),
double3(0.441530885000,0.723264215000,0.810967325000),
double3(0.339366700000,0.740471035000,0.936737900000),
double3(0.313381225000,0.977146565000,0.682501940000),
double3(0.307098150000,0.990399480000,0.543737275000),
double3(0.329775350000,0.656172590000,0.872182800000),
double3(0.344519735000,0.810058050000,0.854022450000),
double3(0.338842870000,0.967620850000,0.919378450000),
double3(0.335818250000,0.999356500000,0.806136370000),
double3(0.321362675000,0.537802935000,0.918185530000),
double3(0.353298500000,0.929174550000,0.807329300000),
double3(0.299589575000,0.548369170000,0.683579160000),
double3(0.306514025000,0.919294925000,0.542905680000),
double3(0.324493825000,0.905114830000,0.683214740000),
double3(0.304323100000,0.562380550000,0.542834790000),
double3(0.419039725000,0.958054950000,0.864391565000),
double3(0.257867400000,0.506028890000,0.860309300000),
double3(0.404395280000,0.527564825000,0.859829130000),
double3(0.272511850000,0.936519100000,0.864871770000),
double3(0.825914920000,0.027934550000,0.368712950000),
double3(0.849925000000,0.438136900000,0.358348000000),
double3(0.815787675000,0.378485200000,0.139184115000),
double3(0.794170530000,0.089187205000,0.087207355000),
double3(0.888518570000,0.458050000000,0.016391405000),
double3(0.754145350000,0.439097375000,0.219092415000),
double3(0.751684725000,0.035399975000,0.459176650000),
double3(0.901662750000,0.003465475000,0.257593720000),
double3(0.739837425000,0.029319165000,0.007896595000),
double3(0.889016150000,0.008662285000,0.208857090000),
double3(0.729207665000,0.150908410000,0.415002400000),
double3(0.748336760000,0.133606910000,0.448819875000),
double3(0.747799200000,0.187082365000,0.437612100000),
double3(0.823678435000,0.115318345000,0.421367000000),
double3(0.839298500000,0.155192820000,0.438762300000),
double3(0.863470100000,0.268563700000,0.276420500000),
double3(0.802174350000,0.290276230000,0.289227575000),
double3(0.839530250000,0.319380225000,0.264797800000),
double3(0.851437865000,0.345970185000,0.306288750000),
double3(0.912601350000,0.317180150000,0.299820800000),
double3(0.858553470000,0.474498500000,0.003751360000),
double3(0.786719550000,0.452559200000,0.227558015000),
double3(0.865190400000,0.477028130000,0.476082920000),
double3(0.794561950000,0.448382615000,0.255048050000),
double3(0.826573075000,0.499369620000,0.459962550000),
double3(0.836344630000,0.466745800000,0.265882250000),
double3(0.781836780000,0.018538950000,0.471543400000),
double3(0.869807350000,0.488921075000,0.249254285000),
double3(0.774948650000,0.015042900000,0.499092900000),
double3(0.862455450000,0.492119400000,0.221739275000),
double3(0.813367350000,0.493184500000,0.015277855000),
double3(0.820760050000,0.474071800000,0.210844650000),
double3(0.830549120000,0.001822710000,0.431073950000),
double3(0.843343020000,0.465069980000,0.294497150000),
double3(0.805032880000,0.015127955000,0.169262915000),
double3(0.806632650000,0.452510650000,0.057126140000),
double3(0.815942550000,0.442018250000,0.169400750000),
double3(0.803775200000,0.025559545000,0.056820025000),
double3(0.810759635000,0.444135875000,0.141655015000),
double3(0.801036330000,0.023526250000,0.084697740000),
double3(0.805226685000,0.482798250000,0.127312450000),
double3(0.803875400000,0.484883050000,0.099099985000),
double3(0.802089950000,0.019232630000,0.141103350000),
double3(0.806411500000,0.448450475000,0.085326410000),
double3(0.812226450000,0.408268650000,0.128125175000),
double3(0.796976300000,0.059408905000,0.098279565000),
double3(0.809657500000,0.409821720000,0.100344700000),
double3(0.797017635000,0.057874980000,0.126109035000),
double3(0.935643650000,0.494234250000,0.363862785000),
double3(0.651750890000,0.004038335000,0.359762350000),
double3(0.577702025000,0.464207770000,0.358901950000),
double3(0.599331750000,0.000203670000,0.365299000000),
double3(0.741304750000,0.469887500000,0.360703230000),
double3(0.685228140000,0.467923970000,0.357205780000),
double3(0.991768330000,0.496395550000,0.367072880000),
double3(0.567618340000,0.031960845000,0.376227150000),
double3(0.609330795000,0.432602500000,0.347734185000),
double3(0.513443400000,0.032860755000,0.373417465000),
double3(0.663567050000,0.431759800000,0.350354100000),
double3(0.525342130000,0.460299135000,0.364570800000),
double3(0.851216400000,0.223147800000,0.352379085000),
double3(0.874452400000,0.247956665000,0.332377300000),
double3(0.813398330000,0.148021070000,0.422538730000),
double3(0.756220200000,0.155390200000,0.431463120000),
double3(0.870682120000,0.315150825000,0.305195900000),
double3(0.842223850000,0.297135500000,0.282647820000),
double3(0.827017250000,0.216157570000,0.398640635000),
double3(0.865240425000,0.291207970000,0.331920775000),
double3(0.824249250000,0.173311935000,0.396774830000),
double3(0.824639750000,0.285388000000,0.374596250000),
double3(0.843340665000,0.180870130000,0.350105820000),
double3(0.833757950000,0.241763650000,0.375380935000),
double3(0.813179200000,0.350842700000,0.084694490000),
double3(0.791175750000,0.116854370000,0.141803635000),
double3(0.935100000000,0.448244500000,0.460210350000),
double3(0.740250650000,0.415999680000,0.278857150000),
double3(0.670078380000,0.063814460000,0.343006670000),
double3(0.507331245000,0.400403100000,0.381231220000),
double3(0.708517865000,0.375874500000,0.342505550000),
double3(0.969117550000,0.089777470000,0.379675750000),
double3(0.599551285000,0.070156100000,0.403941200000),
double3(0.576933935000,0.394652575000,0.320007200000),
double3(0.834317180000,0.160398530000,0.311161850000),
double3(0.753319050000,0.306115350000,0.393804135000),
double3(0.941530885000,0.223264215000,0.310967325000),
double3(0.839366700000,0.240471035000,0.436737900000),
double3(0.813381225000,0.477146565000,0.182501940000),
double3(0.807098150000,0.490399480000,0.043737275000),
double3(0.829775350000,0.156172590000,0.372182800000),
double3(0.844519735000,0.310058050000,0.354022450000),
double3(0.838842870000,0.467620850000,0.419378450000),
double3(0.835818250000,0.499356500000,0.306136370000),
double3(0.821362675000,0.037802935000,0.418185530000),
double3(0.853298500000,0.429174550000,0.307329300000),
double3(0.799589575000,0.048369170000,0.183579160000),
double3(0.806514025000,0.419294925000,0.042905680000),
double3(0.824493825000,0.405114830000,0.183214740000),
double3(0.804323100000,0.062380550000,0.042834790000),
double3(0.919039725000,0.458054950000,0.364391565000),
double3(0.757867400000,0.006028890000,0.360309300000),
double3(0.904395280000,0.027564825000,0.359829130000),
double3(0.772511850000,0.436519100000,0.364871770000),
double3(0.825914920000,0.027934550000,0.868712950000),
double3(0.849925000000,0.438136900000,0.858348000000),
double3(0.815787675000,0.378485200000,0.639184115000),
double3(0.794170530000,0.089187205000,0.587207355000),
double3(0.888518570000,0.458050000000,0.516391405000),
double3(0.754145350000,0.439097375000,0.719092415000),
double3(0.751684725000,0.035399975000,0.959176650000),
double3(0.901662750000,0.003465475000,0.757593720000),
double3(0.739837425000,0.029319165000,0.507896595000),
double3(0.889016150000,0.008662285000,0.708857090000),
double3(0.729207665000,0.150908410000,0.915002400000),
double3(0.748336760000,0.133606910000,0.948819875000),
double3(0.747799200000,0.187082365000,0.937612100000),
double3(0.823678435000,0.115318345000,0.921367000000),
double3(0.839298500000,0.155192820000,0.938762300000),
double3(0.863470100000,0.268563700000,0.776420500000),
double3(0.802174350000,0.290276230000,0.789227575000),
double3(0.839530250000,0.319380225000,0.764797800000),
double3(0.851437865000,0.345970185000,0.806288750000),
double3(0.912601350000,0.317180150000,0.799820800000),
double3(0.858553470000,0.474498500000,0.503751360000),
double3(0.786719550000,0.452559200000,0.727558015000),
double3(0.865190400000,0.477028130000,0.976082920000),
double3(0.794561950000,0.448382615000,0.755048050000),
double3(0.826573075000,0.499369620000,0.959962550000),
double3(0.836344630000,0.466745800000,0.765882250000),
double3(0.781836780000,0.018538950000,0.971543400000),
double3(0.869807350000,0.488921075000,0.749254285000),
double3(0.774948650000,0.015042900000,0.999092900000),
double3(0.862455450000,0.492119400000,0.721739275000),
double3(0.813367350000,0.493184500000,0.515277855000),
double3(0.820760050000,0.474071800000,0.710844650000),
double3(0.830549120000,0.001822710000,0.931073950000),
double3(0.843343020000,0.465069980000,0.794497150000),
double3(0.805032880000,0.015127955000,0.669262915000),
double3(0.806632650000,0.452510650000,0.557126140000),
double3(0.815942550000,0.442018250000,0.669400750000),
double3(0.803775200000,0.025559545000,0.556820025000),
double3(0.810759635000,0.444135875000,0.641655015000),
double3(0.801036330000,0.023526250000,0.584697740000),
double3(0.805226685000,0.482798250000,0.627312450000),
double3(0.803875400000,0.484883050000,0.599099985000),
double3(0.802089950000,0.019232630000,0.641103350000),
double3(0.806411500000,0.448450475000,0.585326410000),
double3(0.812226450000,0.408268650000,0.628125175000),
double3(0.796976300000,0.059408905000,0.598279565000),
double3(0.809657500000,0.409821720000,0.600344700000),
double3(0.797017635000,0.057874980000,0.626109035000),
double3(0.935643650000,0.494234250000,0.863862785000),
double3(0.651750890000,0.004038335000,0.859762350000),
double3(0.577702025000,0.464207770000,0.858901950000),
double3(0.599331750000,0.000203670000,0.865299000000),
double3(0.741304750000,0.469887500000,0.860703230000),
double3(0.685228140000,0.467923970000,0.857205780000),
double3(0.991768330000,0.496395550000,0.867072880000),
double3(0.567618340000,0.031960845000,0.876227150000),
double3(0.609330795000,0.432602500000,0.847734185000),
double3(0.513443400000,0.032860755000,0.873417465000),
double3(0.663567050000,0.431759800000,0.850354100000),
double3(0.525342130000,0.460299135000,0.864570800000),
double3(0.851216400000,0.223147800000,0.852379085000),
double3(0.874452400000,0.247956665000,0.832377300000),
double3(0.813398330000,0.148021070000,0.922538730000),
double3(0.756220200000,0.155390200000,0.931463120000),
double3(0.870682120000,0.315150825000,0.805195900000),
double3(0.842223850000,0.297135500000,0.782647820000),
double3(0.827017250000,0.216157570000,0.898640635000),
double3(0.865240425000,0.291207970000,0.831920775000),
double3(0.824249250000,0.173311935000,0.896774830000),
double3(0.824639750000,0.285388000000,0.874596250000),
double3(0.843340665000,0.180870130000,0.850105820000),
double3(0.833757950000,0.241763650000,0.875380935000),
double3(0.813179200000,0.350842700000,0.584694490000),
double3(0.791175750000,0.116854370000,0.641803635000),
double3(0.935100000000,0.448244500000,0.960210350000),
double3(0.740250650000,0.415999680000,0.778857150000),
double3(0.670078380000,0.063814460000,0.843006670000),
double3(0.507331245000,0.400403100000,0.881231220000),
double3(0.708517865000,0.375874500000,0.842505550000),
double3(0.969117550000,0.089777470000,0.879675750000),
double3(0.599551285000,0.070156100000,0.903941200000),
double3(0.576933935000,0.394652575000,0.820007200000),
double3(0.834317180000,0.160398530000,0.811161850000),
double3(0.753319050000,0.306115350000,0.893804135000),
double3(0.941530885000,0.223264215000,0.810967325000),
double3(0.839366700000,0.240471035000,0.936737900000),
double3(0.813381225000,0.477146565000,0.682501940000),
double3(0.807098150000,0.490399480000,0.543737275000),
double3(0.829775350000,0.156172590000,0.872182800000),
double3(0.844519735000,0.310058050000,0.854022450000),
double3(0.838842870000,0.467620850000,0.919378450000),
double3(0.835818250000,0.499356500000,0.806136370000),
double3(0.821362675000,0.037802935000,0.918185530000),
double3(0.853298500000,0.429174550000,0.807329300000),
double3(0.799589575000,0.048369170000,0.683579160000),
double3(0.806514025000,0.419294925000,0.542905680000),
double3(0.824493825000,0.405114830000,0.683214740000),
double3(0.804323100000,0.062380550000,0.542834790000),
double3(0.919039725000,0.458054950000,0.864391565000),
double3(0.757867400000,0.006028890000,0.860309300000),
double3(0.904395280000,0.027564825000,0.859829130000),
double3(0.772511850000,0.436519100000,0.864871770000),
double3(0.825914920000,0.527934550000,0.368712950000),
double3(0.849925000000,0.938136900000,0.358348000000),
double3(0.815787675000,0.878485200000,0.139184115000),
double3(0.794170530000,0.589187205000,0.087207355000),
double3(0.888518570000,0.958050000000,0.016391405000),
double3(0.754145350000,0.939097375000,0.219092415000),
double3(0.751684725000,0.535399975000,0.459176650000),
double3(0.901662750000,0.503465475000,0.257593720000),
double3(0.739837425000,0.529319165000,0.007896595000),
double3(0.889016150000,0.508662285000,0.208857090000),
double3(0.729207665000,0.650908410000,0.415002400000),
double3(0.748336760000,0.633606910000,0.448819875000),
double3(0.747799200000,0.687082365000,0.437612100000),
double3(0.823678435000,0.615318345000,0.421367000000),
double3(0.839298500000,0.655192820000,0.438762300000),
double3(0.863470100000,0.768563700000,0.276420500000),
double3(0.802174350000,0.790276230000,0.289227575000),
double3(0.839530250000,0.819380225000,0.264797800000),
double3(0.851437865000,0.845970185000,0.306288750000),
double3(0.912601350000,0.817180150000,0.299820800000),
double3(0.858553470000,0.974498500000,0.003751360000),
double3(0.786719550000,0.952559200000,0.227558015000),
double3(0.865190400000,0.977028130000,0.476082920000),
double3(0.794561950000,0.948382615000,0.255048050000),
double3(0.826573075000,0.999369620000,0.459962550000),
double3(0.836344630000,0.966745800000,0.265882250000),
double3(0.781836780000,0.518538950000,0.471543400000),
double3(0.869807350000,0.988921075000,0.249254285000),
double3(0.774948650000,0.515042900000,0.499092900000),
double3(0.862455450000,0.992119400000,0.221739275000),
double3(0.813367350000,0.993184500000,0.015277855000),
double3(0.820760050000,0.974071800000,0.210844650000),
double3(0.830549120000,0.501822710000,0.431073950000),
double3(0.843343020000,0.965069980000,0.294497150000),
double3(0.805032880000,0.515127955000,0.169262915000),
double3(0.806632650000,0.952510650000,0.057126140000),
double3(0.815942550000,0.942018250000,0.169400750000),
double3(0.803775200000,0.525559545000,0.056820025000),
double3(0.810759635000,0.944135875000,0.141655015000),
double3(0.801036330000,0.523526250000,0.084697740000),
double3(0.805226685000,0.982798250000,0.127312450000),
double3(0.803875400000,0.984883050000,0.099099985000),
double3(0.802089950000,0.519232630000,0.141103350000),
double3(0.806411500000,0.948450475000,0.085326410000),
double3(0.812226450000,0.908268650000,0.128125175000),
double3(0.796976300000,0.559408905000,0.098279565000),
double3(0.809657500000,0.909821720000,0.100344700000),
double3(0.797017635000,0.557874980000,0.126109035000),
double3(0.935643650000,0.994234250000,0.363862785000),
double3(0.651750890000,0.504038335000,0.359762350000),
double3(0.577702025000,0.964207770000,0.358901950000),
double3(0.599331750000,0.500203670000,0.365299000000),
double3(0.741304750000,0.969887500000,0.360703230000),
double3(0.685228140000,0.967923970000,0.357205780000),
double3(0.991768330000,0.996395550000,0.367072880000),
double3(0.567618340000,0.531960845000,0.376227150000),
double3(0.609330795000,0.932602500000,0.347734185000),
double3(0.513443400000,0.532860755000,0.373417465000),
double3(0.663567050000,0.931759800000,0.350354100000),
double3(0.525342130000,0.960299135000,0.364570800000),
double3(0.851216400000,0.723147800000,0.352379085000),
double3(0.874452400000,0.747956665000,0.332377300000),
double3(0.813398330000,0.648021070000,0.422538730000),
double3(0.756220200000,0.655390200000,0.431463120000),
double3(0.870682120000,0.815150825000,0.305195900000),
double3(0.842223850000,0.797135500000,0.282647820000),
double3(0.827017250000,0.716157570000,0.398640635000),
double3(0.865240425000,0.791207970000,0.331920775000),
double3(0.824249250000,0.673311935000,0.396774830000),
double3(0.824639750000,0.785388000000,0.374596250000),
double3(0.843340665000,0.680870130000,0.350105820000),
double3(0.833757950000,0.741763650000,0.375380935000),
double3(0.813179200000,0.850842700000,0.084694490000),
double3(0.791175750000,0.616854370000,0.141803635000),
double3(0.935100000000,0.948244500000,0.460210350000),
double3(0.740250650000,0.915999680000,0.278857150000),
double3(0.670078380000,0.563814460000,0.343006670000),
double3(0.507331245000,0.900403100000,0.381231220000),
double3(0.708517865000,0.875874500000,0.342505550000),
double3(0.969117550000,0.589777470000,0.379675750000),
double3(0.599551285000,0.570156100000,0.403941200000),
double3(0.576933935000,0.894652575000,0.320007200000),
double3(0.834317180000,0.660398530000,0.311161850000),
double3(0.753319050000,0.806115350000,0.393804135000),
double3(0.941530885000,0.723264215000,0.310967325000),
double3(0.839366700000,0.740471035000,0.436737900000),
double3(0.813381225000,0.977146565000,0.182501940000),
double3(0.807098150000,0.990399480000,0.043737275000),
double3(0.829775350000,0.656172590000,0.372182800000),
double3(0.844519735000,0.810058050000,0.354022450000),
double3(0.838842870000,0.967620850000,0.419378450000),
double3(0.835818250000,0.999356500000,0.306136370000),
double3(0.821362675000,0.537802935000,0.418185530000),
double3(0.853298500000,0.929174550000,0.307329300000),
double3(0.799589575000,0.548369170000,0.183579160000),
double3(0.806514025000,0.919294925000,0.042905680000),
double3(0.824493825000,0.905114830000,0.183214740000),
double3(0.804323100000,0.562380550000,0.042834790000),
double3(0.919039725000,0.958054950000,0.364391565000),
double3(0.757867400000,0.506028890000,0.360309300000),
double3(0.904395280000,0.527564825000,0.359829130000),
double3(0.772511850000,0.936519100000,0.364871770000),
double3(0.825914920000,0.527934550000,0.868712950000),
double3(0.849925000000,0.938136900000,0.858348000000),
double3(0.815787675000,0.878485200000,0.639184115000),
double3(0.794170530000,0.589187205000,0.587207355000),
double3(0.888518570000,0.958050000000,0.516391405000),
double3(0.754145350000,0.939097375000,0.719092415000),
double3(0.751684725000,0.535399975000,0.959176650000),
double3(0.901662750000,0.503465475000,0.757593720000),
double3(0.739837425000,0.529319165000,0.507896595000),
double3(0.889016150000,0.508662285000,0.708857090000),
double3(0.729207665000,0.650908410000,0.915002400000),
double3(0.748336760000,0.633606910000,0.948819875000),
double3(0.747799200000,0.687082365000,0.937612100000),
double3(0.823678435000,0.615318345000,0.921367000000),
double3(0.839298500000,0.655192820000,0.938762300000),
double3(0.863470100000,0.768563700000,0.776420500000),
double3(0.802174350000,0.790276230000,0.789227575000),
double3(0.839530250000,0.819380225000,0.764797800000),
double3(0.851437865000,0.845970185000,0.806288750000),
double3(0.912601350000,0.817180150000,0.799820800000),
double3(0.858553470000,0.974498500000,0.503751360000),
double3(0.786719550000,0.952559200000,0.727558015000),
double3(0.865190400000,0.977028130000,0.976082920000),
double3(0.794561950000,0.948382615000,0.755048050000),
double3(0.826573075000,0.999369620000,0.959962550000),
double3(0.836344630000,0.966745800000,0.765882250000),
double3(0.781836780000,0.518538950000,0.971543400000),
double3(0.869807350000,0.988921075000,0.749254285000),
double3(0.774948650000,0.515042900000,0.999092900000),
double3(0.862455450000,0.992119400000,0.721739275000),
double3(0.813367350000,0.993184500000,0.515277855000),
double3(0.820760050000,0.974071800000,0.710844650000),
double3(0.830549120000,0.501822710000,0.931073950000),
double3(0.843343020000,0.965069980000,0.794497150000),
double3(0.805032880000,0.515127955000,0.669262915000),
double3(0.806632650000,0.952510650000,0.557126140000),
double3(0.815942550000,0.942018250000,0.669400750000),
double3(0.803775200000,0.525559545000,0.556820025000),
double3(0.810759635000,0.944135875000,0.641655015000),
double3(0.801036330000,0.523526250000,0.584697740000),
double3(0.805226685000,0.982798250000,0.627312450000),
double3(0.803875400000,0.984883050000,0.599099985000),
double3(0.802089950000,0.519232630000,0.641103350000),
double3(0.806411500000,0.948450475000,0.585326410000),
double3(0.812226450000,0.908268650000,0.628125175000),
double3(0.796976300000,0.559408905000,0.598279565000),
double3(0.809657500000,0.909821720000,0.600344700000),
double3(0.797017635000,0.557874980000,0.626109035000),
double3(0.935643650000,0.994234250000,0.863862785000),
double3(0.651750890000,0.504038335000,0.859762350000),
double3(0.577702025000,0.964207770000,0.858901950000),
double3(0.599331750000,0.500203670000,0.865299000000),
double3(0.741304750000,0.969887500000,0.860703230000),
double3(0.685228140000,0.967923970000,0.857205780000),
double3(0.991768330000,0.996395550000,0.867072880000),
double3(0.567618340000,0.531960845000,0.876227150000),
double3(0.609330795000,0.932602500000,0.847734185000),
double3(0.513443400000,0.532860755000,0.873417465000),
double3(0.663567050000,0.931759800000,0.850354100000),
double3(0.525342130000,0.960299135000,0.864570800000),
double3(0.851216400000,0.723147800000,0.852379085000),
double3(0.874452400000,0.747956665000,0.832377300000),
double3(0.813398330000,0.648021070000,0.922538730000),
double3(0.756220200000,0.655390200000,0.931463120000),
double3(0.870682120000,0.815150825000,0.805195900000),
double3(0.842223850000,0.797135500000,0.782647820000),
double3(0.827017250000,0.716157570000,0.898640635000),
double3(0.865240425000,0.791207970000,0.831920775000),
double3(0.824249250000,0.673311935000,0.896774830000),
double3(0.824639750000,0.785388000000,0.874596250000),
double3(0.843340665000,0.680870130000,0.850105820000),
double3(0.833757950000,0.741763650000,0.875380935000),
double3(0.813179200000,0.850842700000,0.584694490000),
double3(0.791175750000,0.616854370000,0.641803635000),
double3(0.935100000000,0.948244500000,0.960210350000),
double3(0.740250650000,0.915999680000,0.778857150000),
double3(0.670078380000,0.563814460000,0.843006670000),
double3(0.507331245000,0.900403100000,0.881231220000),
double3(0.708517865000,0.875874500000,0.842505550000),
double3(0.969117550000,0.589777470000,0.879675750000),
double3(0.599551285000,0.570156100000,0.903941200000),
double3(0.576933935000,0.894652575000,0.820007200000),
double3(0.834317180000,0.660398530000,0.811161850000),
double3(0.753319050000,0.806115350000,0.893804135000),
double3(0.941530885000,0.723264215000,0.810967325000),
double3(0.839366700000,0.740471035000,0.936737900000),
double3(0.813381225000,0.977146565000,0.682501940000),
double3(0.807098150000,0.990399480000,0.543737275000),
double3(0.829775350000,0.656172590000,0.872182800000),
double3(0.844519735000,0.810058050000,0.854022450000),
double3(0.838842870000,0.967620850000,0.919378450000),
double3(0.835818250000,0.999356500000,0.806136370000),
double3(0.821362675000,0.537802935000,0.918185530000),
double3(0.853298500000,0.929174550000,0.807329300000),
double3(0.799589575000,0.548369170000,0.683579160000),
double3(0.806514025000,0.919294925000,0.542905680000),
double3(0.824493825000,0.905114830000,0.683214740000),
double3(0.804323100000,0.562380550000,0.542834790000),
double3(0.919039725000,0.958054950000,0.864391565000),
double3(0.757867400000,0.506028890000,0.860309300000),
double3(0.904395280000,0.527564825000,0.859829130000),
double3(0.772511850000,0.936519100000,0.864871770000),
