[double3(10.648730000000,0.000000000000,0.000000000000),double3(-0.238350891860,15.639823871833,0.000000000000),double3(-0.269236181993,-0.928983076531,16.785877473645)]

double3(0.161205010000,0.190888900000,0.412310630000),
double3(0.234265940000,0.150762630000,0.346274020000),
double3(0.469360400000,0.265628200000,0.337640075000),
double3(0.049997270000,0.042816935000,0.454180630000),
double3(0.393956850000,0.157548785000,0.275940925000),
double3(0.417537780000,0.170015665000,0.205896435000),
double3(0.018313945000,0.204537915000,0.188722520000),
double3(0.095618425000,0.226839200000,0.242005885000),
double3(0.072825730000,0.215217320000,0.311882675000),
double3(0.001563670000,0.185237510000,0.483218450000),
double3(0.478060250000,0.172777310000,0.053274870000),
double3(0.377240350000,0.138331190000,0.070504250000),
double3(0.299808050000,0.116129800000,0.017271520000),
double3(0.412098150000,0.296098085000,0.365597935000),
double3(0.322519000000,0.127750485000,0.447375030000),
double3(0.018965720000,0.097608945000,0.304780300000),
double3(0.006201205000,0.029722415000,0.264418485000),
double3(0.409679200000,0.485263050000,0.269634700000),
double3(0.326217235000,0.008493015000,0.316189950000),
double3(0.338389250000,0.075622595000,0.357144950000),
double3(0.376320050000,0.245257540000,0.454338520000),
double3(0.389024825000,0.313116850000,0.494746625000),
double3(0.485589100000,0.357558600000,0.489668050000),
double3(0.069149615000,0.334345350000,0.443190850000),
double3(0.345588475000,0.299940550000,0.304784950000),
double3(0.057038010000,0.267244700000,0.402184130000),
double3(0.423984100000,0.320316525000,0.296966730000),
double3(0.401005715000,0.267558750000,0.276711050000),
double3(0.483125925000,0.046849220000,0.393484350000),
double3(0.426060800000,0.077285140000,0.421688380000),
double3(0.494612550000,0.075013860000,0.482462315000),
double3(0.471698100000,0.022323310000,0.462042950000),
double3(0.110842595000,0.362932620000,0.363439470000),
double3(0.285624625000,0.478282850000,0.393422450000),
double3(0.104234920000,0.485112900000,0.335234225000),
double3(0.292242250000,0.356101400000,0.421612830000),
double3(0.121516490000,0.062296150000,0.330310150000),
double3(0.274960300000,0.278913200000,0.426537425000),
double3(0.096273465000,0.285139530000,0.370444900000),
double3(0.300194085000,0.056080880000,0.386416525000),
double3(0.136211100000,0.202868520000,0.263078600000),
double3(0.128084825000,0.203274920000,0.190669450000),
double3(0.071106515000,0.159781770000,0.074001610000),
double3(0.306217300000,0.129653950000,0.252712280000),
double3(0.297977450000,0.130155070000,0.180291950000),
double3(0.047181985000,0.092128590000,0.013885450000),
double3(0.446529865000,0.075393720000,0.478340270000),
double3(0.394253970000,0.130601450000,0.439923465000),
double3(0.263390200000,0.202916250000,0.004052500000),
double3(0.442578750000,0.202949250000,0.437333225000),
double3(0.043299305000,0.220179530000,0.472476185000),
double3(0.226207765000,0.261988950000,0.116456200000),
double3(0.319740600000,0.291660950000,0.153147370000),
double3(0.424590765000,0.260944000000,0.140398415000),
double3(0.435866115000,0.200224850000,0.090632120000),
double3(0.342822000000,0.169735030000,0.053930500000),
double3(0.428421450000,0.166715965000,0.417333275000),
double3(0.436449000000,0.134906350000,0.356739650000),
double3(0.458939350000,0.207967490000,0.402467000000),
double3(0.417965530000,0.203454630000,0.364282050000),
double3(0.477422835000,0.139419200000,0.394924650000),
double3(0.387368770000,0.162497050000,0.379048615000),
double3(0.008023860000,0.180379110000,0.380161900000),
double3(0.418241680000,0.272003980000,0.340506650000),
double3(0.395715300000,0.291128200000,0.302321075000),
double3(0.477155350000,0.070862540000,0.418671965000),
double3(0.499867765000,0.051568880000,0.456753900000),
double3(0.482598720000,0.183876410000,0.299194800000),
double3(0.438470930000,0.172235475000,0.268850800000),
double3(0.451550450000,0.179377975000,0.229137750000),
double3(0.008347690000,0.198792265000,0.219444260000),
double3(0.051979420000,0.211263465000,0.249476535000),
double3(0.039136410000,0.204059930000,0.289211200000),
double3(0.412833480000,0.159004820000,0.460016220000),
double3(0.457030000000,0.170593990000,0.490336150000),
double3(0.443994200000,0.163454980000,0.030055525000),
double3(0.387167335000,0.144089610000,0.039777515000),
double3(0.343466650000,0.131666300000,0.009771285000),
double3(0.356261100000,0.138870100000,0.470027985000),
double3(0.428177985000,0.093030790000,0.332519600000),
double3(0.476215185000,0.078796870000,0.307089715000),
double3(0.469323575000,0.040225065000,0.284294130000),
double3(0.414971600000,0.015135970000,0.287252725000),
double3(0.367822380000,0.028327320000,0.313378780000),
double3(0.374524265000,0.066906750000,0.336183520000),
double3(0.467174230000,0.249844685000,0.426697400000),
double3(0.419083685000,0.264066750000,0.452082650000),
double3(0.425947050000,0.302621350000,0.474908000000),
double3(0.480324200000,0.327701150000,0.472025720000),
double3(0.027527390000,0.314519400000,0.445940750000),
double3(0.020848690000,0.275957020000,0.423105985000),
double3(0.074548065000,0.183788250000,0.383378050000),
double3(0.320848825000,0.159082415000,0.375840215000),
double3(0.466971800000,0.176158000000,0.341873765000),
double3(0.257717300000,0.040146350000,0.374919750000),
double3(0.138750435000,0.301068850000,0.381936250000),
double3(0.249060690000,0.495829880000,0.379057650000),
double3(0.147406490000,0.345385580000,0.377804250000),
double3(0.192851690000,0.475111500000,0.364837750000),
double3(0.203620060000,0.366098350000,0.392017275000),
double3(0.147941560000,0.499744920000,0.346364915000),
double3(0.248531220000,0.341469550000,0.410483600000),
double3(0.158091650000,0.043648540000,0.343261650000),
double3(0.238376700000,0.297566200000,0.413588315000),
double3(0.225297735000,0.163484125000,0.306970715000),
double3(0.112831270000,0.167526975000,0.016822415000),
double3(0.167115120000,0.187007280000,0.203826740000),
double3(0.170408220000,0.180419860000,0.453223375000),
double3(0.171884835000,0.187055975000,0.245298650000),
double3(0.212433470000,0.165969210000,0.179950030000),
double3(0.221654670000,0.166133925000,0.263455035000),
double3(0.267135000000,0.145892575000,0.239540620000),
double3(0.262494475000,0.145979375000,0.198238180000),
double3(0.052823970000,0.157206820000,0.495365620000),
double3(0.024754010000,0.116473630000,0.497183100000),
double3(0.467821100000,0.106915705000,0.477087200000),
double3(0.438315150000,0.138032110000,0.455438020000),
double3(0.465596900000,0.178811180000,0.453935000000),
double3(0.022650335000,0.188443975000,0.473813200000),
double3(0.277541965000,0.213429900000,0.082669420000),
double3(0.271681130000,0.248122350000,0.110699410000),
double3(0.324580075000,0.265077400000,0.131479935000),
double3(0.383695700000,0.247783125000,0.124278470000),
double3(0.390043500000,0.213561200000,0.096208325000),
double3(0.337263880000,0.196460440000,0.075388625000),
double3(0.168134150000,0.179065250000,0.496891650000),
double3(0.221606075000,0.192766590000,0.019207880000),
double3(0.221426370000,0.195056230000,0.060834335000),
double3(0.166868540000,0.181641755000,0.080658525000),
double3(0.113221065000,0.168628275000,0.058509420000),
double3(0.212210535000,0.063273785000,0.357363500000),
double3(0.184261635000,0.277941100000,0.399490950000),
double3(0.178706825000,0.430502750000,0.368531400000),
double3(0.217764960000,0.410707150000,0.388323635000),
double3(0.164073540000,0.181650340000,0.122733950000),
double3(0.210933940000,0.164899230000,0.137711080000),
double3(0.014087675000,0.107603735000,0.411990350000),
double3(0.105757175000,0.159265130000,0.362680225000),
double3(0.289639600000,0.183605475000,0.396538050000),
double3(0.297342850000,0.150235550000,0.343125250000),
double3(0.098053930000,0.192635060000,0.416093000000),
double3(0.381298930000,0.235272700000,0.347228825000),
double3(0.265323670000,0.138990315000,0.321986650000),
double3(0.203602750000,0.209390650000,0.438003720000),
double3(0.187323985000,0.183808550000,0.329858550000),
double3(0.136902825000,0.154733700000,0.430586515000),
double3(0.161205010000,0.190888900000,0.912310630000),
double3(0.234265940000,0.150762630000,0.846274020000),
double3(0.469360400000,0.265628200000,0.837640075000),
double3(0.049997270000,0.042816935000,0.954180630000),
double3(0.393956850000,0.157548785000,0.775940925000),
double3(0.417537780000,0.170015665000,0.705896435000),
double3(0.018313945000,0.204537915000,0.688722520000),
double3(0.095618425000,0.226839200000,0.742005885000),
double3(0.072825730000,0.215217320000,0.811882675000),
double3(0.001563670000,0.185237510000,0.983218450000),
double3(0.478060250000,0.172777310000,0.553274870000),
double3(0.377240350000,0.138331190000,0.570504250000),
double3(0.299808050000,0.116129800000,0.517271520000),
double3(0.412098150000,0.296098085000,0.865597935000),
double3(0.322519000000,0.127750485000,0.947375030000),
double3(0.018965720000,0.097608945000,0.804780300000),
double3(0.006201205000,0.029722415000,0.764418485000),
double3(0.409679200000,0.485263050000,0.769634700000),
double3(0.326217235000,0.008493015000,0.816189950000),
double3(0.338389250000,0.075622595000,0.857144950000),
double3(0.376320050000,0.245257540000,0.954338520000),
double3(0.389024825000,0.313116850000,0.994746625000),
double3(0.485589100000,0.357558600000,0.989668050000),
double3(0.069149615000,0.334345350000,0.943190850000),
double3(0.345588475000,0.299940550000,0.804784950000),
double3(0.057038010000,0.267244700000,0.902184130000),
double3(0.423984100000,0.320316525000,0.796966730000),
double3(0.401005715000,0.267558750000,0.776711050000),
double3(0.483125925000,0.046849220000,0.893484350000),
double3(0.426060800000,0.077285140000,0.921688380000),
double3(0.494612550000,0.075013860000,0.982462315000),
double3(0.471698100000,0.022323310000,0.962042950000),
double3(0.110842595000,0.362932620000,0.863439470000),
double3(0.285624625000,0.478282850000,0.893422450000),
double3(0.104234920000,0.485112900000,0.835234225000),
double3(0.292242250000,0.356101400000,0.921612830000),
double3(0.121516490000,0.062296150000,0.830310150000),
double3(0.274960300000,0.278913200000,0.926537425000),
double3(0.096273465000,0.285139530000,0.870444900000),
double3(0.300194085000,0.056080880000,0.886416525000),
double3(0.136211100000,0.202868520000,0.763078600000),
double3(0.128084825000,0.203274920000,0.690669450000),
double3(0.071106515000,0.159781770000,0.574001610000),
double3(0.306217300000,0.129653950000,0.752712280000),
double3(0.297977450000,0.130155070000,0.680291950000),
double3(0.047181985000,0.092128590000,0.513885450000),
double3(0.446529865000,0.075393720000,0.978340270000),
double3(0.394253970000,0.130601450000,0.939923465000),
double3(0.263390200000,0.202916250000,0.504052500000),
double3(0.442578750000,0.202949250000,0.937333225000),
double3(0.043299305000,0.220179530000,0.972476185000),
double3(0.226207765000,0.261988950000,0.616456200000),
double3(0.319740600000,0.291660950000,0.653147370000),
double3(0.424590765000,0.260944000000,0.640398415000),
double3(0.435866115000,0.200224850000,0.590632120000),
double3(0.342822000000,0.169735030000,0.553930500000),
double3(0.428421450000,0.166715965000,0.917333275000),
double3(0.436449000000,0.134906350000,0.856739650000),
double3(0.458939350000,0.207967490000,0.902467000000),
double3(0.417965530000,0.203454630000,0.864282050000),
double3(0.477422835000,0.139419200000,0.894924650000),
double3(0.387368770000,0.162497050000,0.879048615000),
double3(0.008023860000,0.180379110000,0.880161900000),
double3(0.418241680000,0.272003980000,0.840506650000),
double3(0.395715300000,0.291128200000,0.802321075000),
double3(0.477155350000,0.070862540000,0.918671965000),
double3(0.499867765000,0.051568880000,0.956753900000),
double3(0.482598720000,0.183876410000,0.799194800000),
double3(0.438470930000,0.172235475000,0.768850800000),
double3(0.451550450000,0.179377975000,0.729137750000),
double3(0.008347690000,0.198792265000,0.719444260000),
double3(0.051979420000,0.211263465000,0.749476535000),
double3(0.039136410000,0.204059930000,0.789211200000),
double3(0.412833480000,0.159004820000,0.960016220000),
double3(0.457030000000,0.170593990000,0.990336150000),
double3(0.443994200000,0.163454980000,0.530055525000),
double3(0.387167335000,0.144089610000,0.539777515000),
double3(0.343466650000,0.131666300000,0.509771285000),
double3(0.356261100000,0.138870100000,0.970027985000),
double3(0.428177985000,0.093030790000,0.832519600000),
double3(0.476215185000,0.078796870000,0.807089715000),
double3(0.469323575000,0.040225065000,0.784294130000),
double3(0.414971600000,0.015135970000,0.787252725000),
double3(0.367822380000,0.028327320000,0.813378780000),
double3(0.374524265000,0.066906750000,0.836183520000),
double3(0.467174230000,0.249844685000,0.926697400000),
double3(0.419083685000,0.264066750000,0.952082650000),
double3(0.425947050000,0.302621350000,0.974908000000),
double3(0.480324200000,0.327701150000,0.972025720000),
double3(0.027527390000,0.314519400000,0.945940750000),
double3(0.020848690000,0.275957020000,0.923105985000),
double3(0.074548065000,0.183788250000,0.883378050000),
double3(0.320848825000,0.159082415000,0.875840215000),
double3(0.466971800000,0.176158000000,0.841873765000),
double3(0.257717300000,0.040146350000,0.874919750000),
double3(0.138750435000,0.301068850000,0.881936250000),
double3(0.249060690000,0.495829880000,0.879057650000),
double3(0.147406490000,0.345385580000,0.877804250000),
double3(0.192851690000,0.475111500000,0.864837750000),
double3(0.203620060000,0.366098350000,0.892017275000),
double3(0.147941560000,0.499744920000,0.846364915000),
double3(0.248531220000,0.341469550000,0.910483600000),
double3(0.158091650000,0.043648540000,0.843261650000),
double3(0.238376700000,0.297566200000,0.913588315000),
double3(0.225297735000,0.163484125000,0.806970715000),
double3(0.112831270000,0.167526975000,0.516822415000),
double3(0.167115120000,0.187007280000,0.703826740000),
double3(0.170408220000,0.180419860000,0.953223375000),
double3(0.171884835000,0.187055975000,0.745298650000),
double3(0.212433470000,0.165969210000,0.679950030000),
double3(0.221654670000,0.166133925000,0.763455035000),
double3(0.267135000000,0.145892575000,0.739540620000),
double3(0.262494475000,0.145979375000,0.698238180000),
double3(0.052823970000,0.157206820000,0.995365620000),
double3(0.024754010000,0.116473630000,0.997183100000),
double3(0.467821100000,0.106915705000,0.977087200000),
double3(0.438315150000,0.138032110000,0.955438020000),
double3(0.465596900000,0.178811180000,0.953935000000),
double3(0.022650335000,0.188443975000,0.973813200000),
double3(0.277541965000,0.213429900000,0.582669420000),
double3(0.271681130000,0.248122350000,0.610699410000),
double3(0.324580075000,0.265077400000,0.631479935000),
double3(0.383695700000,0.247783125000,0.624278470000),
double3(0.390043500000,0.213561200000,0.596208325000),
double3(0.337263880000,0.196460440000,0.575388625000),
double3(0.168134150000,0.179065250000,0.996891650000),
double3(0.221606075000,0.192766590000,0.519207880000),
double3(0.221426370000,0.195056230000,0.560834335000),
double3(0.166868540000,0.181641755000,0.580658525000),
double3(0.113221065000,0.168628275000,0.558509420000),
double3(0.212210535000,0.063273785000,0.857363500000),
double3(0.184261635000,0.277941100000,0.899490950000),
double3(0.178706825000,0.430502750000,0.868531400000),
double3(0.217764960000,0.410707150000,0.888323635000),
double3(0.164073540000,0.181650340000,0.622733950000),
double3(0.210933940000,0.164899230000,0.637711080000),
double3(0.014087675000,0.107603735000,0.911990350000),
double3(0.105757175000,0.159265130000,0.862680225000),
double3(0.289639600000,0.183605475000,0.896538050000),
double3(0.297342850000,0.150235550000,0.843125250000),
double3(0.098053930000,0.192635060000,0.916093000000),
double3(0.381298930000,0.235272700000,0.847228825000),
double3(0.265323670000,0.138990315000,0.821986650000),
double3(0.203602750000,0.209390650000,0.938003720000),
double3(0.187323985000,0.183808550000,0.829858550000),
double3(0.136902825000,0.154733700000,0.930586515000),
double3(0.161205010000,0.690888900000,0.412310630000),
double3(0.234265940000,0.650762630000,0.346274020000),
double3(0.469360400000,0.765628200000,0.337640075000),
double3(0.049997270000,0.542816935000,0.454180630000),
double3(0.393956850000,0.657548785000,0.275940925000),
double3(0.417537780000,0.670015665000,0.205896435000),
double3(0.018313945000,0.704537915000,0.188722520000),
double3(0.095618425000,0.726839200000,0.242005885000),
double3(0.072825730000,0.715217320000,0.311882675000),
double3(0.001563670000,0.685237510000,0.483218450000),
double3(0.478060250000,0.672777310000,0.053274870000),
double3(0.377240350000,0.638331190000,0.070504250000),
double3(0.299808050000,0.616129800000,0.017271520000),
double3(0.412098150000,0.796098085000,0.365597935000),
double3(0.322519000000,0.627750485000,0.447375030000),
double3(0.018965720000,0.597608945000,0.304780300000),
double3(0.006201205000,0.529722415000,0.264418485000),
double3(0.409679200000,0.985263050000,0.269634700000),
double3(0.326217235000,0.508493015000,0.316189950000),
double3(0.338389250000,0.575622595000,0.357144950000),
double3(0.376320050000,0.745257540000,0.454338520000),
double3(0.389024825000,0.813116850000,0.494746625000),
double3(0.485589100000,0.857558600000,0.489668050000),
double3(0.069149615000,0.834345350000,0.443190850000),
double3(0.345588475000,0.799940550000,0.304784950000),
double3(0.057038010000,0.767244700000,0.402184130000),
double3(0.423984100000,0.820316525000,0.296966730000),
double3(0.401005715000,0.767558750000,0.276711050000),
double3(0.483125925000,0.546849220000,0.393484350000),
double3(0.426060800000,0.577285140000,0.421688380000),
double3(0.494612550000,0.575013860000,0.482462315000),
double3(0.471698100000,0.522323310000,0.462042950000),
double3(0.110842595000,0.862932620000,0.363439470000),
double3(0.285624625000,0.978282850000,0.393422450000),
double3(0.104234920000,0.985112900000,0.335234225000),
double3(0.292242250000,0.856101400000,0.421612830000),
double3(0.121516490000,0.562296150000,0.330310150000),
double3(0.274960300000,0.778913200000,0.426537425000),
double3(0.096273465000,0.785139530000,0.370444900000),
double3(0.300194085000,0.556080880000,0.386416525000),
double3(0.136211100000,0.702868520000,0.263078600000),
double3(0.128084825000,0.703274920000,0.190669450000),
double3(0.071106515000,0.659781770000,0.074001610000),
double3(0.306217300000,0.629653950000,0.252712280000),
double3(0.297977450000,0.630155070000,0.180291950000),
double3(0.047181985000,0.592128590000,0.013885450000),
double3(0.446529865000,0.575393720000,0.478340270000),
double3(0.394253970000,0.630601450000,0.439923465000),
double3(0.263390200000,0.702916250000,0.004052500000),
double3(0.442578750000,0.702949250000,0.437333225000),
double3(0.043299305000,0.720179530000,0.472476185000),
double3(0.226207765000,0.761988950000,0.116456200000),
double3(0.319740600000,0.791660950000,0.153147370000),
double3(0.424590765000,0.760944000000,0.140398415000),
double3(0.435866115000,0.700224850000,0.090632120000),
double3(0.342822000000,0.669735030000,0.053930500000),
double3(0.428421450000,0.666715965000,0.417333275000),
double3(0.436449000000,0.634906350000,0.356739650000),
double3(0.458939350000,0.707967490000,0.402467000000),
double3(0.417965530000,0.703454630000,0.364282050000),
double3(0.477422835000,0.639419200000,0.394924650000),
double3(0.387368770000,0.662497050000,0.379048615000),
double3(0.008023860000,0.680379110000,0.380161900000),
double3(0.418241680000,0.772003980000,0.340506650000),
double3(0.395715300000,0.791128200000,0.302321075000),
double3(0.477155350000,0.570862540000,0.418671965000),
double3(0.499867765000,0.551568880000,0.456753900000),
double3(0.482598720000,0.683876410000,0.299194800000),
double3(0.438470930000,0.672235475000,0.268850800000),
double3(0.451550450000,0.679377975000,0.229137750000),
double3(0.008347690000,0.698792265000,0.219444260000),
double3(0.051979420000,0.711263465000,0.249476535000),
double3(0.039136410000,0.704059930000,0.289211200000),
double3(0.412833480000,0.659004820000,0.460016220000),
double3(0.457030000000,0.670593990000,0.490336150000),
double3(0.443994200000,0.663454980000,0.030055525000),
double3(0.387167335000,0.644089610000,0.039777515000),
double3(0.343466650000,0.631666300000,0.009771285000),
double3(0.356261100000,0.638870100000,0.470027985000),
double3(0.428177985000,0.593030790000,0.332519600000),
double3(0.476215185000,0.578796870000,0.307089715000),
double3(0.469323575000,0.540225065000,0.284294130000),
double3(0.414971600000,0.515135970000,0.287252725000),
double3(0.367822380000,0.528327320000,0.313378780000),
double3(0.374524265000,0.566906750000,0.336183520000),
double3(0.467174230000,0.749844685000,0.426697400000),
double3(0.419083685000,0.764066750000,0.452082650000),
double3(0.425947050000,0.802621350000,0.474908000000),
double3(0.480324200000,0.827701150000,0.472025720000),
double3(0.027527390000,0.814519400000,0.445940750000),
double3(0.020848690000,0.775957020000,0.423105985000),
double3(0.074548065000,0.683788250000,0.383378050000),
double3(0.320848825000,0.659082415000,0.375840215000),
double3(0.466971800000,0.676158000000,0.341873765000),
double3(0.257717300000,0.540146350000,0.374919750000),
double3(0.138750435000,0.801068850000,0.381936250000),
double3(0.249060690000,0.995829880000,0.379057650000),
double3(0.147406490000,0.845385580000,0.377804250000),
double3(0.192851690000,0.975111500000,0.364837750000),
double3(0.203620060000,0.866098350000,0.392017275000),
double3(0.147941560000,0.999744920000,0.346364915000),
double3(0.248531220000,0.841469550000,0.410483600000),
double3(0.158091650000,0.543648540000,0.343261650000),
double3(0.238376700000,0.797566200000,0.413588315000),
double3(0.225297735000,0.663484125000,0.306970715000),
double3(0.112831270000,0.667526975000,0.016822415000),
double3(0.167115120000,0.687007280000,0.203826740000),
double3(0.170408220000,0.680419860000,0.453223375000),
double3(0.171884835000,0.687055975000,0.245298650000),
double3(0.212433470000,0.665969210000,0.179950030000),
double3(0.221654670000,0.666133925000,0.263455035000),
double3(0.267135000000,0.645892575000,0.239540620000),
double3(0.262494475000,0.645979375000,0.198238180000),
double3(0.052823970000,0.657206820000,0.495365620000),
double3(0.024754010000,0.616473630000,0.497183100000),
double3(0.467821100000,0.606915705000,0.477087200000),
double3(0.438315150000,0.638032110000,0.455438020000),
double3(0.465596900000,0.678811180000,0.453935000000),
double3(0.022650335000,0.688443975000,0.473813200000),
double3(0.277541965000,0.713429900000,0.082669420000),
double3(0.271681130000,0.748122350000,0.110699410000),
double3(0.324580075000,0.765077400000,0.131479935000),
double3(0.383695700000,0.747783125000,0.124278470000),
double3(0.390043500000,0.713561200000,0.096208325000),
double3(0.337263880000,0.696460440000,0.075388625000),
double3(0.168134150000,0.679065250000,0.496891650000),
double3(0.221606075000,0.692766590000,0.019207880000),
double3(0.221426370000,0.695056230000,0.060834335000),
double3(0.166868540000,0.681641755000,0.080658525000),
double3(0.113221065000,0.668628275000,0.058509420000),
double3(0.212210535000,0.563273785000,0.357363500000),
double3(0.184261635000,0.777941100000,0.399490950000),
double3(0.178706825000,0.930502750000,0.368531400000),
double3(0.217764960000,0.910707150000,0.388323635000),
double3(0.164073540000,0.681650340000,0.122733950000),
double3(0.210933940000,0.664899230000,0.137711080000),
double3(0.014087675000,0.607603735000,0.411990350000),
double3(0.105757175000,0.659265130000,0.362680225000),
double3(0.289639600000,0.683605475000,0.396538050000),
double3(0.297342850000,0.650235550000,0.343125250000),
double3(0.098053930000,0.692635060000,0.416093000000),
double3(0.381298930000,0.735272700000,0.347228825000),
double3(0.265323670000,0.638990315000,0.321986650000),
double3(0.203602750000,0.709390650000,0.438003720000),
double3(0.187323985000,0.683808550000,0.329858550000),
double3(0.136902825000,0.654733700000,0.430586515000),
double3(0.161205010000,0.690888900000,0.912310630000),
double3(0.234265940000,0.650762630000,0.846274020000),
double3(0.469360400000,0.765628200000,0.837640075000),
double3(0.049997270000,0.542816935000,0.954180630000),
double3(0.393956850000,0.657548785000,0.775940925000),
double3(0.417537780000,0.670015665000,0.705896435000),
double3(0.018313945000,0.704537915000,0.688722520000),
double3(0.095618425000,0.726839200000,0.742005885000),
double3(0.072825730000,0.715217320000,0.811882675000),
double3(0.001563670000,0.685237510000,0.983218450000),
double3(0.478060250000,0.672777310000,0.553274870000),
double3(0.377240350000,0.638331190000,0.570504250000),
double3(0.299808050000,0.616129800000,0.517271520000),
double3(0.412098150000,0.796098085000,0.865597935000),
double3(0.322519000000,0.627750485000,0.947375030000),
double3(0.018965720000,0.597608945000,0.804780300000),
double3(0.006201205000,0.529722415000,0.764418485000),
double3(0.409679200000,0.985263050000,0.769634700000),
double3(0.326217235000,0.508493015000,0.816189950000),
double3(0.338389250000,0.575622595000,0.857144950000),
double3(0.376320050000,0.745257540000,0.954338520000),
double3(0.389024825000,0.813116850000,0.994746625000),
double3(0.485589100000,0.857558600000,0.989668050000),
double3(0.069149615000,0.834345350000,0.943190850000),
double3(0.345588475000,0.799940550000,0.804784950000),
double3(0.057038010000,0.767244700000,0.902184130000),
double3(0.423984100000,0.820316525000,0.796966730000),
double3(0.401005715000,0.767558750000,0.776711050000),
double3(0.483125925000,0.546849220000,0.893484350000),
double3(0.426060800000,0.577285140000,0.921688380000),
double3(0.494612550000,0.575013860000,0.982462315000),
double3(0.471698100000,0.522323310000,0.962042950000),
double3(0.110842595000,0.862932620000,0.863439470000),
double3(0.285624625000,0.978282850000,0.893422450000),
double3(0.104234920000,0.985112900000,0.835234225000),
double3(0.292242250000,0.856101400000,0.921612830000),
double3(0.121516490000,0.562296150000,0.830310150000),
double3(0.274960300000,0.778913200000,0.926537425000),
double3(0.096273465000,0.785139530000,0.870444900000),
double3(0.300194085000,0.556080880000,0.886416525000),
double3(0.136211100000,0.702868520000,0.763078600000),
double3(0.128084825000,0.703274920000,0.690669450000),
double3(0.071106515000,0.659781770000,0.574001610000),
double3(0.306217300000,0.629653950000,0.752712280000),
double3(0.297977450000,0.630155070000,0.680291950000),
double3(0.047181985000,0.592128590000,0.513885450000),
double3(0.446529865000,0.575393720000,0.978340270000),
double3(0.394253970000,0.630601450000,0.939923465000),
double3(0.263390200000,0.702916250000,0.504052500000),
double3(0.442578750000,0.702949250000,0.937333225000),
double3(0.043299305000,0.720179530000,0.972476185000),
double3(0.226207765000,0.761988950000,0.616456200000),
double3(0.319740600000,0.791660950000,0.653147370000),
double3(0.424590765000,0.760944000000,0.640398415000),
double3(0.435866115000,0.700224850000,0.590632120000),
double3(0.342822000000,0.669735030000,0.553930500000),
double3(0.428421450000,0.666715965000,0.917333275000),
double3(0.436449000000,0.634906350000,0.856739650000),
double3(0.458939350000,0.707967490000,0.902467000000),
double3(0.417965530000,0.703454630000,0.864282050000),
double3(0.477422835000,0.639419200000,0.894924650000),
double3(0.387368770000,0.662497050000,0.879048615000),
double3(0.008023860000,0.680379110000,0.880161900000),
double3(0.418241680000,0.772003980000,0.840506650000),
double3(0.395715300000,0.791128200000,0.802321075000),
double3(0.477155350000,0.570862540000,0.918671965000),
double3(0.499867765000,0.551568880000,0.956753900000),
double3(0.482598720000,0.683876410000,0.799194800000),
double3(0.438470930000,0.672235475000,0.768850800000),
double3(0.451550450000,0.679377975000,0.729137750000),
double3(0.008347690000,0.698792265000,0.719444260000),
double3(0.051979420000,0.711263465000,0.749476535000),
double3(0.039136410000,0.704059930000,0.789211200000),
double3(0.412833480000,0.659004820000,0.960016220000),
double3(0.457030000000,0.670593990000,0.990336150000),
double3(0.443994200000,0.663454980000,0.530055525000),
double3(0.387167335000,0.644089610000,0.539777515000),
double3(0.343466650000,0.631666300000,0.509771285000),
double3(0.356261100000,0.638870100000,0.970027985000),
double3(0.428177985000,0.593030790000,0.832519600000),
double3(0.476215185000,0.578796870000,0.807089715000),
double3(0.469323575000,0.540225065000,0.784294130000),
double3(0.414971600000,0.515135970000,0.787252725000),
double3(0.367822380000,0.528327320000,0.813378780000),
double3(0.374524265000,0.566906750000,0.836183520000),
double3(0.467174230000,0.749844685000,0.926697400000),
double3(0.419083685000,0.764066750000,0.952082650000),
double3(0.425947050000,0.802621350000,0.974908000000),
double3(0.480324200000,0.827701150000,0.972025720000),
double3(0.027527390000,0.814519400000,0.945940750000),
double3(0.020848690000,0.775957020000,0.923105985000),
double3(0.074548065000,0.683788250000,0.883378050000),
double3(0.320848825000,0.659082415000,0.875840215000),
double3(0.466971800000,0.676158000000,0.841873765000),
double3(0.257717300000,0.540146350000,0.874919750000),
double3(0.138750435000,0.801068850000,0.881936250000),
double3(0.249060690000,0.995829880000,0.879057650000),
double3(0.147406490000,0.845385580000,0.877804250000),
double3(0.192851690000,0.975111500000,0.864837750000),
double3(0.203620060000,0.866098350000,0.892017275000),
double3(0.147941560000,0.999744920000,0.846364915000),
double3(0.248531220000,0.841469550000,0.910483600000),
double3(0.158091650000,0.543648540000,0.843261650000),
double3(0.238376700000,0.797566200000,0.913588315000),
double3(0.225297735000,0.663484125000,0.806970715000),
double3(0.112831270000,0.667526975000,0.516822415000),
double3(0.167115120000,0.687007280000,0.703826740000),
double3(0.170408220000,0.680419860000,0.953223375000),
double3(0.171884835000,0.687055975000,0.745298650000),
double3(0.212433470000,0.665969210000,0.679950030000),
double3(0.221654670000,0.666133925000,0.763455035000),
double3(0.267135000000,0.645892575000,0.739540620000),
double3(0.262494475000,0.645979375000,0.698238180000),
double3(0.052823970000,0.657206820000,0.995365620000),
double3(0.024754010000,0.616473630000,0.997183100000),
double3(0.467821100000,0.606915705000,0.977087200000),
double3(0.438315150000,0.638032110000,0.955438020000),
double3(0.465596900000,0.678811180000,0.953935000000),
double3(0.022650335000,0.688443975000,0.973813200000),
double3(0.277541965000,0.713429900000,0.582669420000),
double3(0.271681130000,0.748122350000,0.610699410000),
double3(0.324580075000,0.765077400000,0.631479935000),
double3(0.383695700000,0.747783125000,0.624278470000),
double3(0.390043500000,0.713561200000,0.596208325000),
double3(0.337263880000,0.696460440000,0.575388625000),
double3(0.168134150000,0.679065250000,0.996891650000),
double3(0.221606075000,0.692766590000,0.519207880000),
double3(0.221426370000,0.695056230000,0.560834335000),
double3(0.166868540000,0.681641755000,0.580658525000),
double3(0.113221065000,0.668628275000,0.558509420000),
double3(0.212210535000,0.563273785000,0.857363500000),
double3(0.184261635000,0.777941100000,0.899490950000),
double3(0.178706825000,0.930502750000,0.868531400000),
double3(0.217764960000,0.910707150000,0.888323635000),
double3(0.164073540000,0.681650340000,0.622733950000),
double3(0.210933940000,0.664899230000,0.637711080000),
double3(0.014087675000,0.607603735000,0.911990350000),
double3(0.105757175000,0.659265130000,0.862680225000),
double3(0.289639600000,0.683605475000,0.896538050000),
double3(0.297342850000,0.650235550000,0.843125250000),
double3(0.098053930000,0.692635060000,0.916093000000),
double3(0.381298930000,0.735272700000,0.847228825000),
double3(0.265323670000,0.638990315000,0.821986650000),
double3(0.203602750000,0.709390650000,0.938003720000),
double3(0.187323985000,0.683808550000,0.829858550000),
double3(0.136902825000,0.654733700000,0.930586515000),
double3(0.661205010000,0.190888900000,0.412310630000),
double3(0.734265940000,0.150762630000,0.346274020000),
double3(0.969360400000,0.265628200000,0.337640075000),
double3(0.549997270000,0.042816935000,0.454180630000),
double3(0.893956850000,0.157548785000,0.275940925000),
double3(0.917537780000,0.170015665000,0.205896435000),
double3(0.518313945000,0.204537915000,0.188722520000),
double3(0.595618425000,0.226839200000,0.242005885000),
double3(0.572825730000,0.215217320000,0.311882675000),
double3(0.501563670000,0.185237510000,0.483218450000),
double3(0.978060250000,0.172777310000,0.053274870000),
double3(0.877240350000,0.138331190000,0.070504250000),
double3(0.799808050000,0.116129800000,0.017271520000),
double3(0.912098150000,0.296098085000,0.365597935000),
double3(0.822519000000,0.127750485000,0.447375030000),
double3(0.518965720000,0.097608945000,0.304780300000),
double3(0.506201205000,0.029722415000,0.264418485000),
double3(0.909679200000,0.485263050000,0.269634700000),
double3(0.826217235000,0.008493015000,0.316189950000),
double3(0.838389250000,0.075622595000,0.357144950000),
double3(0.876320050000,0.245257540000,0.454338520000),
double3(0.889024825000,0.313116850000,0.494746625000),
double3(0.985589100000,0.357558600000,0.489668050000),
double3(0.569149615000,0.334345350000,0.443190850000),
double3(0.845588475000,0.299940550000,0.304784950000),
double3(0.557038010000,0.267244700000,0.402184130000),
double3(0.923984100000,0.320316525000,0.296966730000),
double3(0.901005715000,0.267558750000,0.276711050000),
double3(0.983125925000,0.046849220000,0.393484350000),
double3(0.926060800000,0.077285140000,0.421688380000),
double3(0.994612550000,0.075013860000,0.482462315000),
double3(0.971698100000,0.022323310000,0.462042950000),
double3(0.610842595000,0.362932620000,0.363439470000),
double3(0.785624625000,0.478282850000,0.393422450000),
double3(0.604234920000,0.485112900000,0.335234225000),
double3(0.792242250000,0.356101400000,0.421612830000),
double3(0.621516490000,0.062296150000,0.330310150000),
double3(0.774960300000,0.278913200000,0.426537425000),
double3(0.596273465000,0.285139530000,0.370444900000),
double3(0.800194085000,0.056080880000,0.386416525000),
double3(0.636211100000,0.202868520000,0.263078600000),
double3(0.628084825000,0.203274920000,0.190669450000),
double3(0.571106515000,0.159781770000,0.074001610000),
double3(0.806217300000,0.129653950000,0.252712280000),
double3(0.797977450000,0.130155070000,0.180291950000),
double3(0.547181985000,0.092128590000,0.013885450000),
double3(0.946529865000,0.075393720000,0.478340270000),
double3(0.894253970000,0.130601450000,0.439923465000),
double3(0.763390200000,0.202916250000,0.004052500000),
double3(0.942578750000,0.202949250000,0.437333225000),
double3(0.543299305000,0.220179530000,0.472476185000),
double3(0.726207765000,0.261988950000,0.116456200000),
double3(0.819740600000,0.291660950000,0.153147370000),
double3(0.924590765000,0.260944000000,0.140398415000),
double3(0.935866115000,0.200224850000,0.090632120000),
double3(0.842822000000,0.169735030000,0.053930500000),
double3(0.928421450000,0.166715965000,0.417333275000),
double3(0.936449000000,0.134906350000,0.356739650000),
double3(0.958939350000,0.207967490000,0.402467000000),
double3(0.917965530000,0.203454630000,0.364282050000),
double3(0.977422835000,0.139419200000,0.394924650000),
double3(0.887368770000,0.162497050000,0.379048615000),
double3(0.508023860000,0.180379110000,0.380161900000),
double3(0.918241680000,0.272003980000,0.340506650000),
double3(0.895715300000,0.291128200000,0.302321075000),
double3(0.977155350000,0.070862540000,0.418671965000),
double3(0.999867765000,0.051568880000,0.456753900000),
double3(0.982598720000,0.183876410000,0.299194800000),
double3(0.938470930000,0.172235475000,0.268850800000),
double3(0.951550450000,0.179377975000,0.229137750000),
double3(0.508347690000,0.198792265000,0.219444260000),
double3(0.551979420000,0.211263465000,0.249476535000),
double3(0.539136410000,0.204059930000,0.289211200000),
double3(0.912833480000,0.159004820000,0.460016220000),
double3(0.957030000000,0.170593990000,0.490336150000),
double3(0.943994200000,0.163454980000,0.030055525000),
double3(0.887167335000,0.144089610000,0.039777515000),
double3(0.843466650000,0.131666300000,0.009771285000),
double3(0.856261100000,0.138870100000,0.470027985000),
double3(0.928177985000,0.093030790000,0.332519600000),
double3(0.976215185000,0.078796870000,0.307089715000),
double3(0.969323575000,0.040225065000,0.284294130000),
double3(0.914971600000,0.015135970000,0.287252725000),
double3(0.867822380000,0.028327320000,0.313378780000),
double3(0.874524265000,0.066906750000,0.336183520000),
double3(0.967174230000,0.249844685000,0.426697400000),
double3(0.919083685000,0.264066750000,0.452082650000),
double3(0.925947050000,0.302621350000,0.474908000000),
double3(0.980324200000,0.327701150000,0.472025720000),
double3(0.527527390000,0.314519400000,0.445940750000),
double3(0.520848690000,0.275957020000,0.423105985000),
double3(0.574548065000,0.183788250000,0.383378050000),
double3(0.820848825000,0.159082415000,0.375840215000),
double3(0.966971800000,0.176158000000,0.341873765000),
double3(0.757717300000,0.040146350000,0.374919750000),
double3(0.638750435000,0.301068850000,0.381936250000),
double3(0.749060690000,0.495829880000,0.379057650000),
double3(0.647406490000,0.345385580000,0.377804250000),
double3(0.692851690000,0.475111500000,0.364837750000),
double3(0.703620060000,0.366098350000,0.392017275000),
double3(0.647941560000,0.499744920000,0.346364915000),
double3(0.748531220000,0.341469550000,0.410483600000),
double3(0.658091650000,0.043648540000,0.343261650000),
double3(0.738376700000,0.297566200000,0.413588315000),
double3(0.725297735000,0.163484125000,0.306970715000),
double3(0.612831270000,0.167526975000,0.016822415000),
double3(0.667115120000,0.187007280000,0.203826740000),
double3(0.670408220000,0.180419860000,0.453223375000),
double3(0.671884835000,0.187055975000,0.245298650000),
double3(0.712433470000,0.165969210000,0.179950030000),
double3(0.721654670000,0.166133925000,0.263455035000),
double3(0.767135000000,0.145892575000,0.239540620000),
double3(0.762494475000,0.145979375000,0.198238180000),
double3(0.552823970000,0.157206820000,0.495365620000),
double3(0.524754010000,0.116473630000,0.497183100000),
double3(0.967821100000,0.106915705000,0.477087200000),
double3(0.938315150000,0.138032110000,0.455438020000),
double3(0.965596900000,0.178811180000,0.453935000000),
double3(0.522650335000,0.188443975000,0.473813200000),
double3(0.777541965000,0.213429900000,0.082669420000),
double3(0.771681130000,0.248122350000,0.110699410000),
double3(0.824580075000,0.265077400000,0.131479935000),
double3(0.883695700000,0.247783125000,0.124278470000),
double3(0.890043500000,0.213561200000,0.096208325000),
double3(0.837263880000,0.196460440000,0.075388625000),
double3(0.668134150000,0.179065250000,0.496891650000),
double3(0.721606075000,0.192766590000,0.019207880000),
double3(0.721426370000,0.195056230000,0.060834335000),
double3(0.666868540000,0.181641755000,0.080658525000),
double3(0.613221065000,0.168628275000,0.058509420000),
double3(0.712210535000,0.063273785000,0.357363500000),
double3(0.684261635000,0.277941100000,0.399490950000),
double3(0.678706825000,0.430502750000,0.368531400000),
double3(0.717764960000,0.410707150000,0.388323635000),
double3(0.664073540000,0.181650340000,0.122733950000),
double3(0.710933940000,0.164899230000,0.137711080000),
double3(0.514087675000,0.107603735000,0.411990350000),
double3(0.605757175000,0.159265130000,0.362680225000),
double3(0.789639600000,0.183605475000,0.396538050000),
double3(0.797342850000,0.150235550000,0.343125250000),
double3(0.598053930000,0.192635060000,0.416093000000),
double3(0.881298930000,0.235272700000,0.347228825000),
double3(0.765323670000,0.138990315000,0.321986650000),
double3(0.703602750000,0.209390650000,0.438003720000),
double3(0.687323985000,0.183808550000,0.329858550000),
double3(0.636902825000,0.154733700000,0.430586515000),
double3(0.661205010000,0.190888900000,0.912310630000),
double3(0.734265940000,0.150762630000,0.846274020000),
double3(0.969360400000,0.265628200000,0.837640075000),
double3(0.549997270000,0.042816935000,0.954180630000),
double3(0.893956850000,0.157548785000,0.775940925000),
double3(0.917537780000,0.170015665000,0.705896435000),
double3(0.518313945000,0.204537915000,0.688722520000),
double3(0.595618425000,0.226839200000,0.742005885000),
double3(0.572825730000,0.215217320000,0.811882675000),
double3(0.501563670000,0.185237510000,0.983218450000),
double3(0.978060250000,0.172777310000,0.553274870000),
double3(0.877240350000,0.138331190000,0.570504250000),
double3(0.799808050000,0.116129800000,0.517271520000),
double3(0.912098150000,0.296098085000,0.865597935000),
double3(0.822519000000,0.127750485000,0.947375030000),
double3(0.518965720000,0.097608945000,0.804780300000),
double3(0.506201205000,0.029722415000,0.764418485000),
double3(0.909679200000,0.485263050000,0.769634700000),
double3(0.826217235000,0.008493015000,0.816189950000),
double3(0.838389250000,0.075622595000,0.857144950000),
double3(0.876320050000,0.245257540000,0.954338520000),
double3(0.889024825000,0.313116850000,0.994746625000),
double3(0.985589100000,0.357558600000,0.989668050000),
double3(0.569149615000,0.334345350000,0.943190850000),
double3(0.845588475000,0.299940550000,0.804784950000),
double3(0.557038010000,0.267244700000,0.902184130000),
double3(0.923984100000,0.320316525000,0.796966730000),
double3(0.901005715000,0.267558750000,0.776711050000),
double3(0.983125925000,0.046849220000,0.893484350000),
double3(0.926060800000,0.077285140000,0.921688380000),
double3(0.994612550000,0.075013860000,0.982462315000),
double3(0.971698100000,0.022323310000,0.962042950000),
double3(0.610842595000,0.362932620000,0.863439470000),
double3(0.785624625000,0.478282850000,0.893422450000),
double3(0.604234920000,0.485112900000,0.835234225000),
double3(0.792242250000,0.356101400000,0.921612830000),
double3(0.621516490000,0.062296150000,0.830310150000),
double3(0.774960300000,0.278913200000,0.926537425000),
double3(0.596273465000,0.285139530000,0.870444900000),
double3(0.800194085000,0.056080880000,0.886416525000),
double3(0.636211100000,0.202868520000,0.763078600000),
double3(0.628084825000,0.203274920000,0.690669450000),
double3(0.571106515000,0.159781770000,0.574001610000),
double3(0.806217300000,0.129653950000,0.752712280000),
double3(0.797977450000,0.130155070000,0.680291950000),
double3(0.547181985000,0.092128590000,0.513885450000),
double3(0.946529865000,0.075393720000,0.978340270000),
double3(0.894253970000,0.130601450000,0.939923465000),
double3(0.763390200000,0.202916250000,0.504052500000),
double3(0.942578750000,0.202949250000,0.937333225000),
double3(0.543299305000,0.220179530000,0.972476185000),
double3(0.726207765000,0.261988950000,0.616456200000),
double3(0.819740600000,0.291660950000,0.653147370000),
double3(0.924590765000,0.260944000000,0.640398415000),
double3(0.935866115000,0.200224850000,0.590632120000),
double3(0.842822000000,0.169735030000,0.553930500000),
double3(0.928421450000,0.166715965000,0.917333275000),
double3(0.936449000000,0.134906350000,0.856739650000),
double3(0.958939350000,0.207967490000,0.902467000000),
double3(0.917965530000,0.203454630000,0.864282050000),
double3(0.977422835000,0.139419200000,0.894924650000),
double3(0.887368770000,0.162497050000,0.879048615000),
double3(0.508023860000,0.180379110000,0.880161900000),
double3(0.918241680000,0.272003980000,0.840506650000),
double3(0.895715300000,0.291128200000,0.802321075000),
double3(0.977155350000,0.070862540000,0.918671965000),
double3(0.999867765000,0.051568880000,0.956753900000),
double3(0.982598720000,0.183876410000,0.799194800000),
double3(0.938470930000,0.172235475000,0.768850800000),
double3(0.951550450000,0.179377975000,0.729137750000),
double3(0.508347690000,0.198792265000,0.719444260000),
double3(0.551979420000,0.211263465000,0.749476535000),
double3(0.539136410000,0.204059930000,0.789211200000),
double3(0.912833480000,0.159004820000,0.960016220000),
double3(0.957030000000,0.170593990000,0.990336150000),
double3(0.943994200000,0.163454980000,0.530055525000),
double3(0.887167335000,0.144089610000,0.539777515000),
double3(0.843466650000,0.131666300000,0.509771285000),
double3(0.856261100000,0.138870100000,0.970027985000),
double3(0.928177985000,0.093030790000,0.832519600000),
double3(0.976215185000,0.078796870000,0.807089715000),
double3(0.969323575000,0.040225065000,0.784294130000),
double3(0.914971600000,0.015135970000,0.787252725000),
double3(0.867822380000,0.028327320000,0.813378780000),
double3(0.874524265000,0.066906750000,0.836183520000),
double3(0.967174230000,0.249844685000,0.926697400000),
double3(0.919083685000,0.264066750000,0.952082650000),
double3(0.925947050000,0.302621350000,0.974908000000),
double3(0.980324200000,0.327701150000,0.972025720000),
double3(0.527527390000,0.314519400000,0.945940750000),
double3(0.520848690000,0.275957020000,0.923105985000),
double3(0.574548065000,0.183788250000,0.883378050000),
double3(0.820848825000,0.159082415000,0.875840215000),
double3(0.966971800000,0.176158000000,0.841873765000),
double3(0.757717300000,0.040146350000,0.874919750000),
double3(0.638750435000,0.301068850000,0.881936250000),
double3(0.749060690000,0.495829880000,0.879057650000),
double3(0.647406490000,0.345385580000,0.877804250000),
double3(0.692851690000,0.475111500000,0.864837750000),
double3(0.703620060000,0.366098350000,0.892017275000),
double3(0.647941560000,0.499744920000,0.846364915000),
double3(0.748531220000,0.341469550000,0.910483600000),
double3(0.658091650000,0.043648540000,0.843261650000),
double3(0.738376700000,0.297566200000,0.913588315000),
double3(0.725297735000,0.163484125000,0.806970715000),
double3(0.612831270000,0.167526975000,0.516822415000),
double3(0.667115120000,0.187007280000,0.703826740000),
double3(0.670408220000,0.180419860000,0.953223375000),
double3(0.671884835000,0.187055975000,0.745298650000),
double3(0.712433470000,0.165969210000,0.679950030000),
double3(0.721654670000,0.166133925000,0.763455035000),
double3(0.767135000000,0.145892575000,0.739540620000),
double3(0.762494475000,0.145979375000,0.698238180000),
double3(0.552823970000,0.157206820000,0.995365620000),
double3(0.524754010000,0.116473630000,0.997183100000),
double3(0.967821100000,0.106915705000,0.977087200000),
double3(0.938315150000,0.138032110000,0.955438020000),
double3(0.965596900000,0.178811180000,0.953935000000),
double3(0.522650335000,0.188443975000,0.973813200000),
double3(0.777541965000,0.213429900000,0.582669420000),
double3(0.771681130000,0.248122350000,0.610699410000),
double3(0.824580075000,0.265077400000,0.631479935000),
double3(0.883695700000,0.247783125000,0.624278470000),
double3(0.890043500000,0.213561200000,0.596208325000),
double3(0.837263880000,0.196460440000,0.575388625000),
double3(0.668134150000,0.179065250000,0.996891650000),
double3(0.721606075000,0.192766590000,0.519207880000),
double3(0.721426370000,0.195056230000,0.560834335000),
double3(0.666868540000,0.181641755000,0.580658525000),
double3(0.613221065000,0.168628275000,0.558509420000),
double3(0.712210535000,0.063273785000,0.857363500000),
double3(0.684261635000,0.277941100000,0.899490950000),
double3(0.678706825000,0.430502750000,0.868531400000),
double3(0.717764960000,0.410707150000,0.888323635000),
double3(0.664073540000,0.181650340000,0.622733950000),
double3(0.710933940000,0.164899230000,0.637711080000),
double3(0.514087675000,0.107603735000,0.911990350000),
double3(0.605757175000,0.159265130000,0.862680225000),
double3(0.789639600000,0.183605475000,0.896538050000),
double3(0.797342850000,0.150235550000,0.843125250000),
double3(0.598053930000,0.192635060000,0.916093000000),
double3(0.881298930000,0.235272700000,0.847228825000),
double3(0.765323670000,0.138990315000,0.821986650000),
double3(0.703602750000,0.209390650000,0.938003720000),
double3(0.687323985000,0.183808550000,0.829858550000),
double3(0.636902825000,0.154733700000,0.930586515000),
double3(0.661205010000,0.690888900000,0.412310630000),
double3(0.734265940000,0.650762630000,0.346274020000),
double3(0.969360400000,0.765628200000,0.337640075000),
double3(0.549997270000,0.542816935000,0.454180630000),
double3(0.893956850000,0.657548785000,0.275940925000),
double3(0.917537780000,0.670015665000,0.205896435000),
double3(0.518313945000,0.704537915000,0.188722520000),
double3(0.595618425000,0.726839200000,0.242005885000),
double3(0.572825730000,0.715217320000,0.311882675000),
double3(0.501563670000,0.685237510000,0.483218450000),
double3(0.978060250000,0.672777310000,0.053274870000),
double3(0.877240350000,0.638331190000,0.070504250000),
double3(0.799808050000,0.616129800000,0.017271520000),
double3(0.912098150000,0.796098085000,0.365597935000),
double3(0.822519000000,0.627750485000,0.447375030000),
double3(0.518965720000,0.597608945000,0.304780300000),
double3(0.506201205000,0.529722415000,0.264418485000),
double3(0.909679200000,0.985263050000,0.269634700000),
double3(0.826217235000,0.508493015000,0.316189950000),
double3(0.838389250000,0.575622595000,0.357144950000),
double3(0.876320050000,0.745257540000,0.454338520000),
double3(0.889024825000,0.813116850000,0.494746625000),
double3(0.985589100000,0.857558600000,0.489668050000),
double3(0.569149615000,0.834345350000,0.443190850000),
double3(0.845588475000,0.799940550000,0.304784950000),
double3(0.557038010000,0.767244700000,0.402184130000),
double3(0.923984100000,0.820316525000,0.296966730000),
double3(0.901005715000,0.767558750000,0.276711050000),
double3(0.983125925000,0.546849220000,0.393484350000),
double3(0.926060800000,0.577285140000,0.421688380000),
double3(0.994612550000,0.575013860000,0.482462315000),
double3(0.971698100000,0.522323310000,0.462042950000),
double3(0.610842595000,0.862932620000,0.363439470000),
double3(0.785624625000,0.978282850000,0.393422450000),
double3(0.604234920000,0.985112900000,0.335234225000),
double3(0.792242250000,0.856101400000,0.421612830000),
double3(0.621516490000,0.562296150000,0.330310150000),
double3(0.774960300000,0.778913200000,0.426537425000),
double3(0.596273465000,0.785139530000,0.370444900000),
double3(0.800194085000,0.556080880000,0.386416525000),
double3(0.636211100000,0.702868520000,0.263078600000),
double3(0.628084825000,0.703274920000,0.190669450000),
double3(0.571106515000,0.659781770000,0.074001610000),
double3(0.806217300000,0.629653950000,0.252712280000),
double3(0.797977450000,0.630155070000,0.180291950000),
double3(0.547181985000,0.592128590000,0.013885450000),
double3(0.946529865000,0.575393720000,0.478340270000),
double3(0.894253970000,0.630601450000,0.439923465000),
double3(0.763390200000,0.702916250000,0.004052500000),
double3(0.942578750000,0.702949250000,0.437333225000),
double3(0.543299305000,0.720179530000,0.472476185000),
double3(0.726207765000,0.761988950000,0.116456200000),
double3(0.819740600000,0.791660950000,0.153147370000),
double3(0.924590765000,0.760944000000,0.140398415000),
double3(0.935866115000,0.700224850000,0.090632120000),
double3(0.842822000000,0.669735030000,0.053930500000),
double3(0.928421450000,0.666715965000,0.417333275000),
double3(0.936449000000,0.634906350000,0.356739650000),
double3(0.958939350000,0.707967490000,0.402467000000),
double3(0.917965530000,0.703454630000,0.364282050000),
double3(0.977422835000,0.639419200000,0.394924650000),
double3(0.887368770000,0.662497050000,0.379048615000),
double3(0.508023860000,0.680379110000,0.380161900000),
double3(0.918241680000,0.772003980000,0.340506650000),
double3(0.895715300000,0.791128200000,0.302321075000),
double3(0.977155350000,0.570862540000,0.418671965000),
double3(0.999867765000,0.551568880000,0.456753900000),
double3(0.982598720000,0.683876410000,0.299194800000),
double3(0.938470930000,0.672235475000,0.268850800000),
double3(0.951550450000,0.679377975000,0.229137750000),
double3(0.508347690000,0.698792265000,0.219444260000),
double3(0.551979420000,0.711263465000,0.249476535000),
double3(0.539136410000,0.704059930000,0.289211200000),
double3(0.912833480000,0.659004820000,0.460016220000),
double3(0.957030000000,0.670593990000,0.490336150000),
double3(0.943994200000,0.663454980000,0.030055525000),
double3(0.887167335000,0.644089610000,0.039777515000),
double3(0.843466650000,0.631666300000,0.009771285000),
double3(0.856261100000,0.638870100000,0.470027985000),
double3(0.928177985000,0.593030790000,0.332519600000),
double3(0.976215185000,0.578796870000,0.307089715000),
double3(0.969323575000,0.540225065000,0.284294130000),
double3(0.914971600000,0.515135970000,0.287252725000),
double3(0.867822380000,0.528327320000,0.313378780000),
double3(0.874524265000,0.566906750000,0.336183520000),
double3(0.967174230000,0.749844685000,0.426697400000),
double3(0.919083685000,0.764066750000,0.452082650000),
double3(0.925947050000,0.802621350000,0.474908000000),
double3(0.980324200000,0.827701150000,0.472025720000),
double3(0.527527390000,0.814519400000,0.445940750000),
double3(0.520848690000,0.775957020000,0.423105985000),
double3(0.574548065000,0.683788250000,0.383378050000),
double3(0.820848825000,0.659082415000,0.375840215000),
double3(0.966971800000,0.676158000000,0.341873765000),
double3(0.757717300000,0.540146350000,0.374919750000),
double3(0.638750435000,0.801068850000,0.381936250000),
double3(0.749060690000,0.995829880000,0.379057650000),
double3(0.647406490000,0.845385580000,0.377804250000),
double3(0.692851690000,0.975111500000,0.364837750000),
double3(0.703620060000,0.866098350000,0.392017275000),
double3(0.647941560000,0.999744920000,0.346364915000),
double3(0.748531220000,0.841469550000,0.410483600000),
double3(0.658091650000,0.543648540000,0.343261650000),
double3(0.738376700000,0.797566200000,0.413588315000),
double3(0.725297735000,0.663484125000,0.306970715000),
double3(0.612831270000,0.667526975000,0.016822415000),
double3(0.667115120000,0.687007280000,0.203826740000),
double3(0.670408220000,0.680419860000,0.453223375000),
double3(0.671884835000,0.687055975000,0.245298650000),
double3(0.712433470000,0.665969210000,0.179950030000),
double3(0.721654670000,0.666133925000,0.263455035000),
double3(0.767135000000,0.645892575000,0.239540620000),
double3(0.762494475000,0.645979375000,0.198238180000),
double3(0.552823970000,0.657206820000,0.495365620000),
double3(0.524754010000,0.616473630000,0.497183100000),
double3(0.967821100000,0.606915705000,0.477087200000),
double3(0.938315150000,0.638032110000,0.455438020000),
double3(0.965596900000,0.678811180000,0.453935000000),
double3(0.522650335000,0.688443975000,0.473813200000),
double3(0.777541965000,0.713429900000,0.082669420000),
double3(0.771681130000,0.748122350000,0.110699410000),
double3(0.824580075000,0.765077400000,0.131479935000),
double3(0.883695700000,0.747783125000,0.124278470000),
double3(0.890043500000,0.713561200000,0.096208325000),
double3(0.837263880000,0.696460440000,0.075388625000),
double3(0.668134150000,0.679065250000,0.496891650000),
double3(0.721606075000,0.692766590000,0.019207880000),
double3(0.721426370000,0.695056230000,0.060834335000),
double3(0.666868540000,0.681641755000,0.080658525000),
double3(0.613221065000,0.668628275000,0.058509420000),
double3(0.712210535000,0.563273785000,0.357363500000),
double3(0.684261635000,0.777941100000,0.399490950000),
double3(0.678706825000,0.930502750000,0.368531400000),
double3(0.717764960000,0.910707150000,0.388323635000),
double3(0.664073540000,0.681650340000,0.122733950000),
double3(0.710933940000,0.664899230000,0.137711080000),
double3(0.514087675000,0.607603735000,0.411990350000),
double3(0.605757175000,0.659265130000,0.362680225000),
double3(0.789639600000,0.683605475000,0.396538050000),
double3(0.797342850000,0.650235550000,0.343125250000),
double3(0.598053930000,0.692635060000,0.416093000000),
double3(0.881298930000,0.735272700000,0.347228825000),
double3(0.765323670000,0.638990315000,0.321986650000),
double3(0.703602750000,0.709390650000,0.438003720000),
double3(0.687323985000,0.683808550000,0.329858550000),
double3(0.636902825000,0.654733700000,0.430586515000),
double3(0.661205010000,0.690888900000,0.912310630000),
double3(0.734265940000,0.650762630000,0.846274020000),
double3(0.969360400000,0.765628200000,0.837640075000),
double3(0.549997270000,0.542816935000,0.954180630000),
double3(0.893956850000,0.657548785000,0.775940925000),
double3(0.917537780000,0.670015665000,0.705896435000),
double3(0.518313945000,0.704537915000,0.688722520000),
double3(0.595618425000,0.726839200000,0.742005885000),
double3(0.572825730000,0.715217320000,0.811882675000),
double3(0.501563670000,0.685237510000,0.983218450000),
double3(0.978060250000,0.672777310000,0.553274870000),
double3(0.877240350000,0.638331190000,0.570504250000),
double3(0.799808050000,0.616129800000,0.517271520000),
double3(0.912098150000,0.796098085000,0.865597935000),
double3(0.822519000000,0.627750485000,0.947375030000),
double3(0.518965720000,0.597608945000,0.804780300000),
double3(0.506201205000,0.529722415000,0.764418485000),
double3(0.909679200000,0.985263050000,0.769634700000),
double3(0.826217235000,0.508493015000,0.816189950000),
double3(0.838389250000,0.575622595000,0.857144950000),
double3(0.876320050000,0.745257540000,0.954338520000),
double3(0.889024825000,0.813116850000,0.994746625000),
double3(0.985589100000,0.857558600000,0.989668050000),
double3(0.569149615000,0.834345350000,0.943190850000),
double3(0.845588475000,0.799940550000,0.804784950000),
double3(0.557038010000,0.767244700000,0.902184130000),
double3(0.923984100000,0.820316525000,0.796966730000),
double3(0.901005715000,0.767558750000,0.776711050000),
double3(0.983125925000,0.546849220000,0.893484350000),
double3(0.926060800000,0.577285140000,0.921688380000),
double3(0.994612550000,0.575013860000,0.982462315000),
double3(0.971698100000,0.522323310000,0.962042950000),
double3(0.610842595000,0.862932620000,0.863439470000),
double3(0.785624625000,0.978282850000,0.893422450000),
double3(0.604234920000,0.985112900000,0.835234225000),
double3(0.792242250000,0.856101400000,0.921612830000),
double3(0.621516490000,0.562296150000,0.830310150000),
double3(0.774960300000,0.778913200000,0.926537425000),
double3(0.596273465000,0.785139530000,0.870444900000),
double3(0.800194085000,0.556080880000,0.886416525000),
double3(0.636211100000,0.702868520000,0.763078600000),
double3(0.628084825000,0.703274920000,0.690669450000),
double3(0.571106515000,0.659781770000,0.574001610000),
double3(0.806217300000,0.629653950000,0.752712280000),
double3(0.797977450000,0.630155070000,0.680291950000),
double3(0.547181985000,0.592128590000,0.513885450000),
double3(0.946529865000,0.575393720000,0.978340270000),
double3(0.894253970000,0.630601450000,0.939923465000),
double3(0.763390200000,0.702916250000,0.504052500000),
double3(0.942578750000,0.702949250000,0.937333225000),
double3(0.543299305000,0.720179530000,0.972476185000),
double3(0.726207765000,0.761988950000,0.616456200000),
double3(0.819740600000,0.791660950000,0.653147370000),
double3(0.924590765000,0.760944000000,0.640398415000),
double3(0.935866115000,0.700224850000,0.590632120000),
double3(0.842822000000,0.669735030000,0.553930500000),
double3(0.928421450000,0.666715965000,0.917333275000),
double3(0.936449000000,0.634906350000,0.856739650000),
double3(0.958939350000,0.707967490000,0.902467000000),
double3(0.917965530000,0.703454630000,0.864282050000),
double3(0.977422835000,0.639419200000,0.894924650000),
double3(0.887368770000,0.662497050000,0.879048615000),
double3(0.508023860000,0.680379110000,0.880161900000),
double3(0.918241680000,0.772003980000,0.840506650000),
double3(0.895715300000,0.791128200000,0.802321075000),
double3(0.977155350000,0.570862540000,0.918671965000),
double3(0.999867765000,0.551568880000,0.956753900000),
double3(0.982598720000,0.683876410000,0.799194800000),
double3(0.938470930000,0.672235475000,0.768850800000),
double3(0.951550450000,0.679377975000,0.729137750000),
double3(0.508347690000,0.698792265000,0.719444260000),
double3(0.551979420000,0.711263465000,0.749476535000),
double3(0.539136410000,0.704059930000,0.789211200000),
double3(0.912833480000,0.659004820000,0.960016220000),
double3(0.957030000000,0.670593990000,0.990336150000),
double3(0.943994200000,0.663454980000,0.530055525000),
double3(0.887167335000,0.644089610000,0.539777515000),
double3(0.843466650000,0.631666300000,0.509771285000),
double3(0.856261100000,0.638870100000,0.970027985000),
double3(0.928177985000,0.593030790000,0.832519600000),
double3(0.976215185000,0.578796870000,0.807089715000),
double3(0.969323575000,0.540225065000,0.784294130000),
double3(0.914971600000,0.515135970000,0.787252725000),
double3(0.867822380000,0.528327320000,0.813378780000),
double3(0.874524265000,0.566906750000,0.836183520000),
double3(0.967174230000,0.749844685000,0.926697400000),
double3(0.919083685000,0.764066750000,0.952082650000),
double3(0.925947050000,0.802621350000,0.974908000000),
double3(0.980324200000,0.827701150000,0.972025720000),
double3(0.527527390000,0.814519400000,0.945940750000),
double3(0.520848690000,0.775957020000,0.923105985000),
double3(0.574548065000,0.683788250000,0.883378050000),
double3(0.820848825000,0.659082415000,0.875840215000),
double3(0.966971800000,0.676158000000,0.841873765000),
double3(0.757717300000,0.540146350000,0.874919750000),
double3(0.638750435000,0.801068850000,0.881936250000),
double3(0.749060690000,0.995829880000,0.879057650000),
double3(0.647406490000,0.845385580000,0.877804250000),
double3(0.692851690000,0.975111500000,0.864837750000),
double3(0.703620060000,0.866098350000,0.892017275000),
double3(0.647941560000,0.999744920000,0.846364915000),
double3(0.748531220000,0.841469550000,0.910483600000),
double3(0.658091650000,0.543648540000,0.843261650000),
double3(0.738376700000,0.797566200000,0.913588315000),
double3(0.725297735000,0.663484125000,0.806970715000),
double3(0.612831270000,0.667526975000,0.516822415000),
double3(0.667115120000,0.687007280000,0.703826740000),
double3(0.670408220000,0.680419860000,0.953223375000),
double3(0.671884835000,0.687055975000,0.745298650000),
double3(0.712433470000,0.665969210000,0.679950030000),
double3(0.721654670000,0.666133925000,0.763455035000),
double3(0.767135000000,0.645892575000,0.739540620000),
double3(0.762494475000,0.645979375000,0.698238180000),
double3(0.552823970000,0.657206820000,0.995365620000),
double3(0.524754010000,0.616473630000,0.997183100000),
double3(0.967821100000,0.606915705000,0.977087200000),
double3(0.938315150000,0.638032110000,0.955438020000),
double3(0.965596900000,0.678811180000,0.953935000000),
double3(0.522650335000,0.688443975000,0.973813200000),
double3(0.777541965000,0.713429900000,0.582669420000),
double3(0.771681130000,0.748122350000,0.610699410000),
double3(0.824580075000,0.765077400000,0.631479935000),
double3(0.883695700000,0.747783125000,0.624278470000),
double3(0.890043500000,0.713561200000,0.596208325000),
double3(0.837263880000,0.696460440000,0.575388625000),
double3(0.668134150000,0.679065250000,0.996891650000),
double3(0.721606075000,0.692766590000,0.519207880000),
double3(0.721426370000,0.695056230000,0.560834335000),
double3(0.666868540000,0.681641755000,0.580658525000),
double3(0.613221065000,0.668628275000,0.558509420000),
double3(0.712210535000,0.563273785000,0.857363500000),
double3(0.684261635000,0.777941100000,0.899490950000),
double3(0.678706825000,0.930502750000,0.868531400000),
double3(0.717764960000,0.910707150000,0.888323635000),
double3(0.664073540000,0.681650340000,0.622733950000),
double3(0.710933940000,0.664899230000,0.637711080000),
double3(0.514087675000,0.607603735000,0.911990350000),
double3(0.605757175000,0.659265130000,0.862680225000),
double3(0.789639600000,0.683605475000,0.896538050000),
double3(0.797342850000,0.650235550000,0.843125250000),
double3(0.598053930000,0.692635060000,0.916093000000),
double3(0.881298930000,0.735272700000,0.847228825000),
double3(0.765323670000,0.638990315000,0.821986650000),
double3(0.703602750000,0.709390650000,0.938003720000),
double3(0.687323985000,0.683808550000,0.829858550000),
double3(0.636902825000,0.654733700000,0.930586515000),
