[double3(9.212520000000,0.000000000000,0.000000000000),double3(0.783238861262,13.960856434414,0.000000000000),double3(-0.100569309947,0.240145479347,15.144012183868)]

double3(0.310931625000,0.169635860000,0.004172505000),
double3(0.307351100000,0.079375750000,0.475094230000),
double3(0.238322290000,0.185000750000,0.458780800000),
double3(0.380967050000,0.064404370000,0.022460340000),
double3(0.274400475000,0.337771600000,0.422251400000),
double3(0.344525785000,0.411682850000,0.058961570000),
double3(0.142502200000,0.456949300000,0.421769230000),
double3(0.477332980000,0.292234630000,0.059078215000),
double3(0.261783450000,0.049887480000,0.211357220000),
double3(0.241497340000,0.196909200000,0.260981830000),
double3(0.333409250000,0.053101120000,0.276532830000),
double3(0.339832425000,0.191292330000,0.212788240000),
double3(0.453284500000,0.117197865000,0.490082000000),
double3(0.167135550000,0.133656875000,0.490647225000),
double3(0.028425110000,0.122993985000,0.490182900000),
double3(0.092006435000,0.127852650000,0.490355300000),
double3(0.319885950000,0.012955250000,0.012336255000),
double3(0.299050550000,0.236606525000,0.468898750000),
double3(0.321366700000,0.462772580000,0.016334950000),
double3(0.297709300000,0.286776065000,0.464931430000),
double3(0.276854450000,0.436480970000,0.488702685000),
double3(0.342697980000,0.312986730000,0.492330900000),
double3(0.226309030000,0.462028750000,0.461195200000),
double3(0.393632950000,0.287343085000,0.019507525000),
double3(0.223727120000,0.013254940000,0.459699050000),
double3(0.396170600000,0.236096485000,0.020869015000),
double3(0.341038800000,0.114104820000,0.078102150000),
double3(0.282425400000,0.137451950000,0.403429000000),
double3(0.284436800000,0.079791900000,0.194093540000),
double3(0.260035070000,0.167018400000,0.282151500000),
double3(0.310202850000,0.085745635000,0.290827100000),
double3(0.326775900000,0.159636275000,0.194813050000),
double3(0.301914750000,0.075511450000,0.149766610000),
double3(0.265006500000,0.173750875000,0.327240465000),
double3(0.312829735000,0.090832120000,0.336230400000),
double3(0.342306735000,0.157735080000,0.150274860000),
double3(0.328739650000,0.115683785000,0.126258000000),
double3(0.288789650000,0.134849535000,0.355209680000),
double3(0.296444835000,0.121505500000,0.216476100000),
double3(0.284884425000,0.123888390000,0.263792650000),
double3(0.270678550000,0.038363815000,0.484941630000),
double3(0.348603400000,0.211096525000,0.495990700000),
double3(0.278669950000,0.384926470000,0.489006250000),
double3(0.340927300000,0.364550980000,0.492114365000),
double3(0.172690570000,0.038401185000,0.430766400000),
double3(0.448205450000,0.210786135000,0.049038825000),
double3(0.293264985000,0.029452600000,0.130706150000),
double3(0.251869080000,0.221348600000,0.342745720000),
double3(0.349050520000,0.053288300000,0.361960350000),
double3(0.374352450000,0.198649990000,0.131300075000),
double3(0.430483500000,0.075640075000,0.498052700000),
double3(0.189918050000,0.175269725000,0.482976350000),
double3(0.409962450000,0.153639465000,0.482052350000),
double3(0.210439100000,0.097270330000,0.498976680000),
double3(0.250106800000,0.214375270000,0.443131925000),
double3(0.368442200000,0.035306155000,0.038336160000),
double3(0.252166035000,0.308492000000,0.433273970000),
double3(0.366564550000,0.441142320000,0.048199475000),
double3(0.180276440000,0.435579850000,0.436307000000),
double3(0.440089950000,0.313699850000,0.044192790000),
double3(0.182605300000,0.036561490000,0.388311325000),
double3(0.109294565000,0.052957655000,0.445539750000),
double3(0.438907500000,0.211547300000,0.091577590000),
double3(0.011898875000,0.197804550000,0.033684255000),
double3(0.330350950000,0.074500620000,0.057678000000),
double3(0.293705600000,0.177174375000,0.423670920000),
double3(0.265366950000,0.098952785000,0.424541535000),
double3(0.358689575000,0.152722200000,0.056807365000),
double3(0.242253380000,0.024176300000,0.101595105000),
double3(0.318359250000,0.491635000000,0.152643900000),
double3(0.306787135000,0.244337350000,0.356761400000),
double3(0.193253965000,0.245907050000,0.329785150000),
double3(0.407158800000,0.062714780000,0.383955550000),
double3(0.336391900000,0.008840925000,0.354351800000),
double3(0.433447700000,0.213293420000,0.149154250000),
double3(0.333847950000,0.229118780000,0.107942990000),
double3(0.310931625000,0.169635860000,0.504172505000),
double3(0.307351100000,0.079375750000,0.975094230000),
double3(0.238322290000,0.185000750000,0.958780800000),
double3(0.380967050000,0.064404370000,0.522460340000),
double3(0.274400475000,0.337771600000,0.922251400000),
double3(0.344525785000,0.411682850000,0.558961570000),
double3(0.142502200000,0.456949300000,0.921769230000),
double3(0.477332980000,0.292234630000,0.559078215000),
double3(0.261783450000,0.049887480000,0.711357220000),
double3(0.241497340000,0.196909200000,0.760981830000),
double3(0.333409250000,0.053101120000,0.776532830000),
double3(0.339832425000,0.191292330000,0.712788240000),
double3(0.453284500000,0.117197865000,0.990082000000),
double3(0.167135550000,0.133656875000,0.990647225000),
double3(0.028425110000,0.122993985000,0.990182900000),
double3(0.092006435000,0.127852650000,0.990355300000),
double3(0.319885950000,0.012955250000,0.512336255000),
double3(0.299050550000,0.236606525000,0.968898750000),
double3(0.321366700000,0.462772580000,0.516334950000),
double3(0.297709300000,0.286776065000,0.964931430000),
double3(0.276854450000,0.436480970000,0.988702685000),
double3(0.342697980000,0.312986730000,0.992330900000),
double3(0.226309030000,0.462028750000,0.961195200000),
double3(0.393632950000,0.287343085000,0.519507525000),
double3(0.223727120000,0.013254940000,0.959699050000),
double3(0.396170600000,0.236096485000,0.520869015000),
double3(0.341038800000,0.114104820000,0.578102150000),
double3(0.282425400000,0.137451950000,0.903429000000),
double3(0.284436800000,0.079791900000,0.694093540000),
double3(0.260035070000,0.167018400000,0.782151500000),
double3(0.310202850000,0.085745635000,0.790827100000),
double3(0.326775900000,0.159636275000,0.694813050000),
double3(0.301914750000,0.075511450000,0.649766610000),
double3(0.265006500000,0.173750875000,0.827240465000),
double3(0.312829735000,0.090832120000,0.836230400000),
double3(0.342306735000,0.157735080000,0.650274860000),
double3(0.328739650000,0.115683785000,0.626258000000),
double3(0.288789650000,0.134849535000,0.855209680000),
double3(0.296444835000,0.121505500000,0.716476100000),
double3(0.284884425000,0.123888390000,0.763792650000),
double3(0.270678550000,0.038363815000,0.984941630000),
double3(0.348603400000,0.211096525000,0.995990700000),
double3(0.278669950000,0.384926470000,0.989006250000),
double3(0.340927300000,0.364550980000,0.992114365000),
double3(0.172690570000,0.038401185000,0.930766400000),
double3(0.448205450000,0.210786135000,0.549038825000),
double3(0.293264985000,0.029452600000,0.630706150000),
double3(0.251869080000,0.221348600000,0.842745720000),
double3(0.349050520000,0.053288300000,0.861960350000),
double3(0.374352450000,0.198649990000,0.631300075000),
double3(0.430483500000,0.075640075000,0.998052700000),
double3(0.189918050000,0.175269725000,0.982976350000),
double3(0.409962450000,0.153639465000,0.982052350000),
double3(0.210439100000,0.097270330000,0.998976680000),
double3(0.250106800000,0.214375270000,0.943131925000),
double3(0.368442200000,0.035306155000,0.538336160000),
double3(0.252166035000,0.308492000000,0.933273970000),
double3(0.366564550000,0.441142320000,0.548199475000),
double3(0.180276440000,0.435579850000,0.936307000000),
double3(0.440089950000,0.313699850000,0.544192790000),
double3(0.182605300000,0.036561490000,0.888311325000),
double3(0.109294565000,0.052957655000,0.945539750000),
double3(0.438907500000,0.211547300000,0.591577590000),
double3(0.011898875000,0.197804550000,0.533684255000),
double3(0.330350950000,0.074500620000,0.557678000000),
double3(0.293705600000,0.177174375000,0.923670920000),
double3(0.265366950000,0.098952785000,0.924541535000),
double3(0.358689575000,0.152722200000,0.556807365000),
double3(0.242253380000,0.024176300000,0.601595105000),
double3(0.318359250000,0.491635000000,0.652643900000),
double3(0.306787135000,0.244337350000,0.856761400000),
double3(0.193253965000,0.245907050000,0.829785150000),
double3(0.407158800000,0.062714780000,0.883955550000),
double3(0.336391900000,0.008840925000,0.854351800000),
double3(0.433447700000,0.213293420000,0.649154250000),
double3(0.333847950000,0.229118780000,0.607942990000),
double3(0.310931625000,0.669635860000,0.004172505000),
double3(0.307351100000,0.579375750000,0.475094230000),
double3(0.238322290000,0.685000750000,0.458780800000),
double3(0.380967050000,0.564404370000,0.022460340000),
double3(0.274400475000,0.837771600000,0.422251400000),
double3(0.344525785000,0.911682850000,0.058961570000),
double3(0.142502200000,0.956949300000,0.421769230000),
double3(0.477332980000,0.792234630000,0.059078215000),
double3(0.261783450000,0.549887480000,0.211357220000),
double3(0.241497340000,0.696909200000,0.260981830000),
double3(0.333409250000,0.553101120000,0.276532830000),
double3(0.339832425000,0.691292330000,0.212788240000),
double3(0.453284500000,0.617197865000,0.490082000000),
double3(0.167135550000,0.633656875000,0.490647225000),
double3(0.028425110000,0.622993985000,0.490182900000),
double3(0.092006435000,0.627852650000,0.490355300000),
double3(0.319885950000,0.512955250000,0.012336255000),
double3(0.299050550000,0.736606525000,0.468898750000),
double3(0.321366700000,0.962772580000,0.016334950000),
double3(0.297709300000,0.786776065000,0.464931430000),
double3(0.276854450000,0.936480970000,0.488702685000),
double3(0.342697980000,0.812986730000,0.492330900000),
double3(0.226309030000,0.962028750000,0.461195200000),
double3(0.393632950000,0.787343085000,0.019507525000),
double3(0.223727120000,0.513254940000,0.459699050000),
double3(0.396170600000,0.736096485000,0.020869015000),
double3(0.341038800000,0.614104820000,0.078102150000),
double3(0.282425400000,0.637451950000,0.403429000000),
double3(0.284436800000,0.579791900000,0.194093540000),
double3(0.260035070000,0.667018400000,0.282151500000),
double3(0.310202850000,0.585745635000,0.290827100000),
double3(0.326775900000,0.659636275000,0.194813050000),
double3(0.301914750000,0.575511450000,0.149766610000),
double3(0.265006500000,0.673750875000,0.327240465000),
double3(0.312829735000,0.590832120000,0.336230400000),
double3(0.342306735000,0.657735080000,0.150274860000),
double3(0.328739650000,0.615683785000,0.126258000000),
double3(0.288789650000,0.634849535000,0.355209680000),
double3(0.296444835000,0.621505500000,0.216476100000),
double3(0.284884425000,0.623888390000,0.263792650000),
double3(0.270678550000,0.538363815000,0.484941630000),
double3(0.348603400000,0.711096525000,0.495990700000),
double3(0.278669950000,0.884926470000,0.489006250000),
double3(0.340927300000,0.864550980000,0.492114365000),
double3(0.172690570000,0.538401185000,0.430766400000),
double3(0.448205450000,0.710786135000,0.049038825000),
double3(0.293264985000,0.529452600000,0.130706150000),
double3(0.251869080000,0.721348600000,0.342745720000),
double3(0.349050520000,0.553288300000,0.361960350000),
double3(0.374352450000,0.698649990000,0.131300075000),
double3(0.430483500000,0.575640075000,0.498052700000),
double3(0.189918050000,0.675269725000,0.482976350000),
double3(0.409962450000,0.653639465000,0.482052350000),
double3(0.210439100000,0.597270330000,0.498976680000),
double3(0.250106800000,0.714375270000,0.443131925000),
double3(0.368442200000,0.535306155000,0.038336160000),
double3(0.252166035000,0.808492000000,0.433273970000),
double3(0.366564550000,0.941142320000,0.048199475000),
double3(0.180276440000,0.935579850000,0.436307000000),
double3(0.440089950000,0.813699850000,0.044192790000),
double3(0.182605300000,0.536561490000,0.388311325000),
double3(0.109294565000,0.552957655000,0.445539750000),
double3(0.438907500000,0.711547300000,0.091577590000),
double3(0.011898875000,0.697804550000,0.033684255000),
double3(0.330350950000,0.574500620000,0.057678000000),
double3(0.293705600000,0.677174375000,0.423670920000),
double3(0.265366950000,0.598952785000,0.424541535000),
double3(0.358689575000,0.652722200000,0.056807365000),
double3(0.242253380000,0.524176300000,0.101595105000),
double3(0.318359250000,0.991635000000,0.152643900000),
double3(0.306787135000,0.744337350000,0.356761400000),
double3(0.193253965000,0.745907050000,0.329785150000),
double3(0.407158800000,0.562714780000,0.383955550000),
double3(0.336391900000,0.508840925000,0.354351800000),
double3(0.433447700000,0.713293420000,0.149154250000),
double3(0.333847950000,0.729118780000,0.107942990000),
double3(0.310931625000,0.669635860000,0.504172505000),
double3(0.307351100000,0.579375750000,0.975094230000),
double3(0.238322290000,0.685000750000,0.958780800000),
double3(0.380967050000,0.564404370000,0.522460340000),
double3(0.274400475000,0.837771600000,0.922251400000),
double3(0.344525785000,0.911682850000,0.558961570000),
double3(0.142502200000,0.956949300000,0.921769230000),
double3(0.477332980000,0.792234630000,0.559078215000),
double3(0.261783450000,0.549887480000,0.711357220000),
double3(0.241497340000,0.696909200000,0.760981830000),
double3(0.333409250000,0.553101120000,0.776532830000),
double3(0.339832425000,0.691292330000,0.712788240000),
double3(0.453284500000,0.617197865000,0.990082000000),
double3(0.167135550000,0.633656875000,0.990647225000),
double3(0.028425110000,0.622993985000,0.990182900000),
double3(0.092006435000,0.627852650000,0.990355300000),
double3(0.319885950000,0.512955250000,0.512336255000),
double3(0.299050550000,0.736606525000,0.968898750000),
double3(0.321366700000,0.962772580000,0.516334950000),
double3(0.297709300000,0.786776065000,0.964931430000),
double3(0.276854450000,0.936480970000,0.988702685000),
double3(0.342697980000,0.812986730000,0.992330900000),
double3(0.226309030000,0.962028750000,0.961195200000),
double3(0.393632950000,0.787343085000,0.519507525000),
double3(0.223727120000,0.513254940000,0.959699050000),
double3(0.396170600000,0.736096485000,0.520869015000),
double3(0.341038800000,0.614104820000,0.578102150000),
double3(0.282425400000,0.637451950000,0.903429000000),
double3(0.284436800000,0.579791900000,0.694093540000),
double3(0.260035070000,0.667018400000,0.782151500000),
double3(0.310202850000,0.585745635000,0.790827100000),
double3(0.326775900000,0.659636275000,0.694813050000),
double3(0.301914750000,0.575511450000,0.649766610000),
double3(0.265006500000,0.673750875000,0.827240465000),
double3(0.312829735000,0.590832120000,0.836230400000),
double3(0.342306735000,0.657735080000,0.650274860000),
double3(0.328739650000,0.615683785000,0.626258000000),
double3(0.288789650000,0.634849535000,0.855209680000),
double3(0.296444835000,0.621505500000,0.716476100000),
double3(0.284884425000,0.623888390000,0.763792650000),
double3(0.270678550000,0.538363815000,0.984941630000),
double3(0.348603400000,0.711096525000,0.995990700000),
double3(0.278669950000,0.884926470000,0.989006250000),
double3(0.340927300000,0.864550980000,0.992114365000),
double3(0.172690570000,0.538401185000,0.930766400000),
double3(0.448205450000,0.710786135000,0.549038825000),
double3(0.293264985000,0.529452600000,0.630706150000),
double3(0.251869080000,0.721348600000,0.842745720000),
double3(0.349050520000,0.553288300000,0.861960350000),
double3(0.374352450000,0.698649990000,0.631300075000),
double3(0.430483500000,0.575640075000,0.998052700000),
double3(0.189918050000,0.675269725000,0.982976350000),
double3(0.409962450000,0.653639465000,0.982052350000),
double3(0.210439100000,0.597270330000,0.998976680000),
double3(0.250106800000,0.714375270000,0.943131925000),
double3(0.368442200000,0.535306155000,0.538336160000),
double3(0.252166035000,0.808492000000,0.933273970000),
double3(0.366564550000,0.941142320000,0.548199475000),
double3(0.180276440000,0.935579850000,0.936307000000),
double3(0.440089950000,0.813699850000,0.544192790000),
double3(0.182605300000,0.536561490000,0.888311325000),
double3(0.109294565000,0.552957655000,0.945539750000),
double3(0.438907500000,0.711547300000,0.591577590000),
double3(0.011898875000,0.697804550000,0.533684255000),
double3(0.330350950000,0.574500620000,0.557678000000),
double3(0.293705600000,0.677174375000,0.923670920000),
double3(0.265366950000,0.598952785000,0.924541535000),
double3(0.358689575000,0.652722200000,0.556807365000),
double3(0.242253380000,0.524176300000,0.601595105000),
double3(0.318359250000,0.991635000000,0.652643900000),
double3(0.306787135000,0.744337350000,0.856761400000),
double3(0.193253965000,0.745907050000,0.829785150000),
double3(0.407158800000,0.562714780000,0.883955550000),
double3(0.336391900000,0.508840925000,0.854351800000),
double3(0.433447700000,0.713293420000,0.649154250000),
double3(0.333847950000,0.729118780000,0.607942990000),
double3(0.810931625000,0.169635860000,0.004172505000),
double3(0.807351100000,0.079375750000,0.475094230000),
double3(0.738322290000,0.185000750000,0.458780800000),
double3(0.880967050000,0.064404370000,0.022460340000),
double3(0.774400475000,0.337771600000,0.422251400000),
double3(0.844525785000,0.411682850000,0.058961570000),
double3(0.642502200000,0.456949300000,0.421769230000),
double3(0.977332980000,0.292234630000,0.059078215000),
double3(0.761783450000,0.049887480000,0.211357220000),
double3(0.741497340000,0.196909200000,0.260981830000),
double3(0.833409250000,0.053101120000,0.276532830000),
double3(0.839832425000,0.191292330000,0.212788240000),
double3(0.953284500000,0.117197865000,0.490082000000),
double3(0.667135550000,0.133656875000,0.490647225000),
double3(0.528425110000,0.122993985000,0.490182900000),
double3(0.592006435000,0.127852650000,0.490355300000),
double3(0.819885950000,0.012955250000,0.012336255000),
double3(0.799050550000,0.236606525000,0.468898750000),
double3(0.821366700000,0.462772580000,0.016334950000),
double3(0.797709300000,0.286776065000,0.464931430000),
double3(0.776854450000,0.436480970000,0.488702685000),
double3(0.842697980000,0.312986730000,0.492330900000),
double3(0.726309030000,0.462028750000,0.461195200000),
double3(0.893632950000,0.287343085000,0.019507525000),
double3(0.723727120000,0.013254940000,0.459699050000),
double3(0.896170600000,0.236096485000,0.020869015000),
double3(0.841038800000,0.114104820000,0.078102150000),
double3(0.782425400000,0.137451950000,0.403429000000),
double3(0.784436800000,0.079791900000,0.194093540000),
double3(0.760035070000,0.167018400000,0.282151500000),
double3(0.810202850000,0.085745635000,0.290827100000),
double3(0.826775900000,0.159636275000,0.194813050000),
double3(0.801914750000,0.075511450000,0.149766610000),
double3(0.765006500000,0.173750875000,0.327240465000),
double3(0.812829735000,0.090832120000,0.336230400000),
double3(0.842306735000,0.157735080000,0.150274860000),
double3(0.828739650000,0.115683785000,0.126258000000),
double3(0.788789650000,0.134849535000,0.355209680000),
double3(0.796444835000,0.121505500000,0.216476100000),
double3(0.784884425000,0.123888390000,0.263792650000),
double3(0.770678550000,0.038363815000,0.484941630000),
double3(0.848603400000,0.211096525000,0.495990700000),
double3(0.778669950000,0.384926470000,0.489006250000),
double3(0.840927300000,0.364550980000,0.492114365000),
double3(0.672690570000,0.038401185000,0.430766400000),
double3(0.948205450000,0.210786135000,0.049038825000),
double3(0.793264985000,0.029452600000,0.130706150000),
double3(0.751869080000,0.221348600000,0.342745720000),
double3(0.849050520000,0.053288300000,0.361960350000),
double3(0.874352450000,0.198649990000,0.131300075000),
double3(0.930483500000,0.075640075000,0.498052700000),
double3(0.689918050000,0.175269725000,0.482976350000),
double3(0.909962450000,0.153639465000,0.482052350000),
double3(0.710439100000,0.097270330000,0.498976680000),
double3(0.750106800000,0.214375270000,0.443131925000),
double3(0.868442200000,0.035306155000,0.038336160000),
double3(0.752166035000,0.308492000000,0.433273970000),
double3(0.866564550000,0.441142320000,0.048199475000),
double3(0.680276440000,0.435579850000,0.436307000000),
double3(0.940089950000,0.313699850000,0.044192790000),
double3(0.682605300000,0.036561490000,0.388311325000),
double3(0.609294565000,0.052957655000,0.445539750000),
double3(0.938907500000,0.211547300000,0.091577590000),
double3(0.511898875000,0.197804550000,0.033684255000),
double3(0.830350950000,0.074500620000,0.057678000000),
double3(0.793705600000,0.177174375000,0.423670920000),
double3(0.765366950000,0.098952785000,0.424541535000),
double3(0.858689575000,0.152722200000,0.056807365000),
double3(0.742253380000,0.024176300000,0.101595105000),
double3(0.818359250000,0.491635000000,0.152643900000),
double3(0.806787135000,0.244337350000,0.356761400000),
double3(0.693253965000,0.245907050000,0.329785150000),
double3(0.907158800000,0.062714780000,0.383955550000),
double3(0.836391900000,0.008840925000,0.354351800000),
double3(0.933447700000,0.213293420000,0.149154250000),
double3(0.833847950000,0.229118780000,0.107942990000),
double3(0.810931625000,0.169635860000,0.504172505000),
double3(0.807351100000,0.079375750000,0.975094230000),
double3(0.738322290000,0.185000750000,0.958780800000),
double3(0.880967050000,0.064404370000,0.522460340000),
double3(0.774400475000,0.337771600000,0.922251400000),
double3(0.844525785000,0.411682850000,0.558961570000),
double3(0.642502200000,0.456949300000,0.921769230000),
double3(0.977332980000,0.292234630000,0.559078215000),
double3(0.761783450000,0.049887480000,0.711357220000),
double3(0.741497340000,0.196909200000,0.760981830000),
double3(0.833409250000,0.053101120000,0.776532830000),
double3(0.839832425000,0.191292330000,0.712788240000),
double3(0.953284500000,0.117197865000,0.990082000000),
double3(0.667135550000,0.133656875000,0.990647225000),
double3(0.528425110000,0.122993985000,0.990182900000),
double3(0.592006435000,0.127852650000,0.990355300000),
double3(0.819885950000,0.012955250000,0.512336255000),
double3(0.799050550000,0.236606525000,0.968898750000),
double3(0.821366700000,0.462772580000,0.516334950000),
double3(0.797709300000,0.286776065000,0.964931430000),
double3(0.776854450000,0.436480970000,0.988702685000),
double3(0.842697980000,0.312986730000,0.992330900000),
double3(0.726309030000,0.462028750000,0.961195200000),
double3(0.893632950000,0.287343085000,0.519507525000),
double3(0.723727120000,0.013254940000,0.959699050000),
double3(0.896170600000,0.236096485000,0.520869015000),
double3(0.841038800000,0.114104820000,0.578102150000),
double3(0.782425400000,0.137451950000,0.903429000000),
double3(0.784436800000,0.079791900000,0.694093540000),
double3(0.760035070000,0.167018400000,0.782151500000),
double3(0.810202850000,0.085745635000,0.790827100000),
double3(0.826775900000,0.159636275000,0.694813050000),
double3(0.801914750000,0.075511450000,0.649766610000),
double3(0.765006500000,0.173750875000,0.827240465000),
double3(0.812829735000,0.090832120000,0.836230400000),
double3(0.842306735000,0.157735080000,0.650274860000),
double3(0.828739650000,0.115683785000,0.626258000000),
double3(0.788789650000,0.134849535000,0.855209680000),
double3(0.796444835000,0.121505500000,0.716476100000),
double3(0.784884425000,0.123888390000,0.763792650000),
double3(0.770678550000,0.038363815000,0.984941630000),
double3(0.848603400000,0.211096525000,0.995990700000),
double3(0.778669950000,0.384926470000,0.989006250000),
double3(0.840927300000,0.364550980000,0.992114365000),
double3(0.672690570000,0.038401185000,0.930766400000),
double3(0.948205450000,0.210786135000,0.549038825000),
double3(0.793264985000,0.029452600000,0.630706150000),
double3(0.751869080000,0.221348600000,0.842745720000),
double3(0.849050520000,0.053288300000,0.861960350000),
double3(0.874352450000,0.198649990000,0.631300075000),
double3(0.930483500000,0.075640075000,0.998052700000),
double3(0.689918050000,0.175269725000,0.982976350000),
double3(0.909962450000,0.153639465000,0.982052350000),
double3(0.710439100000,0.097270330000,0.998976680000),
double3(0.750106800000,0.214375270000,0.943131925000),
double3(0.868442200000,0.035306155000,0.538336160000),
double3(0.752166035000,0.308492000000,0.933273970000),
double3(0.866564550000,0.441142320000,0.548199475000),
double3(0.680276440000,0.435579850000,0.936307000000),
double3(0.940089950000,0.313699850000,0.544192790000),
double3(0.682605300000,0.036561490000,0.888311325000),
double3(0.609294565000,0.052957655000,0.945539750000),
double3(0.938907500000,0.211547300000,0.591577590000),
double3(0.511898875000,0.197804550000,0.533684255000),
double3(0.830350950000,0.074500620000,0.557678000000),
double3(0.793705600000,0.177174375000,0.923670920000),
double3(0.765366950000,0.098952785000,0.924541535000),
double3(0.858689575000,0.152722200000,0.556807365000),
double3(0.742253380000,0.024176300000,0.601595105000),
double3(0.818359250000,0.491635000000,0.652643900000),
double3(0.806787135000,0.244337350000,0.856761400000),
double3(0.693253965000,0.245907050000,0.829785150000),
double3(0.907158800000,0.062714780000,0.883955550000),
double3(0.836391900000,0.008840925000,0.854351800000),
double3(0.933447700000,0.213293420000,0.649154250000),
double3(0.833847950000,0.229118780000,0.607942990000),
double3(0.810931625000,0.669635860000,0.004172505000),
double3(0.807351100000,0.579375750000,0.475094230000),
double3(0.738322290000,0.685000750000,0.458780800000),
double3(0.880967050000,0.564404370000,0.022460340000),
double3(0.774400475000,0.837771600000,0.422251400000),
double3(0.844525785000,0.911682850000,0.058961570000),
double3(0.642502200000,0.956949300000,0.421769230000),
double3(0.977332980000,0.792234630000,0.059078215000),
double3(0.761783450000,0.549887480000,0.211357220000),
double3(0.741497340000,0.696909200000,0.260981830000),
double3(0.833409250000,0.553101120000,0.276532830000),
double3(0.839832425000,0.691292330000,0.212788240000),
double3(0.953284500000,0.617197865000,0.490082000000),
double3(0.667135550000,0.633656875000,0.490647225000),
double3(0.528425110000,0.622993985000,0.490182900000),
double3(0.592006435000,0.627852650000,0.490355300000),
double3(0.819885950000,0.512955250000,0.012336255000),
double3(0.799050550000,0.736606525000,0.468898750000),
double3(0.821366700000,0.962772580000,0.016334950000),
double3(0.797709300000,0.786776065000,0.464931430000),
double3(0.776854450000,0.936480970000,0.488702685000),
double3(0.842697980000,0.812986730000,0.492330900000),
double3(0.726309030000,0.962028750000,0.461195200000),
double3(0.893632950000,0.787343085000,0.019507525000),
double3(0.723727120000,0.513254940000,0.459699050000),
double3(0.896170600000,0.736096485000,0.020869015000),
double3(0.841038800000,0.614104820000,0.078102150000),
double3(0.782425400000,0.637451950000,0.403429000000),
double3(0.784436800000,0.579791900000,0.194093540000),
double3(0.760035070000,0.667018400000,0.282151500000),
double3(0.810202850000,0.585745635000,0.290827100000),
double3(0.826775900000,0.659636275000,0.194813050000),
double3(0.801914750000,0.575511450000,0.149766610000),
double3(0.765006500000,0.673750875000,0.327240465000),
double3(0.812829735000,0.590832120000,0.336230400000),
double3(0.842306735000,0.657735080000,0.150274860000),
double3(0.828739650000,0.615683785000,0.126258000000),
double3(0.788789650000,0.634849535000,0.355209680000),
double3(0.796444835000,0.621505500000,0.216476100000),
double3(0.784884425000,0.623888390000,0.263792650000),
double3(0.770678550000,0.538363815000,0.484941630000),
double3(0.848603400000,0.711096525000,0.495990700000),
double3(0.778669950000,0.884926470000,0.489006250000),
double3(0.840927300000,0.864550980000,0.492114365000),
double3(0.672690570000,0.538401185000,0.430766400000),
double3(0.948205450000,0.710786135000,0.049038825000),
double3(0.793264985000,0.529452600000,0.130706150000),
double3(0.751869080000,0.721348600000,0.342745720000),
double3(0.849050520000,0.553288300000,0.361960350000),
double3(0.874352450000,0.698649990000,0.131300075000),
double3(0.930483500000,0.575640075000,0.498052700000),
double3(0.689918050000,0.675269725000,0.482976350000),
double3(0.909962450000,0.653639465000,0.482052350000),
double3(0.710439100000,0.597270330000,0.498976680000),
double3(0.750106800000,0.714375270000,0.443131925000),
double3(0.868442200000,0.535306155000,0.038336160000),
double3(0.752166035000,0.808492000000,0.433273970000),
double3(0.866564550000,0.941142320000,0.048199475000),
double3(0.680276440000,0.935579850000,0.436307000000),
double3(0.940089950000,0.813699850000,0.044192790000),
double3(0.682605300000,0.536561490000,0.388311325000),
double3(0.609294565000,0.552957655000,0.445539750000),
double3(0.938907500000,0.711547300000,0.091577590000),
double3(0.511898875000,0.697804550000,0.033684255000),
double3(0.830350950000,0.574500620000,0.057678000000),
double3(0.793705600000,0.677174375000,0.423670920000),
double3(0.765366950000,0.598952785000,0.424541535000),
double3(0.858689575000,0.652722200000,0.056807365000),
double3(0.742253380000,0.524176300000,0.101595105000),
double3(0.818359250000,0.991635000000,0.152643900000),
double3(0.806787135000,0.744337350000,0.356761400000),
double3(0.693253965000,0.745907050000,0.329785150000),
double3(0.907158800000,0.562714780000,0.383955550000),
double3(0.836391900000,0.508840925000,0.354351800000),
double3(0.933447700000,0.713293420000,0.149154250000),
double3(0.833847950000,0.729118780000,0.107942990000),
double3(0.810931625000,0.669635860000,0.504172505000),
double3(0.807351100000,0.579375750000,0.975094230000),
double3(0.738322290000,0.685000750000,0.958780800000),
double3(0.880967050000,0.564404370000,0.522460340000),
double3(0.774400475000,0.837771600000,0.922251400000),
double3(0.844525785000,0.911682850000,0.558961570000),
double3(0.642502200000,0.956949300000,0.921769230000),
double3(0.977332980000,0.792234630000,0.559078215000),
double3(0.761783450000,0.549887480000,0.711357220000),
double3(0.741497340000,0.696909200000,0.760981830000),
double3(0.833409250000,0.553101120000,0.776532830000),
double3(0.839832425000,0.691292330000,0.712788240000),
double3(0.953284500000,0.617197865000,0.990082000000),
double3(0.667135550000,0.633656875000,0.990647225000),
double3(0.528425110000,0.622993985000,0.990182900000),
double3(0.592006435000,0.627852650000,0.990355300000),
double3(0.819885950000,0.512955250000,0.512336255000),
double3(0.799050550000,0.736606525000,0.968898750000),
double3(0.821366700000,0.962772580000,0.516334950000),
double3(0.797709300000,0.786776065000,0.964931430000),
double3(0.776854450000,0.936480970000,0.988702685000),
double3(0.842697980000,0.812986730000,0.992330900000),
double3(0.726309030000,0.962028750000,0.961195200000),
double3(0.893632950000,0.787343085000,0.519507525000),
double3(0.723727120000,0.513254940000,0.959699050000),
double3(0.896170600000,0.736096485000,0.520869015000),
double3(0.841038800000,0.614104820000,0.578102150000),
double3(0.782425400000,0.637451950000,0.903429000000),
double3(0.784436800000,0.579791900000,0.694093540000),
double3(0.760035070000,0.667018400000,0.782151500000),
double3(0.810202850000,0.585745635000,0.790827100000),
double3(0.826775900000,0.659636275000,0.694813050000),
double3(0.801914750000,0.575511450000,0.649766610000),
double3(0.765006500000,0.673750875000,0.827240465000),
double3(0.812829735000,0.590832120000,0.836230400000),
double3(0.842306735000,0.657735080000,0.650274860000),
double3(0.828739650000,0.615683785000,0.626258000000),
double3(0.788789650000,0.634849535000,0.855209680000),
double3(0.796444835000,0.621505500000,0.716476100000),
double3(0.784884425000,0.623888390000,0.763792650000),
double3(0.770678550000,0.538363815000,0.984941630000),
double3(0.848603400000,0.711096525000,0.995990700000),
double3(0.778669950000,0.884926470000,0.989006250000),
double3(0.840927300000,0.864550980000,0.992114365000),
double3(0.672690570000,0.538401185000,0.930766400000),
double3(0.948205450000,0.710786135000,0.549038825000),
double3(0.793264985000,0.529452600000,0.630706150000),
double3(0.751869080000,0.721348600000,0.842745720000),
double3(0.849050520000,0.553288300000,0.861960350000),
double3(0.874352450000,0.698649990000,0.631300075000),
double3(0.930483500000,0.575640075000,0.998052700000),
double3(0.689918050000,0.675269725000,0.982976350000),
double3(0.909962450000,0.653639465000,0.982052350000),
double3(0.710439100000,0.597270330000,0.998976680000),
double3(0.750106800000,0.714375270000,0.943131925000),
double3(0.868442200000,0.535306155000,0.538336160000),
double3(0.752166035000,0.808492000000,0.933273970000),
double3(0.866564550000,0.941142320000,0.548199475000),
double3(0.680276440000,0.935579850000,0.936307000000),
double3(0.940089950000,0.813699850000,0.544192790000),
double3(0.682605300000,0.536561490000,0.888311325000),
double3(0.609294565000,0.552957655000,0.945539750000),
double3(0.938907500000,0.711547300000,0.591577590000),
double3(0.511898875000,0.697804550000,0.533684255000),
double3(0.830350950000,0.574500620000,0.557678000000),
double3(0.793705600000,0.677174375000,0.923670920000),
double3(0.765366950000,0.598952785000,0.924541535000),
double3(0.858689575000,0.652722200000,0.556807365000),
double3(0.742253380000,0.524176300000,0.601595105000),
double3(0.818359250000,0.991635000000,0.652643900000),
double3(0.806787135000,0.744337350000,0.856761400000),
double3(0.693253965000,0.745907050000,0.829785150000),
double3(0.907158800000,0.562714780000,0.883955550000),
double3(0.836391900000,0.508840925000,0.854351800000),
double3(0.933447700000,0.713293420000,0.649154250000),
double3(0.833847950000,0.729118780000,0.607942990000),
