[double3(13.398360000000,0.000000000000,0.000000000000),double3(0.445158988834,13.824864823772,0.000000000000),double3(-1.207958424401,1.304729840741,13.342799820506)]

double3(0.202894015000,0.347264380000,0.205336840000),
double3(0.091772915000,0.372240720000,0.193029570000),
double3(0.174193935000,0.306676565000,0.461763100000),
double3(0.123838300000,0.409146950000,0.437397480000),
double3(0.453467965000,0.169186830000,0.086668835000),
double3(0.479952500000,0.190145970000,0.172939000000),
double3(0.061604610000,0.158074170000,0.215502830000),
double3(0.244770100000,0.125330350000,0.262386700000),
double3(0.328166100000,0.083822325000,0.269498350000),
double3(0.352575420000,0.034735890000,0.201474265000),
double3(0.292556500000,0.024874600000,0.129202150000),
double3(0.208949460000,0.066103110000,0.121338470000),
double3(0.089465260000,0.084864830000,0.085616140000),
double3(0.008429685000,0.117915185000,0.043295875000),
double3(0.452736465000,0.310148300000,0.152717300000),
double3(0.344616115000,0.407031030000,0.249617785000),
double3(0.410205930000,0.232139450000,0.168702885000),
double3(0.375494200000,0.169892550000,0.117371450000),
double3(0.300124600000,0.189251990000,0.057571855000),
double3(0.260135920000,0.272001030000,0.048295030000),
double3(0.295364800000,0.335388100000,0.097121350000),
double3(0.386264680000,0.482736350000,0.246449950000),
double3(0.420719415000,0.037912965000,0.306152000000),
double3(0.496949800000,0.013210355000,0.363034130000),
double3(0.038580000000,0.432419200000,0.360119820000),
double3(0.002368035000,0.374751030000,0.304529100000),
double3(0.153199450000,0.357364800000,0.290051875000),
double3(0.141825110000,0.362372000000,0.108878015000),
double3(0.157743825000,0.350097625000,0.342547050000),
double3(0.137466350000,0.367705900000,0.056371450000),
double3(0.138125060000,0.376092250000,0.459685550000),
double3(0.158994360000,0.339533900000,0.439476050000),
double3(0.159788670000,0.343878500000,0.386930735000),
double3(0.136363600000,0.372351600000,0.012026190000),
double3(0.131038950000,0.046003075000,0.191228600000),
double3(0.220770330000,0.098480575000,0.191543625000),
double3(0.254891550000,0.103613540000,0.233098300000),
double3(0.302183750000,0.080084265000,0.237146000000),
double3(0.315808500000,0.052111880000,0.199410810000),
double3(0.282003200000,0.046829415000,0.158096165000),
double3(0.234722615000,0.070085310000,0.153943300000),
double3(0.081097320000,0.119337900000,0.153523600000),
double3(0.065895380000,0.108089185000,0.104824280000),
double3(0.020035230000,0.126429575000,0.080865590000),
double3(0.488991050000,0.155577390000,0.105552480000),
double3(0.004018395000,0.167310400000,0.153950185000),
double3(0.050156875000,0.149277970000,0.177959770000),
double3(0.152931465000,0.268353520000,0.185109435000),
double3(0.142867550000,0.452651850000,0.214094265000),
double3(0.135293125000,0.003260640000,0.202452915000),
double3(0.161150170000,0.217411875000,0.186589100000),
double3(0.128616480000,0.097366380000,0.178665935000),
double3(0.170266985000,0.122698845000,0.186344610000),
double3(0.166421815000,0.174372775000,0.186381235000),
double3(0.376505700000,0.326201200000,0.168815925000),
double3(0.421018480000,0.391089700000,0.233730950000),
double3(0.345429650000,0.354904700000,0.195588020000),
double3(0.452035800000,0.363831350000,0.205401690000),
double3(0.368286150000,0.386494500000,0.227842985000),
double3(0.429170430000,0.331534265000,0.173808000000),
double3(0.290435550000,0.351494900000,0.192177520000),
double3(0.006990075000,0.368481875000,0.207704900000),
double3(0.355509100000,0.288838685000,0.137208225000),
double3(0.377851750000,0.241657100000,0.142084585000),
double3(0.358046550000,0.206046850000,0.113311100000),
double3(0.315606000000,0.216943725000,0.079578650000),
double3(0.293157700000,0.263596850000,0.074253300000),
double3(0.313195000000,0.299489950000,0.102443085000),
double3(0.442180365000,0.424615600000,0.269771130000),
double3(0.418985000000,0.470736600000,0.271695950000),
double3(0.438588300000,0.002394555000,0.305310280000),
double3(0.481542400000,0.488506080000,0.337347865000),
double3(0.004847410000,0.442878000000,0.335915925000),
double3(0.484736085000,0.410641600000,0.303266150000),
double3(0.050544140000,0.372105150000,0.210117150000),
double3(0.246825115000,0.348718015000,0.189027025000),
double3(0.192620115000,0.349892100000,0.267278520000),
double3(0.109128625000,0.367614450000,0.267046900000),
double3(0.185893250000,0.352506220000,0.131844580000),
double3(0.102401755000,0.370228550000,0.131612950000),
double3(0.193002760000,0.295473220000,0.188609600000),
double3(0.102723950000,0.425615250000,0.211571440000),
double3(0.105464010000,0.284653635000,0.178315650000),
double3(0.190262700000,0.436434850000,0.221865385000),
double3(0.202894015000,0.347264380000,0.705336840000),
double3(0.091772915000,0.372240720000,0.693029570000),
double3(0.174193935000,0.306676565000,0.961763100000),
double3(0.123838300000,0.409146950000,0.937397480000),
double3(0.453467965000,0.169186830000,0.586668835000),
double3(0.479952500000,0.190145970000,0.672939000000),
double3(0.061604610000,0.158074170000,0.715502830000),
double3(0.244770100000,0.125330350000,0.762386700000),
double3(0.328166100000,0.083822325000,0.769498350000),
double3(0.352575420000,0.034735890000,0.701474265000),
double3(0.292556500000,0.024874600000,0.629202150000),
double3(0.208949460000,0.066103110000,0.621338470000),
double3(0.089465260000,0.084864830000,0.585616140000),
double3(0.008429685000,0.117915185000,0.543295875000),
double3(0.452736465000,0.310148300000,0.652717300000),
double3(0.344616115000,0.407031030000,0.749617785000),
double3(0.410205930000,0.232139450000,0.668702885000),
double3(0.375494200000,0.169892550000,0.617371450000),
double3(0.300124600000,0.189251990000,0.557571855000),
double3(0.260135920000,0.272001030000,0.548295030000),
double3(0.295364800000,0.335388100000,0.597121350000),
double3(0.386264680000,0.482736350000,0.746449950000),
double3(0.420719415000,0.037912965000,0.806152000000),
double3(0.496949800000,0.013210355000,0.863034130000),
double3(0.038580000000,0.432419200000,0.860119820000),
double3(0.002368035000,0.374751030000,0.804529100000),
double3(0.153199450000,0.357364800000,0.790051875000),
double3(0.141825110000,0.362372000000,0.608878015000),
double3(0.157743825000,0.350097625000,0.842547050000),
double3(0.137466350000,0.367705900000,0.556371450000),
double3(0.138125060000,0.376092250000,0.959685550000),
double3(0.158994360000,0.339533900000,0.939476050000),
double3(0.159788670000,0.343878500000,0.886930735000),
double3(0.136363600000,0.372351600000,0.512026190000),
double3(0.131038950000,0.046003075000,0.691228600000),
double3(0.220770330000,0.098480575000,0.691543625000),
double3(0.254891550000,0.103613540000,0.733098300000),
double3(0.302183750000,0.080084265000,0.737146000000),
double3(0.315808500000,0.052111880000,0.699410810000),
double3(0.282003200000,0.046829415000,0.658096165000),
double3(0.234722615000,0.070085310000,0.653943300000),
double3(0.081097320000,0.119337900000,0.653523600000),
double3(0.065895380000,0.108089185000,0.604824280000),
double3(0.020035230000,0.126429575000,0.580865590000),
double3(0.488991050000,0.155577390000,0.605552480000),
double3(0.004018395000,0.167310400000,0.653950185000),
double3(0.050156875000,0.149277970000,0.677959770000),
double3(0.152931465000,0.268353520000,0.685109435000),
double3(0.142867550000,0.452651850000,0.714094265000),
double3(0.135293125000,0.003260640000,0.702452915000),
double3(0.161150170000,0.217411875000,0.686589100000),
double3(0.128616480000,0.097366380000,0.678665935000),
double3(0.170266985000,0.122698845000,0.686344610000),
double3(0.166421815000,0.174372775000,0.686381235000),
double3(0.376505700000,0.326201200000,0.668815925000),
double3(0.421018480000,0.391089700000,0.733730950000),
double3(0.345429650000,0.354904700000,0.695588020000),
double3(0.452035800000,0.363831350000,0.705401690000),
double3(0.368286150000,0.386494500000,0.727842985000),
double3(0.429170430000,0.331534265000,0.673808000000),
double3(0.290435550000,0.351494900000,0.692177520000),
double3(0.006990075000,0.368481875000,0.707704900000),
double3(0.355509100000,0.288838685000,0.637208225000),
double3(0.377851750000,0.241657100000,0.642084585000),
double3(0.358046550000,0.206046850000,0.613311100000),
double3(0.315606000000,0.216943725000,0.579578650000),
double3(0.293157700000,0.263596850000,0.574253300000),
double3(0.313195000000,0.299489950000,0.602443085000),
double3(0.442180365000,0.424615600000,0.769771130000),
double3(0.418985000000,0.470736600000,0.771695950000),
double3(0.438588300000,0.002394555000,0.805310280000),
double3(0.481542400000,0.488506080000,0.837347865000),
double3(0.004847410000,0.442878000000,0.835915925000),
double3(0.484736085000,0.410641600000,0.803266150000),
double3(0.050544140000,0.372105150000,0.710117150000),
double3(0.246825115000,0.348718015000,0.689027025000),
double3(0.192620115000,0.349892100000,0.767278520000),
double3(0.109128625000,0.367614450000,0.767046900000),
double3(0.185893250000,0.352506220000,0.631844580000),
double3(0.102401755000,0.370228550000,0.631612950000),
double3(0.193002760000,0.295473220000,0.688609600000),
double3(0.102723950000,0.425615250000,0.711571440000),
double3(0.105464010000,0.284653635000,0.678315650000),
double3(0.190262700000,0.436434850000,0.721865385000),
double3(0.202894015000,0.847264380000,0.205336840000),
double3(0.091772915000,0.872240720000,0.193029570000),
double3(0.174193935000,0.806676565000,0.461763100000),
double3(0.123838300000,0.909146950000,0.437397480000),
double3(0.453467965000,0.669186830000,0.086668835000),
double3(0.479952500000,0.690145970000,0.172939000000),
double3(0.061604610000,0.658074170000,0.215502830000),
double3(0.244770100000,0.625330350000,0.262386700000),
double3(0.328166100000,0.583822325000,0.269498350000),
double3(0.352575420000,0.534735890000,0.201474265000),
double3(0.292556500000,0.524874600000,0.129202150000),
double3(0.208949460000,0.566103110000,0.121338470000),
double3(0.089465260000,0.584864830000,0.085616140000),
double3(0.008429685000,0.617915185000,0.043295875000),
double3(0.452736465000,0.810148300000,0.152717300000),
double3(0.344616115000,0.907031030000,0.249617785000),
double3(0.410205930000,0.732139450000,0.168702885000),
double3(0.375494200000,0.669892550000,0.117371450000),
double3(0.300124600000,0.689251990000,0.057571855000),
double3(0.260135920000,0.772001030000,0.048295030000),
double3(0.295364800000,0.835388100000,0.097121350000),
double3(0.386264680000,0.982736350000,0.246449950000),
double3(0.420719415000,0.537912965000,0.306152000000),
double3(0.496949800000,0.513210355000,0.363034130000),
double3(0.038580000000,0.932419200000,0.360119820000),
double3(0.002368035000,0.874751030000,0.304529100000),
double3(0.153199450000,0.857364800000,0.290051875000),
double3(0.141825110000,0.862372000000,0.108878015000),
double3(0.157743825000,0.850097625000,0.342547050000),
double3(0.137466350000,0.867705900000,0.056371450000),
double3(0.138125060000,0.876092250000,0.459685550000),
double3(0.158994360000,0.839533900000,0.439476050000),
double3(0.159788670000,0.843878500000,0.386930735000),
double3(0.136363600000,0.872351600000,0.012026190000),
double3(0.131038950000,0.546003075000,0.191228600000),
double3(0.220770330000,0.598480575000,0.191543625000),
double3(0.254891550000,0.603613540000,0.233098300000),
double3(0.302183750000,0.580084265000,0.237146000000),
double3(0.315808500000,0.552111880000,0.199410810000),
double3(0.282003200000,0.546829415000,0.158096165000),
double3(0.234722615000,0.570085310000,0.153943300000),
double3(0.081097320000,0.619337900000,0.153523600000),
double3(0.065895380000,0.608089185000,0.104824280000),
double3(0.020035230000,0.626429575000,0.080865590000),
double3(0.488991050000,0.655577390000,0.105552480000),
double3(0.004018395000,0.667310400000,0.153950185000),
double3(0.050156875000,0.649277970000,0.177959770000),
double3(0.152931465000,0.768353520000,0.185109435000),
double3(0.142867550000,0.952651850000,0.214094265000),
double3(0.135293125000,0.503260640000,0.202452915000),
double3(0.161150170000,0.717411875000,0.186589100000),
double3(0.128616480000,0.597366380000,0.178665935000),
double3(0.170266985000,0.622698845000,0.186344610000),
double3(0.166421815000,0.674372775000,0.186381235000),
double3(0.376505700000,0.826201200000,0.168815925000),
double3(0.421018480000,0.891089700000,0.233730950000),
double3(0.345429650000,0.854904700000,0.195588020000),
double3(0.452035800000,0.863831350000,0.205401690000),
double3(0.368286150000,0.886494500000,0.227842985000),
double3(0.429170430000,0.831534265000,0.173808000000),
double3(0.290435550000,0.851494900000,0.192177520000),
double3(0.006990075000,0.868481875000,0.207704900000),
double3(0.355509100000,0.788838685000,0.137208225000),
double3(0.377851750000,0.741657100000,0.142084585000),
double3(0.358046550000,0.706046850000,0.113311100000),
double3(0.315606000000,0.716943725000,0.079578650000),
double3(0.293157700000,0.763596850000,0.074253300000),
double3(0.313195000000,0.799489950000,0.102443085000),
double3(0.442180365000,0.924615600000,0.269771130000),
double3(0.418985000000,0.970736600000,0.271695950000),
double3(0.438588300000,0.502394555000,0.305310280000),
double3(0.481542400000,0.988506080000,0.337347865000),
double3(0.004847410000,0.942878000000,0.335915925000),
double3(0.484736085000,0.910641600000,0.303266150000),
double3(0.050544140000,0.872105150000,0.210117150000),
double3(0.246825115000,0.848718015000,0.189027025000),
double3(0.192620115000,0.849892100000,0.267278520000),
double3(0.109128625000,0.867614450000,0.267046900000),
double3(0.185893250000,0.852506220000,0.131844580000),
double3(0.102401755000,0.870228550000,0.131612950000),
double3(0.193002760000,0.795473220000,0.188609600000),
double3(0.102723950000,0.925615250000,0.211571440000),
double3(0.105464010000,0.784653635000,0.178315650000),
double3(0.190262700000,0.936434850000,0.221865385000),
double3(0.202894015000,0.847264380000,0.705336840000),
double3(0.091772915000,0.872240720000,0.693029570000),
double3(0.174193935000,0.806676565000,0.961763100000),
double3(0.123838300000,0.909146950000,0.937397480000),
double3(0.453467965000,0.669186830000,0.586668835000),
double3(0.479952500000,0.690145970000,0.672939000000),
double3(0.061604610000,0.658074170000,0.715502830000),
double3(0.244770100000,0.625330350000,0.762386700000),
double3(0.328166100000,0.583822325000,0.769498350000),
double3(0.352575420000,0.534735890000,0.701474265000),
double3(0.292556500000,0.524874600000,0.629202150000),
double3(0.208949460000,0.566103110000,0.621338470000),
double3(0.089465260000,0.584864830000,0.585616140000),
double3(0.008429685000,0.617915185000,0.543295875000),
double3(0.452736465000,0.810148300000,0.652717300000),
double3(0.344616115000,0.907031030000,0.749617785000),
double3(0.410205930000,0.732139450000,0.668702885000),
double3(0.375494200000,0.669892550000,0.617371450000),
double3(0.300124600000,0.689251990000,0.557571855000),
double3(0.260135920000,0.772001030000,0.548295030000),
double3(0.295364800000,0.835388100000,0.597121350000),
double3(0.386264680000,0.982736350000,0.746449950000),
double3(0.420719415000,0.537912965000,0.806152000000),
double3(0.496949800000,0.513210355000,0.863034130000),
double3(0.038580000000,0.932419200000,0.860119820000),
double3(0.002368035000,0.874751030000,0.804529100000),
double3(0.153199450000,0.857364800000,0.790051875000),
double3(0.141825110000,0.862372000000,0.608878015000),
double3(0.157743825000,0.850097625000,0.842547050000),
double3(0.137466350000,0.867705900000,0.556371450000),
double3(0.138125060000,0.876092250000,0.959685550000),
double3(0.158994360000,0.839533900000,0.939476050000),
double3(0.159788670000,0.843878500000,0.886930735000),
double3(0.136363600000,0.872351600000,0.512026190000),
double3(0.131038950000,0.546003075000,0.691228600000),
double3(0.220770330000,0.598480575000,0.691543625000),
double3(0.254891550000,0.603613540000,0.733098300000),
double3(0.302183750000,0.580084265000,0.737146000000),
double3(0.315808500000,0.552111880000,0.699410810000),
double3(0.282003200000,0.546829415000,0.658096165000),
double3(0.234722615000,0.570085310000,0.653943300000),
double3(0.081097320000,0.619337900000,0.653523600000),
double3(0.065895380000,0.608089185000,0.604824280000),
double3(0.020035230000,0.626429575000,0.580865590000),
double3(0.488991050000,0.655577390000,0.605552480000),
double3(0.004018395000,0.667310400000,0.653950185000),
double3(0.050156875000,0.649277970000,0.677959770000),
double3(0.152931465000,0.768353520000,0.685109435000),
double3(0.142867550000,0.952651850000,0.714094265000),
double3(0.135293125000,0.503260640000,0.702452915000),
double3(0.161150170000,0.717411875000,0.686589100000),
double3(0.128616480000,0.597366380000,0.678665935000),
double3(0.170266985000,0.622698845000,0.686344610000),
double3(0.166421815000,0.674372775000,0.686381235000),
double3(0.376505700000,0.826201200000,0.668815925000),
double3(0.421018480000,0.891089700000,0.733730950000),
double3(0.345429650000,0.854904700000,0.695588020000),
double3(0.452035800000,0.863831350000,0.705401690000),
double3(0.368286150000,0.886494500000,0.727842985000),
double3(0.429170430000,0.831534265000,0.673808000000),
double3(0.290435550000,0.851494900000,0.692177520000),
double3(0.006990075000,0.868481875000,0.707704900000),
double3(0.355509100000,0.788838685000,0.637208225000),
double3(0.377851750000,0.741657100000,0.642084585000),
double3(0.358046550000,0.706046850000,0.613311100000),
double3(0.315606000000,0.716943725000,0.579578650000),
double3(0.293157700000,0.763596850000,0.574253300000),
double3(0.313195000000,0.799489950000,0.602443085000),
double3(0.442180365000,0.924615600000,0.769771130000),
double3(0.418985000000,0.970736600000,0.771695950000),
double3(0.438588300000,0.502394555000,0.805310280000),
double3(0.481542400000,0.988506080000,0.837347865000),
double3(0.004847410000,0.942878000000,0.835915925000),
double3(0.484736085000,0.910641600000,0.803266150000),
double3(0.050544140000,0.872105150000,0.710117150000),
double3(0.246825115000,0.848718015000,0.689027025000),
double3(0.192620115000,0.849892100000,0.767278520000),
double3(0.109128625000,0.867614450000,0.767046900000),
double3(0.185893250000,0.852506220000,0.631844580000),
double3(0.102401755000,0.870228550000,0.631612950000),
double3(0.193002760000,0.795473220000,0.688609600000),
double3(0.102723950000,0.925615250000,0.711571440000),
double3(0.105464010000,0.784653635000,0.678315650000),
double3(0.190262700000,0.936434850000,0.721865385000),
double3(0.702894015000,0.347264380000,0.205336840000),
double3(0.591772915000,0.372240720000,0.193029570000),
double3(0.674193935000,0.306676565000,0.461763100000),
double3(0.623838300000,0.409146950000,0.437397480000),
double3(0.953467965000,0.169186830000,0.086668835000),
double3(0.979952500000,0.190145970000,0.172939000000),
double3(0.561604610000,0.158074170000,0.215502830000),
double3(0.744770100000,0.125330350000,0.262386700000),
double3(0.828166100000,0.083822325000,0.269498350000),
double3(0.852575420000,0.034735890000,0.201474265000),
double3(0.792556500000,0.024874600000,0.129202150000),
double3(0.708949460000,0.066103110000,0.121338470000),
double3(0.589465260000,0.084864830000,0.085616140000),
double3(0.508429685000,0.117915185000,0.043295875000),
double3(0.952736465000,0.310148300000,0.152717300000),
double3(0.844616115000,0.407031030000,0.249617785000),
double3(0.910205930000,0.232139450000,0.168702885000),
double3(0.875494200000,0.169892550000,0.117371450000),
double3(0.800124600000,0.189251990000,0.057571855000),
double3(0.760135920000,0.272001030000,0.048295030000),
double3(0.795364800000,0.335388100000,0.097121350000),
double3(0.886264680000,0.482736350000,0.246449950000),
double3(0.920719415000,0.037912965000,0.306152000000),
double3(0.996949800000,0.013210355000,0.363034130000),
double3(0.538580000000,0.432419200000,0.360119820000),
double3(0.502368035000,0.374751030000,0.304529100000),
double3(0.653199450000,0.357364800000,0.290051875000),
double3(0.641825110000,0.362372000000,0.108878015000),
double3(0.657743825000,0.350097625000,0.342547050000),
double3(0.637466350000,0.367705900000,0.056371450000),
double3(0.638125060000,0.376092250000,0.459685550000),
double3(0.658994360000,0.339533900000,0.439476050000),
double3(0.659788670000,0.343878500000,0.386930735000),
double3(0.636363600000,0.372351600000,0.012026190000),
double3(0.631038950000,0.046003075000,0.191228600000),
double3(0.720770330000,0.098480575000,0.191543625000),
double3(0.754891550000,0.103613540000,0.233098300000),
double3(0.802183750000,0.080084265000,0.237146000000),
double3(0.815808500000,0.052111880000,0.199410810000),
double3(0.782003200000,0.046829415000,0.158096165000),
double3(0.734722615000,0.070085310000,0.153943300000),
double3(0.581097320000,0.119337900000,0.153523600000),
double3(0.565895380000,0.108089185000,0.104824280000),
double3(0.520035230000,0.126429575000,0.080865590000),
double3(0.988991050000,0.155577390000,0.105552480000),
double3(0.504018395000,0.167310400000,0.153950185000),
double3(0.550156875000,0.149277970000,0.177959770000),
double3(0.652931465000,0.268353520000,0.185109435000),
double3(0.642867550000,0.452651850000,0.214094265000),
double3(0.635293125000,0.003260640000,0.202452915000),
double3(0.661150170000,0.217411875000,0.186589100000),
double3(0.628616480000,0.097366380000,0.178665935000),
double3(0.670266985000,0.122698845000,0.186344610000),
double3(0.666421815000,0.174372775000,0.186381235000),
double3(0.876505700000,0.326201200000,0.168815925000),
double3(0.921018480000,0.391089700000,0.233730950000),
double3(0.845429650000,0.354904700000,0.195588020000),
double3(0.952035800000,0.363831350000,0.205401690000),
double3(0.868286150000,0.386494500000,0.227842985000),
double3(0.929170430000,0.331534265000,0.173808000000),
double3(0.790435550000,0.351494900000,0.192177520000),
double3(0.506990075000,0.368481875000,0.207704900000),
double3(0.855509100000,0.288838685000,0.137208225000),
double3(0.877851750000,0.241657100000,0.142084585000),
double3(0.858046550000,0.206046850000,0.113311100000),
double3(0.815606000000,0.216943725000,0.079578650000),
double3(0.793157700000,0.263596850000,0.074253300000),
double3(0.813195000000,0.299489950000,0.102443085000),
double3(0.942180365000,0.424615600000,0.269771130000),
double3(0.918985000000,0.470736600000,0.271695950000),
double3(0.938588300000,0.002394555000,0.305310280000),
double3(0.981542400000,0.488506080000,0.337347865000),
double3(0.504847410000,0.442878000000,0.335915925000),
double3(0.984736085000,0.410641600000,0.303266150000),
double3(0.550544140000,0.372105150000,0.210117150000),
double3(0.746825115000,0.348718015000,0.189027025000),
double3(0.692620115000,0.349892100000,0.267278520000),
double3(0.609128625000,0.367614450000,0.267046900000),
double3(0.685893250000,0.352506220000,0.131844580000),
double3(0.602401755000,0.370228550000,0.131612950000),
double3(0.693002760000,0.295473220000,0.188609600000),
double3(0.602723950000,0.425615250000,0.211571440000),
double3(0.605464010000,0.284653635000,0.178315650000),
double3(0.690262700000,0.436434850000,0.221865385000),
double3(0.702894015000,0.347264380000,0.705336840000),
double3(0.591772915000,0.372240720000,0.693029570000),
double3(0.674193935000,0.306676565000,0.961763100000),
double3(0.623838300000,0.409146950000,0.937397480000),
double3(0.953467965000,0.169186830000,0.586668835000),
double3(0.979952500000,0.190145970000,0.672939000000),
double3(0.561604610000,0.158074170000,0.715502830000),
double3(0.744770100000,0.125330350000,0.762386700000),
double3(0.828166100000,0.083822325000,0.769498350000),
double3(0.852575420000,0.034735890000,0.701474265000),
double3(0.792556500000,0.024874600000,0.629202150000),
double3(0.708949460000,0.066103110000,0.621338470000),
double3(0.589465260000,0.084864830000,0.585616140000),
double3(0.508429685000,0.117915185000,0.543295875000),
double3(0.952736465000,0.310148300000,0.652717300000),
double3(0.844616115000,0.407031030000,0.749617785000),
double3(0.910205930000,0.232139450000,0.668702885000),
double3(0.875494200000,0.169892550000,0.617371450000),
double3(0.800124600000,0.189251990000,0.557571855000),
double3(0.760135920000,0.272001030000,0.548295030000),
double3(0.795364800000,0.335388100000,0.597121350000),
double3(0.886264680000,0.482736350000,0.746449950000),
double3(0.920719415000,0.037912965000,0.806152000000),
double3(0.996949800000,0.013210355000,0.863034130000),
double3(0.538580000000,0.432419200000,0.860119820000),
double3(0.502368035000,0.374751030000,0.804529100000),
double3(0.653199450000,0.357364800000,0.790051875000),
double3(0.641825110000,0.362372000000,0.608878015000),
double3(0.657743825000,0.350097625000,0.842547050000),
double3(0.637466350000,0.367705900000,0.556371450000),
double3(0.638125060000,0.376092250000,0.959685550000),
double3(0.658994360000,0.339533900000,0.939476050000),
double3(0.659788670000,0.343878500000,0.886930735000),
double3(0.636363600000,0.372351600000,0.512026190000),
double3(0.631038950000,0.046003075000,0.691228600000),
double3(0.720770330000,0.098480575000,0.691543625000),
double3(0.754891550000,0.103613540000,0.733098300000),
double3(0.802183750000,0.080084265000,0.737146000000),
double3(0.815808500000,0.052111880000,0.699410810000),
double3(0.782003200000,0.046829415000,0.658096165000),
double3(0.734722615000,0.070085310000,0.653943300000),
double3(0.581097320000,0.119337900000,0.653523600000),
double3(0.565895380000,0.108089185000,0.604824280000),
double3(0.520035230000,0.126429575000,0.580865590000),
double3(0.988991050000,0.155577390000,0.605552480000),
double3(0.504018395000,0.167310400000,0.653950185000),
double3(0.550156875000,0.149277970000,0.677959770000),
double3(0.652931465000,0.268353520000,0.685109435000),
double3(0.642867550000,0.452651850000,0.714094265000),
double3(0.635293125000,0.003260640000,0.702452915000),
double3(0.661150170000,0.217411875000,0.686589100000),
double3(0.628616480000,0.097366380000,0.678665935000),
double3(0.670266985000,0.122698845000,0.686344610000),
double3(0.666421815000,0.174372775000,0.686381235000),
double3(0.876505700000,0.326201200000,0.668815925000),
double3(0.921018480000,0.391089700000,0.733730950000),
double3(0.845429650000,0.354904700000,0.695588020000),
double3(0.952035800000,0.363831350000,0.705401690000),
double3(0.868286150000,0.386494500000,0.727842985000),
double3(0.929170430000,0.331534265000,0.673808000000),
double3(0.790435550000,0.351494900000,0.692177520000),
double3(0.506990075000,0.368481875000,0.707704900000),
double3(0.855509100000,0.288838685000,0.637208225000),
double3(0.877851750000,0.241657100000,0.642084585000),
double3(0.858046550000,0.206046850000,0.613311100000),
double3(0.815606000000,0.216943725000,0.579578650000),
double3(0.793157700000,0.263596850000,0.574253300000),
double3(0.813195000000,0.299489950000,0.602443085000),
double3(0.942180365000,0.424615600000,0.769771130000),
double3(0.918985000000,0.470736600000,0.771695950000),
double3(0.938588300000,0.002394555000,0.805310280000),
double3(0.981542400000,0.488506080000,0.837347865000),
double3(0.504847410000,0.442878000000,0.835915925000),
double3(0.984736085000,0.410641600000,0.803266150000),
double3(0.550544140000,0.372105150000,0.710117150000),
double3(0.746825115000,0.348718015000,0.689027025000),
double3(0.692620115000,0.349892100000,0.767278520000),
double3(0.609128625000,0.367614450000,0.767046900000),
double3(0.685893250000,0.352506220000,0.631844580000),
double3(0.602401755000,0.370228550000,0.631612950000),
double3(0.693002760000,0.295473220000,0.688609600000),
double3(0.602723950000,0.425615250000,0.711571440000),
double3(0.605464010000,0.284653635000,0.678315650000),
double3(0.690262700000,0.436434850000,0.721865385000),
double3(0.702894015000,0.847264380000,0.205336840000),
double3(0.591772915000,0.872240720000,0.193029570000),
double3(0.674193935000,0.806676565000,0.461763100000),
double3(0.623838300000,0.909146950000,0.437397480000),
double3(0.953467965000,0.669186830000,0.086668835000),
double3(0.979952500000,0.690145970000,0.172939000000),
double3(0.561604610000,0.658074170000,0.215502830000),
double3(0.744770100000,0.625330350000,0.262386700000),
double3(0.828166100000,0.583822325000,0.269498350000),
double3(0.852575420000,0.534735890000,0.201474265000),
double3(0.792556500000,0.524874600000,0.129202150000),
double3(0.708949460000,0.566103110000,0.121338470000),
double3(0.589465260000,0.584864830000,0.085616140000),
double3(0.508429685000,0.617915185000,0.043295875000),
double3(0.952736465000,0.810148300000,0.152717300000),
double3(0.844616115000,0.907031030000,0.249617785000),
double3(0.910205930000,0.732139450000,0.168702885000),
double3(0.875494200000,0.669892550000,0.117371450000),
double3(0.800124600000,0.689251990000,0.057571855000),
double3(0.760135920000,0.772001030000,0.048295030000),
double3(0.795364800000,0.835388100000,0.097121350000),
double3(0.886264680000,0.982736350000,0.246449950000),
double3(0.920719415000,0.537912965000,0.306152000000),
double3(0.996949800000,0.513210355000,0.363034130000),
double3(0.538580000000,0.932419200000,0.360119820000),
double3(0.502368035000,0.874751030000,0.304529100000),
double3(0.653199450000,0.857364800000,0.290051875000),
double3(0.641825110000,0.862372000000,0.108878015000),
double3(0.657743825000,0.850097625000,0.342547050000),
double3(0.637466350000,0.867705900000,0.056371450000),
double3(0.638125060000,0.876092250000,0.459685550000),
double3(0.658994360000,0.839533900000,0.439476050000),
double3(0.659788670000,0.843878500000,0.386930735000),
double3(0.636363600000,0.872351600000,0.012026190000),
double3(0.631038950000,0.546003075000,0.191228600000),
double3(0.720770330000,0.598480575000,0.191543625000),
double3(0.754891550000,0.603613540000,0.233098300000),
double3(0.802183750000,0.580084265000,0.237146000000),
double3(0.815808500000,0.552111880000,0.199410810000),
double3(0.782003200000,0.546829415000,0.158096165000),
double3(0.734722615000,0.570085310000,0.153943300000),
double3(0.581097320000,0.619337900000,0.153523600000),
double3(0.565895380000,0.608089185000,0.104824280000),
double3(0.520035230000,0.626429575000,0.080865590000),
double3(0.988991050000,0.655577390000,0.105552480000),
double3(0.504018395000,0.667310400000,0.153950185000),
double3(0.550156875000,0.649277970000,0.177959770000),
double3(0.652931465000,0.768353520000,0.185109435000),
double3(0.642867550000,0.952651850000,0.214094265000),
double3(0.635293125000,0.503260640000,0.202452915000),
double3(0.661150170000,0.717411875000,0.186589100000),
double3(0.628616480000,0.597366380000,0.178665935000),
double3(0.670266985000,0.622698845000,0.186344610000),
double3(0.666421815000,0.674372775000,0.186381235000),
double3(0.876505700000,0.826201200000,0.168815925000),
double3(0.921018480000,0.891089700000,0.233730950000),
double3(0.845429650000,0.854904700000,0.195588020000),
double3(0.952035800000,0.863831350000,0.205401690000),
double3(0.868286150000,0.886494500000,0.227842985000),
double3(0.929170430000,0.831534265000,0.173808000000),
double3(0.790435550000,0.851494900000,0.192177520000),
double3(0.506990075000,0.868481875000,0.207704900000),
double3(0.855509100000,0.788838685000,0.137208225000),
double3(0.877851750000,0.741657100000,0.142084585000),
double3(0.858046550000,0.706046850000,0.113311100000),
double3(0.815606000000,0.716943725000,0.079578650000),
double3(0.793157700000,0.763596850000,0.074253300000),
double3(0.813195000000,0.799489950000,0.102443085000),
double3(0.942180365000,0.924615600000,0.269771130000),
double3(0.918985000000,0.970736600000,0.271695950000),
double3(0.938588300000,0.502394555000,0.305310280000),
double3(0.981542400000,0.988506080000,0.337347865000),
double3(0.504847410000,0.942878000000,0.335915925000),
double3(0.984736085000,0.910641600000,0.303266150000),
double3(0.550544140000,0.872105150000,0.210117150000),
double3(0.746825115000,0.848718015000,0.189027025000),
double3(0.692620115000,0.849892100000,0.267278520000),
double3(0.609128625000,0.867614450000,0.267046900000),
double3(0.685893250000,0.852506220000,0.131844580000),
double3(0.602401755000,0.870228550000,0.131612950000),
double3(0.693002760000,0.795473220000,0.188609600000),
double3(0.602723950000,0.925615250000,0.211571440000),
double3(0.605464010000,0.784653635000,0.178315650000),
double3(0.690262700000,0.936434850000,0.221865385000),
double3(0.702894015000,0.847264380000,0.705336840000),
double3(0.591772915000,0.872240720000,0.693029570000),
double3(0.674193935000,0.806676565000,0.961763100000),
double3(0.623838300000,0.909146950000,0.937397480000),
double3(0.953467965000,0.669186830000,0.586668835000),
double3(0.979952500000,0.690145970000,0.672939000000),
double3(0.561604610000,0.658074170000,0.715502830000),
double3(0.744770100000,0.625330350000,0.762386700000),
double3(0.828166100000,0.583822325000,0.769498350000),
double3(0.852575420000,0.534735890000,0.701474265000),
double3(0.792556500000,0.524874600000,0.629202150000),
double3(0.708949460000,0.566103110000,0.621338470000),
double3(0.589465260000,0.584864830000,0.585616140000),
double3(0.508429685000,0.617915185000,0.543295875000),
double3(0.952736465000,0.810148300000,0.652717300000),
double3(0.844616115000,0.907031030000,0.749617785000),
double3(0.910205930000,0.732139450000,0.668702885000),
double3(0.875494200000,0.669892550000,0.617371450000),
double3(0.800124600000,0.689251990000,0.557571855000),
double3(0.760135920000,0.772001030000,0.548295030000),
double3(0.795364800000,0.835388100000,0.597121350000),
double3(0.886264680000,0.982736350000,0.746449950000),
double3(0.920719415000,0.537912965000,0.806152000000),
double3(0.996949800000,0.513210355000,0.863034130000),
double3(0.538580000000,0.932419200000,0.860119820000),
double3(0.502368035000,0.874751030000,0.804529100000),
double3(0.653199450000,0.857364800000,0.790051875000),
double3(0.641825110000,0.862372000000,0.608878015000),
double3(0.657743825000,0.850097625000,0.842547050000),
double3(0.637466350000,0.867705900000,0.556371450000),
double3(0.638125060000,0.876092250000,0.959685550000),
double3(0.658994360000,0.839533900000,0.939476050000),
double3(0.659788670000,0.843878500000,0.886930735000),
double3(0.636363600000,0.872351600000,0.512026190000),
double3(0.631038950000,0.546003075000,0.691228600000),
double3(0.720770330000,0.598480575000,0.691543625000),
double3(0.754891550000,0.603613540000,0.733098300000),
double3(0.802183750000,0.580084265000,0.737146000000),
double3(0.815808500000,0.552111880000,0.699410810000),
double3(0.782003200000,0.546829415000,0.658096165000),
double3(0.734722615000,0.570085310000,0.653943300000),
double3(0.581097320000,0.619337900000,0.653523600000),
double3(0.565895380000,0.608089185000,0.604824280000),
double3(0.520035230000,0.626429575000,0.580865590000),
double3(0.988991050000,0.655577390000,0.605552480000),
double3(0.504018395000,0.667310400000,0.653950185000),
double3(0.550156875000,0.649277970000,0.677959770000),
double3(0.652931465000,0.768353520000,0.685109435000),
double3(0.642867550000,0.952651850000,0.714094265000),
double3(0.635293125000,0.503260640000,0.702452915000),
double3(0.661150170000,0.717411875000,0.686589100000),
double3(0.628616480000,0.597366380000,0.678665935000),
double3(0.670266985000,0.622698845000,0.686344610000),
double3(0.666421815000,0.674372775000,0.686381235000),
double3(0.876505700000,0.826201200000,0.668815925000),
double3(0.921018480000,0.891089700000,0.733730950000),
double3(0.845429650000,0.854904700000,0.695588020000),
double3(0.952035800000,0.863831350000,0.705401690000),
double3(0.868286150000,0.886494500000,0.727842985000),
double3(0.929170430000,0.831534265000,0.673808000000),
double3(0.790435550000,0.851494900000,0.692177520000),
double3(0.506990075000,0.868481875000,0.707704900000),
double3(0.855509100000,0.788838685000,0.637208225000),
double3(0.877851750000,0.741657100000,0.642084585000),
double3(0.858046550000,0.706046850000,0.613311100000),
double3(0.815606000000,0.716943725000,0.579578650000),
double3(0.793157700000,0.763596850000,0.574253300000),
double3(0.813195000000,0.799489950000,0.602443085000),
double3(0.942180365000,0.924615600000,0.769771130000),
double3(0.918985000000,0.970736600000,0.771695950000),
double3(0.938588300000,0.502394555000,0.805310280000),
double3(0.981542400000,0.988506080000,0.837347865000),
double3(0.504847410000,0.942878000000,0.835915925000),
double3(0.984736085000,0.910641600000,0.803266150000),
double3(0.550544140000,0.872105150000,0.710117150000),
double3(0.746825115000,0.848718015000,0.689027025000),
double3(0.692620115000,0.849892100000,0.767278520000),
double3(0.609128625000,0.867614450000,0.767046900000),
double3(0.685893250000,0.852506220000,0.631844580000),
double3(0.602401755000,0.870228550000,0.631612950000),
double3(0.693002760000,0.795473220000,0.688609600000),
double3(0.602723950000,0.925615250000,0.711571440000),
double3(0.605464010000,0.784653635000,0.678315650000),
double3(0.690262700000,0.936434850000,0.721865385000),
