[double3(17.320210000000,0.000000000000,0.000000000000),double3(6.502923492003,16.831252638269,0.000000000000),double3(7.815080073199,2.182539050269,16.381028435469)]

double3(0.310115633333,0.018017130000,0.481530665000),
double3(0.328960166667,0.037254795000,0.402775850000),
double3(0.277592500000,0.401859580000,0.481770785000),
double3(0.325601576667,0.410797835000,0.350928130000),
double3(0.007607896667,0.277283150000,0.485804050000),
double3(0.013748766667,0.273889275000,0.398995580000),
double3(0.017095486667,0.339371235000,0.357488500000),
double3(0.321663100000,0.217823280000,0.027023255000),
double3(0.044363933333,0.148388350000,0.403937520000),
double3(0.046981573333,0.214407500000,0.400489300000),
double3(0.301870000000,0.330710500000,0.487967500000),
double3(0.321879066667,0.148761250000,0.031897725000),
double3(0.250693600000,0.486881500000,0.446679200000),
double3(0.245807600000,0.045127245000,0.329021100000),
double3(0.157934843333,0.008224490000,0.481278570000),
double3(0.161904866667,0.491164650000,0.400357425000),
double3(0.199727233333,0.027754780000,0.348424250000),
double3(0.111915560000,0.491365150000,0.035456540000),
double3(0.117508400000,0.037656605000,0.411244780000),
double3(0.206091766667,0.468368230000,0.464847700000),
double3(0.064836293333,0.048392085000,0.432119700000),
double3(0.058468416667,0.003164850000,0.056960760000),
double3(0.314313946667,0.098455705000,0.097283660000),
double3(0.323877216667,0.458568100000,0.289110420000),
double3(0.321987433333,0.472427850000,0.115177670000),
double3(0.316203713333,0.084595980000,0.271216420000),
double3(0.321597853333,0.479980250000,0.046341340000),
double3(0.316591880000,0.077041750000,0.340054700000),
double3(0.017714380000,0.473292530000,0.151161490000),
double3(0.287143400000,0.083731325000,0.235232575000),
double3(0.018845360000,0.468133865000,0.218391390000),
double3(0.286012500000,0.088889965000,0.168002650000),
double3(0.286716580000,0.454849400000,0.412458180000),
double3(0.019993623333,0.100748860000,0.471334700000),
double3(0.299710900000,0.411679835000,0.415933430000),
double3(0.016638993333,0.143194110000,0.468263715000),
double3(0.293466233333,0.388623685000,0.454427100000),
double3(0.032522083333,0.162623615000,0.431316880000),
double3(0.307876133333,0.348035125000,0.458060980000),
double3(0.033822296667,0.200648040000,0.429250550000),
double3(0.328900276667,0.330233100000,0.423186570000),
double3(0.017353256667,0.221174400000,0.463412880000),
double3(0.001375953333,0.353027200000,0.384697400000),
double3(0.001375120000,0.202093540000,0.000515520000),
double3(0.320275743333,0.393608035000,0.381022800000),
double3(0.001026910000,0.163135870000,0.002990840000),
double3(0.009159643333,0.287175715000,0.425316950000),
double3(0.012684106667,0.264180300000,0.459138250000),
double3(0.278658233333,0.027226665000,0.376212050000),
double3(0.026902686667,0.029227885000,0.007434070000),
double3(0.250790433333,0.018902340000,0.387141450000),
double3(0.057919516667,0.025905870000,0.495927600000),
double3(0.239658066667,0.496507675000,0.425064475000),
double3(0.074821150000,0.035827550000,0.454978250000),
double3(0.214383200000,0.485521170000,0.435324965000),
double3(0.105008766667,0.029067360000,0.442935020000),
double3(0.199400633333,0.497805950000,0.408275400000),
double3(0.118629833333,0.011767275000,0.471692150000),
double3(0.211201946667,0.018284780000,0.369524300000),
double3(0.101612210000,0.003767280000,0.012925625000),
double3(0.236977200000,0.028831140000,0.358875750000),
double3(0.071266000000,0.010688125000,0.025089800000),
double3(0.169410600000,0.494912325000,0.422332850000),
double3(0.150383293333,0.003971805000,0.459579600000),
double3(0.315303543333,0.075106330000,0.048087130000),
double3(0.322886166667,0.481915650000,0.338308930000),
double3(0.315579200000,0.072077670000,0.087029425000),
double3(0.322611966667,0.484946130000,0.299364625000),
double3(0.318074333333,0.035017265000,0.112178000000),
double3(0.320116833333,0.022006555000,0.274216050000),
double3(0.320344866667,0.001568225000,0.096880420000),
double3(0.317846333333,0.055455620000,0.289513620000),
double3(0.319961133333,0.005817535000,0.057766640000),
double3(0.318230033333,0.051206280000,0.328627400000),
double3(0.003412166667,0.497462125000,0.169305950000),
double3(0.301444233333,0.059559905000,0.217090010000),
double3(0.004071393333,0.494537250000,0.207990125000),
double3(0.300786500000,0.062486580000,0.178403915000),
double3(0.319743433333,0.025517965000,0.232547650000),
double3(0.318449220000,0.031507730000,0.153844400000),
double3(0.312839966667,0.113417110000,0.023014360000),
double3(0.325347880000,0.443611475000,0.363380800000),
double3(0.317458666667,0.042158980000,0.034081465000),
double3(0.320732513333,0.014864855000,0.352312550000),
double3(0.310849900000,0.144332780000,0.002979870000),
double3(0.327341300000,0.412691050000,0.383414200000),
double3(0.293542443333,0.475019350000,0.375651180000),
double3(0.011980136667,0.080566475000,0.008074880000),
double3(0.270985400000,0.471412450000,0.446325350000),
double3(0.034537196667,0.084173305000,0.437400730000),
double3(0.294445913333,0.035262125000,0.338327230000),
double3(0.010872226667,0.022246925000,0.045332430000),
double3(0.288739100000,0.020644090000,0.404558200000),
double3(0.016579026667,0.036864950000,0.479101480000),
double3(0.310115633333,0.018017130000,0.981530665000),
double3(0.328960166667,0.037254795000,0.902775850000),
double3(0.277592500000,0.401859580000,0.981770785000),
double3(0.325601576667,0.410797835000,0.850928130000),
double3(0.007607896667,0.277283150000,0.985804050000),
double3(0.013748766667,0.273889275000,0.898995580000),
double3(0.017095486667,0.339371235000,0.857488500000),
double3(0.321663100000,0.217823280000,0.527023255000),
double3(0.044363933333,0.148388350000,0.903937520000),
double3(0.046981573333,0.214407500000,0.900489300000),
double3(0.301870000000,0.330710500000,0.987967500000),
double3(0.321879066667,0.148761250000,0.531897725000),
double3(0.250693600000,0.486881500000,0.946679200000),
double3(0.245807600000,0.045127245000,0.829021100000),
double3(0.157934843333,0.008224490000,0.981278570000),
double3(0.161904866667,0.491164650000,0.900357425000),
double3(0.199727233333,0.027754780000,0.848424250000),
double3(0.111915560000,0.491365150000,0.535456540000),
double3(0.117508400000,0.037656605000,0.911244780000),
double3(0.206091766667,0.468368230000,0.964847700000),
double3(0.064836293333,0.048392085000,0.932119700000),
double3(0.058468416667,0.003164850000,0.556960760000),
double3(0.314313946667,0.098455705000,0.597283660000),
double3(0.323877216667,0.458568100000,0.789110420000),
double3(0.321987433333,0.472427850000,0.615177670000),
double3(0.316203713333,0.084595980000,0.771216420000),
double3(0.321597853333,0.479980250000,0.546341340000),
double3(0.316591880000,0.077041750000,0.840054700000),
double3(0.017714380000,0.473292530000,0.651161490000),
double3(0.287143400000,0.083731325000,0.735232575000),
double3(0.018845360000,0.468133865000,0.718391390000),
double3(0.286012500000,0.088889965000,0.668002650000),
double3(0.286716580000,0.454849400000,0.912458180000),
double3(0.019993623333,0.100748860000,0.971334700000),
double3(0.299710900000,0.411679835000,0.915933430000),
double3(0.016638993333,0.143194110000,0.968263715000),
double3(0.293466233333,0.388623685000,0.954427100000),
double3(0.032522083333,0.162623615000,0.931316880000),
double3(0.307876133333,0.348035125000,0.958060980000),
double3(0.033822296667,0.200648040000,0.929250550000),
double3(0.328900276667,0.330233100000,0.923186570000),
double3(0.017353256667,0.221174400000,0.963412880000),
double3(0.001375953333,0.353027200000,0.884697400000),
double3(0.001375120000,0.202093540000,0.500515520000),
double3(0.320275743333,0.393608035000,0.881022800000),
double3(0.001026910000,0.163135870000,0.502990840000),
double3(0.009159643333,0.287175715000,0.925316950000),
double3(0.012684106667,0.264180300000,0.959138250000),
double3(0.278658233333,0.027226665000,0.876212050000),
double3(0.026902686667,0.029227885000,0.507434070000),
double3(0.250790433333,0.018902340000,0.887141450000),
double3(0.057919516667,0.025905870000,0.995927600000),
double3(0.239658066667,0.496507675000,0.925064475000),
double3(0.074821150000,0.035827550000,0.954978250000),
double3(0.214383200000,0.485521170000,0.935324965000),
double3(0.105008766667,0.029067360000,0.942935020000),
double3(0.199400633333,0.497805950000,0.908275400000),
double3(0.118629833333,0.011767275000,0.971692150000),
double3(0.211201946667,0.018284780000,0.869524300000),
double3(0.101612210000,0.003767280000,0.512925625000),
double3(0.236977200000,0.028831140000,0.858875750000),
double3(0.071266000000,0.010688125000,0.525089800000),
double3(0.169410600000,0.494912325000,0.922332850000),
double3(0.150383293333,0.003971805000,0.959579600000),
double3(0.315303543333,0.075106330000,0.548087130000),
double3(0.322886166667,0.481915650000,0.838308930000),
double3(0.315579200000,0.072077670000,0.587029425000),
double3(0.322611966667,0.484946130000,0.799364625000),
double3(0.318074333333,0.035017265000,0.612178000000),
double3(0.320116833333,0.022006555000,0.774216050000),
double3(0.320344866667,0.001568225000,0.596880420000),
double3(0.317846333333,0.055455620000,0.789513620000),
double3(0.319961133333,0.005817535000,0.557766640000),
double3(0.318230033333,0.051206280000,0.828627400000),
double3(0.003412166667,0.497462125000,0.669305950000),
double3(0.301444233333,0.059559905000,0.717090010000),
double3(0.004071393333,0.494537250000,0.707990125000),
double3(0.300786500000,0.062486580000,0.678403915000),
double3(0.319743433333,0.025517965000,0.732547650000),
double3(0.318449220000,0.031507730000,0.653844400000),
double3(0.312839966667,0.113417110000,0.523014360000),
double3(0.325347880000,0.443611475000,0.863380800000),
double3(0.317458666667,0.042158980000,0.534081465000),
double3(0.320732513333,0.014864855000,0.852312550000),
double3(0.310849900000,0.144332780000,0.502979870000),
double3(0.327341300000,0.412691050000,0.883414200000),
double3(0.293542443333,0.475019350000,0.875651180000),
double3(0.011980136667,0.080566475000,0.508074880000),
double3(0.270985400000,0.471412450000,0.946325350000),
double3(0.034537196667,0.084173305000,0.937400730000),
double3(0.294445913333,0.035262125000,0.838327230000),
double3(0.010872226667,0.022246925000,0.545332430000),
double3(0.288739100000,0.020644090000,0.904558200000),
double3(0.016579026667,0.036864950000,0.979101480000),
double3(0.310115633333,0.518017130000,0.481530665000),
double3(0.328960166667,0.537254795000,0.402775850000),
double3(0.277592500000,0.901859580000,0.481770785000),
double3(0.325601576667,0.910797835000,0.350928130000),
double3(0.007607896667,0.777283150000,0.485804050000),
double3(0.013748766667,0.773889275000,0.398995580000),
double3(0.017095486667,0.839371235000,0.357488500000),
double3(0.321663100000,0.717823280000,0.027023255000),
double3(0.044363933333,0.648388350000,0.403937520000),
double3(0.046981573333,0.714407500000,0.400489300000),
double3(0.301870000000,0.830710500000,0.487967500000),
double3(0.321879066667,0.648761250000,0.031897725000),
double3(0.250693600000,0.986881500000,0.446679200000),
double3(0.245807600000,0.545127245000,0.329021100000),
double3(0.157934843333,0.508224490000,0.481278570000),
double3(0.161904866667,0.991164650000,0.400357425000),
double3(0.199727233333,0.527754780000,0.348424250000),
double3(0.111915560000,0.991365150000,0.035456540000),
double3(0.117508400000,0.537656605000,0.411244780000),
double3(0.206091766667,0.968368230000,0.464847700000),
double3(0.064836293333,0.548392085000,0.432119700000),
double3(0.058468416667,0.503164850000,0.056960760000),
double3(0.314313946667,0.598455705000,0.097283660000),
double3(0.323877216667,0.958568100000,0.289110420000),
double3(0.321987433333,0.972427850000,0.115177670000),
double3(0.316203713333,0.584595980000,0.271216420000),
double3(0.321597853333,0.979980250000,0.046341340000),
double3(0.316591880000,0.577041750000,0.340054700000),
double3(0.017714380000,0.973292530000,0.151161490000),
double3(0.287143400000,0.583731325000,0.235232575000),
double3(0.018845360000,0.968133865000,0.218391390000),
double3(0.286012500000,0.588889965000,0.168002650000),
double3(0.286716580000,0.954849400000,0.412458180000),
double3(0.019993623333,0.600748860000,0.471334700000),
double3(0.299710900000,0.911679835000,0.415933430000),
double3(0.016638993333,0.643194110000,0.468263715000),
double3(0.293466233333,0.888623685000,0.454427100000),
double3(0.032522083333,0.662623615000,0.431316880000),
double3(0.307876133333,0.848035125000,0.458060980000),
double3(0.033822296667,0.700648040000,0.429250550000),
double3(0.328900276667,0.830233100000,0.423186570000),
double3(0.017353256667,0.721174400000,0.463412880000),
double3(0.001375953333,0.853027200000,0.384697400000),
double3(0.001375120000,0.702093540000,0.000515520000),
double3(0.320275743333,0.893608035000,0.381022800000),
double3(0.001026910000,0.663135870000,0.002990840000),
double3(0.009159643333,0.787175715000,0.425316950000),
double3(0.012684106667,0.764180300000,0.459138250000),
double3(0.278658233333,0.527226665000,0.376212050000),
double3(0.026902686667,0.529227885000,0.007434070000),
double3(0.250790433333,0.518902340000,0.387141450000),
double3(0.057919516667,0.525905870000,0.495927600000),
double3(0.239658066667,0.996507675000,0.425064475000),
double3(0.074821150000,0.535827550000,0.454978250000),
double3(0.214383200000,0.985521170000,0.435324965000),
double3(0.105008766667,0.529067360000,0.442935020000),
double3(0.199400633333,0.997805950000,0.408275400000),
double3(0.118629833333,0.511767275000,0.471692150000),
double3(0.211201946667,0.518284780000,0.369524300000),
double3(0.101612210000,0.503767280000,0.012925625000),
double3(0.236977200000,0.528831140000,0.358875750000),
double3(0.071266000000,0.510688125000,0.025089800000),
double3(0.169410600000,0.994912325000,0.422332850000),
double3(0.150383293333,0.503971805000,0.459579600000),
double3(0.315303543333,0.575106330000,0.048087130000),
double3(0.322886166667,0.981915650000,0.338308930000),
double3(0.315579200000,0.572077670000,0.087029425000),
double3(0.322611966667,0.984946130000,0.299364625000),
double3(0.318074333333,0.535017265000,0.112178000000),
double3(0.320116833333,0.522006555000,0.274216050000),
double3(0.320344866667,0.501568225000,0.096880420000),
double3(0.317846333333,0.555455620000,0.289513620000),
double3(0.319961133333,0.505817535000,0.057766640000),
double3(0.318230033333,0.551206280000,0.328627400000),
double3(0.003412166667,0.997462125000,0.169305950000),
double3(0.301444233333,0.559559905000,0.217090010000),
double3(0.004071393333,0.994537250000,0.207990125000),
double3(0.300786500000,0.562486580000,0.178403915000),
double3(0.319743433333,0.525517965000,0.232547650000),
double3(0.318449220000,0.531507730000,0.153844400000),
double3(0.312839966667,0.613417110000,0.023014360000),
double3(0.325347880000,0.943611475000,0.363380800000),
double3(0.317458666667,0.542158980000,0.034081465000),
double3(0.320732513333,0.514864855000,0.352312550000),
double3(0.310849900000,0.644332780000,0.002979870000),
double3(0.327341300000,0.912691050000,0.383414200000),
double3(0.293542443333,0.975019350000,0.375651180000),
double3(0.011980136667,0.580566475000,0.008074880000),
double3(0.270985400000,0.971412450000,0.446325350000),
double3(0.034537196667,0.584173305000,0.437400730000),
double3(0.294445913333,0.535262125000,0.338327230000),
double3(0.010872226667,0.522246925000,0.045332430000),
double3(0.288739100000,0.520644090000,0.404558200000),
double3(0.016579026667,0.536864950000,0.479101480000),
double3(0.310115633333,0.518017130000,0.981530665000),
double3(0.328960166667,0.537254795000,0.902775850000),
double3(0.277592500000,0.901859580000,0.981770785000),
double3(0.325601576667,0.910797835000,0.850928130000),
double3(0.007607896667,0.777283150000,0.985804050000),
double3(0.013748766667,0.773889275000,0.898995580000),
double3(0.017095486667,0.839371235000,0.857488500000),
double3(0.321663100000,0.717823280000,0.527023255000),
double3(0.044363933333,0.648388350000,0.903937520000),
double3(0.046981573333,0.714407500000,0.900489300000),
double3(0.301870000000,0.830710500000,0.987967500000),
double3(0.321879066667,0.648761250000,0.531897725000),
double3(0.250693600000,0.986881500000,0.946679200000),
double3(0.245807600000,0.545127245000,0.829021100000),
double3(0.157934843333,0.508224490000,0.981278570000),
double3(0.161904866667,0.991164650000,0.900357425000),
double3(0.199727233333,0.527754780000,0.848424250000),
double3(0.111915560000,0.991365150000,0.535456540000),
double3(0.117508400000,0.537656605000,0.911244780000),
double3(0.206091766667,0.968368230000,0.964847700000),
double3(0.064836293333,0.548392085000,0.932119700000),
double3(0.058468416667,0.503164850000,0.556960760000),
double3(0.314313946667,0.598455705000,0.597283660000),
double3(0.323877216667,0.958568100000,0.789110420000),
double3(0.321987433333,0.972427850000,0.615177670000),
double3(0.316203713333,0.584595980000,0.771216420000),
double3(0.321597853333,0.979980250000,0.546341340000),
double3(0.316591880000,0.577041750000,0.840054700000),
double3(0.017714380000,0.973292530000,0.651161490000),
double3(0.287143400000,0.583731325000,0.735232575000),
double3(0.018845360000,0.968133865000,0.718391390000),
double3(0.286012500000,0.588889965000,0.668002650000),
double3(0.286716580000,0.954849400000,0.912458180000),
double3(0.019993623333,0.600748860000,0.971334700000),
double3(0.299710900000,0.911679835000,0.915933430000),
double3(0.016638993333,0.643194110000,0.968263715000),
double3(0.293466233333,0.888623685000,0.954427100000),
double3(0.032522083333,0.662623615000,0.931316880000),
double3(0.307876133333,0.848035125000,0.958060980000),
double3(0.033822296667,0.700648040000,0.929250550000),
double3(0.328900276667,0.830233100000,0.923186570000),
double3(0.017353256667,0.721174400000,0.963412880000),
double3(0.001375953333,0.853027200000,0.884697400000),
double3(0.001375120000,0.702093540000,0.500515520000),
double3(0.320275743333,0.893608035000,0.881022800000),
double3(0.001026910000,0.663135870000,0.502990840000),
double3(0.009159643333,0.787175715000,0.925316950000),
double3(0.012684106667,0.764180300000,0.959138250000),
double3(0.278658233333,0.527226665000,0.876212050000),
double3(0.026902686667,0.529227885000,0.507434070000),
double3(0.250790433333,0.518902340000,0.887141450000),
double3(0.057919516667,0.525905870000,0.995927600000),
double3(0.239658066667,0.996507675000,0.925064475000),
double3(0.074821150000,0.535827550000,0.954978250000),
double3(0.214383200000,0.985521170000,0.935324965000),
double3(0.105008766667,0.529067360000,0.942935020000),
double3(0.199400633333,0.997805950000,0.908275400000),
double3(0.118629833333,0.511767275000,0.971692150000),
double3(0.211201946667,0.518284780000,0.869524300000),
double3(0.101612210000,0.503767280000,0.512925625000),
double3(0.236977200000,0.528831140000,0.858875750000),
double3(0.071266000000,0.510688125000,0.525089800000),
double3(0.169410600000,0.994912325000,0.922332850000),
double3(0.150383293333,0.503971805000,0.959579600000),
double3(0.315303543333,0.575106330000,0.548087130000),
double3(0.322886166667,0.981915650000,0.838308930000),
double3(0.315579200000,0.572077670000,0.587029425000),
double3(0.322611966667,0.984946130000,0.799364625000),
double3(0.318074333333,0.535017265000,0.612178000000),
double3(0.320116833333,0.522006555000,0.774216050000),
double3(0.320344866667,0.501568225000,0.596880420000),
double3(0.317846333333,0.555455620000,0.789513620000),
double3(0.319961133333,0.505817535000,0.557766640000),
double3(0.318230033333,0.551206280000,0.828627400000),
double3(0.003412166667,0.997462125000,0.669305950000),
double3(0.301444233333,0.559559905000,0.717090010000),
double3(0.004071393333,0.994537250000,0.707990125000),
double3(0.300786500000,0.562486580000,0.678403915000),
double3(0.319743433333,0.525517965000,0.732547650000),
double3(0.318449220000,0.531507730000,0.653844400000),
double3(0.312839966667,0.613417110000,0.523014360000),
double3(0.325347880000,0.943611475000,0.863380800000),
double3(0.317458666667,0.542158980000,0.534081465000),
double3(0.320732513333,0.514864855000,0.852312550000),
double3(0.310849900000,0.644332780000,0.502979870000),
double3(0.327341300000,0.912691050000,0.883414200000),
double3(0.293542443333,0.975019350000,0.875651180000),
double3(0.011980136667,0.580566475000,0.508074880000),
double3(0.270985400000,0.971412450000,0.946325350000),
double3(0.034537196667,0.584173305000,0.937400730000),
double3(0.294445913333,0.535262125000,0.838327230000),
double3(0.010872226667,0.522246925000,0.545332430000),
double3(0.288739100000,0.520644090000,0.904558200000),
double3(0.016579026667,0.536864950000,0.979101480000),
double3(0.643448966667,0.018017130000,0.481530665000),
double3(0.662293500000,0.037254795000,0.402775850000),
double3(0.610925833333,0.401859580000,0.481770785000),
double3(0.658934910000,0.410797835000,0.350928130000),
double3(0.340941230000,0.277283150000,0.485804050000),
double3(0.347082100000,0.273889275000,0.398995580000),
double3(0.350428820000,0.339371235000,0.357488500000),
double3(0.654996433333,0.217823280000,0.027023255000),
double3(0.377697266667,0.148388350000,0.403937520000),
double3(0.380314906667,0.214407500000,0.400489300000),
double3(0.635203333333,0.330710500000,0.487967500000),
double3(0.655212400000,0.148761250000,0.031897725000),
double3(0.584026933333,0.486881500000,0.446679200000),
double3(0.579140933333,0.045127245000,0.329021100000),
double3(0.491268176667,0.008224490000,0.481278570000),
double3(0.495238200000,0.491164650000,0.400357425000),
double3(0.533060566667,0.027754780000,0.348424250000),
double3(0.445248893333,0.491365150000,0.035456540000),
double3(0.450841733333,0.037656605000,0.411244780000),
double3(0.539425100000,0.468368230000,0.464847700000),
double3(0.398169626667,0.048392085000,0.432119700000),
double3(0.391801750000,0.003164850000,0.056960760000),
double3(0.647647280000,0.098455705000,0.097283660000),
double3(0.657210550000,0.458568100000,0.289110420000),
double3(0.655320766667,0.472427850000,0.115177670000),
double3(0.649537046667,0.084595980000,0.271216420000),
double3(0.654931186667,0.479980250000,0.046341340000),
double3(0.649925213333,0.077041750000,0.340054700000),
double3(0.351047713333,0.473292530000,0.151161490000),
double3(0.620476733333,0.083731325000,0.235232575000),
double3(0.352178693333,0.468133865000,0.218391390000),
double3(0.619345833333,0.088889965000,0.168002650000),
double3(0.620049913333,0.454849400000,0.412458180000),
double3(0.353326956667,0.100748860000,0.471334700000),
double3(0.633044233333,0.411679835000,0.415933430000),
double3(0.349972326667,0.143194110000,0.468263715000),
double3(0.626799566667,0.388623685000,0.454427100000),
double3(0.365855416667,0.162623615000,0.431316880000),
double3(0.641209466667,0.348035125000,0.458060980000),
double3(0.367155630000,0.200648040000,0.429250550000),
double3(0.662233610000,0.330233100000,0.423186570000),
double3(0.350686590000,0.221174400000,0.463412880000),
double3(0.334709286667,0.353027200000,0.384697400000),
double3(0.334708453333,0.202093540000,0.000515520000),
double3(0.653609076667,0.393608035000,0.381022800000),
double3(0.334360243333,0.163135870000,0.002990840000),
double3(0.342492976667,0.287175715000,0.425316950000),
double3(0.346017440000,0.264180300000,0.459138250000),
double3(0.611991566667,0.027226665000,0.376212050000),
double3(0.360236020000,0.029227885000,0.007434070000),
double3(0.584123766667,0.018902340000,0.387141450000),
double3(0.391252850000,0.025905870000,0.495927600000),
double3(0.572991400000,0.496507675000,0.425064475000),
double3(0.408154483333,0.035827550000,0.454978250000),
double3(0.547716533333,0.485521170000,0.435324965000),
double3(0.438342100000,0.029067360000,0.442935020000),
double3(0.532733966667,0.497805950000,0.408275400000),
double3(0.451963166667,0.011767275000,0.471692150000),
double3(0.544535280000,0.018284780000,0.369524300000),
double3(0.434945543333,0.003767280000,0.012925625000),
double3(0.570310533333,0.028831140000,0.358875750000),
double3(0.404599333333,0.010688125000,0.025089800000),
double3(0.502743933333,0.494912325000,0.422332850000),
double3(0.483716626667,0.003971805000,0.459579600000),
double3(0.648636876667,0.075106330000,0.048087130000),
double3(0.656219500000,0.481915650000,0.338308930000),
double3(0.648912533333,0.072077670000,0.087029425000),
double3(0.655945300000,0.484946130000,0.299364625000),
double3(0.651407666667,0.035017265000,0.112178000000),
double3(0.653450166667,0.022006555000,0.274216050000),
double3(0.653678200000,0.001568225000,0.096880420000),
double3(0.651179666667,0.055455620000,0.289513620000),
double3(0.653294466667,0.005817535000,0.057766640000),
double3(0.651563366667,0.051206280000,0.328627400000),
double3(0.336745500000,0.497462125000,0.169305950000),
double3(0.634777566667,0.059559905000,0.217090010000),
double3(0.337404726667,0.494537250000,0.207990125000),
double3(0.634119833333,0.062486580000,0.178403915000),
double3(0.653076766667,0.025517965000,0.232547650000),
double3(0.651782553333,0.031507730000,0.153844400000),
double3(0.646173300000,0.113417110000,0.023014360000),
double3(0.658681213333,0.443611475000,0.363380800000),
double3(0.650792000000,0.042158980000,0.034081465000),
double3(0.654065846667,0.014864855000,0.352312550000),
double3(0.644183233333,0.144332780000,0.002979870000),
double3(0.660674633333,0.412691050000,0.383414200000),
double3(0.626875776667,0.475019350000,0.375651180000),
double3(0.345313470000,0.080566475000,0.008074880000),
double3(0.604318733333,0.471412450000,0.446325350000),
double3(0.367870530000,0.084173305000,0.437400730000),
double3(0.627779246667,0.035262125000,0.338327230000),
double3(0.344205560000,0.022246925000,0.045332430000),
double3(0.622072433333,0.020644090000,0.404558200000),
double3(0.349912360000,0.036864950000,0.479101480000),
double3(0.643448966667,0.018017130000,0.981530665000),
double3(0.662293500000,0.037254795000,0.902775850000),
double3(0.610925833333,0.401859580000,0.981770785000),
double3(0.658934910000,0.410797835000,0.850928130000),
double3(0.340941230000,0.277283150000,0.985804050000),
double3(0.347082100000,0.273889275000,0.898995580000),
double3(0.350428820000,0.339371235000,0.857488500000),
double3(0.654996433333,0.217823280000,0.527023255000),
double3(0.377697266667,0.148388350000,0.903937520000),
double3(0.380314906667,0.214407500000,0.900489300000),
double3(0.635203333333,0.330710500000,0.987967500000),
double3(0.655212400000,0.148761250000,0.531897725000),
double3(0.584026933333,0.486881500000,0.946679200000),
double3(0.579140933333,0.045127245000,0.829021100000),
double3(0.491268176667,0.008224490000,0.981278570000),
double3(0.495238200000,0.491164650000,0.900357425000),
double3(0.533060566667,0.027754780000,0.848424250000),
double3(0.445248893333,0.491365150000,0.535456540000),
double3(0.450841733333,0.037656605000,0.911244780000),
double3(0.539425100000,0.468368230000,0.964847700000),
double3(0.398169626667,0.048392085000,0.932119700000),
double3(0.391801750000,0.003164850000,0.556960760000),
double3(0.647647280000,0.098455705000,0.597283660000),
double3(0.657210550000,0.458568100000,0.789110420000),
double3(0.655320766667,0.472427850000,0.615177670000),
double3(0.649537046667,0.084595980000,0.771216420000),
double3(0.654931186667,0.479980250000,0.546341340000),
double3(0.649925213333,0.077041750000,0.840054700000),
double3(0.351047713333,0.473292530000,0.651161490000),
double3(0.620476733333,0.083731325000,0.735232575000),
double3(0.352178693333,0.468133865000,0.718391390000),
double3(0.619345833333,0.088889965000,0.668002650000),
double3(0.620049913333,0.454849400000,0.912458180000),
double3(0.353326956667,0.100748860000,0.971334700000),
double3(0.633044233333,0.411679835000,0.915933430000),
double3(0.349972326667,0.143194110000,0.968263715000),
double3(0.626799566667,0.388623685000,0.954427100000),
double3(0.365855416667,0.162623615000,0.931316880000),
double3(0.641209466667,0.348035125000,0.958060980000),
double3(0.367155630000,0.200648040000,0.929250550000),
double3(0.662233610000,0.330233100000,0.923186570000),
double3(0.350686590000,0.221174400000,0.963412880000),
double3(0.334709286667,0.353027200000,0.884697400000),
double3(0.334708453333,0.202093540000,0.500515520000),
double3(0.653609076667,0.393608035000,0.881022800000),
double3(0.334360243333,0.163135870000,0.502990840000),
double3(0.342492976667,0.287175715000,0.925316950000),
double3(0.346017440000,0.264180300000,0.959138250000),
double3(0.611991566667,0.027226665000,0.876212050000),
double3(0.360236020000,0.029227885000,0.507434070000),
double3(0.584123766667,0.018902340000,0.887141450000),
double3(0.391252850000,0.025905870000,0.995927600000),
double3(0.572991400000,0.496507675000,0.925064475000),
double3(0.408154483333,0.035827550000,0.954978250000),
double3(0.547716533333,0.485521170000,0.935324965000),
double3(0.438342100000,0.029067360000,0.942935020000),
double3(0.532733966667,0.497805950000,0.908275400000),
double3(0.451963166667,0.011767275000,0.971692150000),
double3(0.544535280000,0.018284780000,0.869524300000),
double3(0.434945543333,0.003767280000,0.512925625000),
double3(0.570310533333,0.028831140000,0.858875750000),
double3(0.404599333333,0.010688125000,0.525089800000),
double3(0.502743933333,0.494912325000,0.922332850000),
double3(0.483716626667,0.003971805000,0.959579600000),
double3(0.648636876667,0.075106330000,0.548087130000),
double3(0.656219500000,0.481915650000,0.838308930000),
double3(0.648912533333,0.072077670000,0.587029425000),
double3(0.655945300000,0.484946130000,0.799364625000),
double3(0.651407666667,0.035017265000,0.612178000000),
double3(0.653450166667,0.022006555000,0.774216050000),
double3(0.653678200000,0.001568225000,0.596880420000),
double3(0.651179666667,0.055455620000,0.789513620000),
double3(0.653294466667,0.005817535000,0.557766640000),
double3(0.651563366667,0.051206280000,0.828627400000),
double3(0.336745500000,0.497462125000,0.669305950000),
double3(0.634777566667,0.059559905000,0.717090010000),
double3(0.337404726667,0.494537250000,0.707990125000),
double3(0.634119833333,0.062486580000,0.678403915000),
double3(0.653076766667,0.025517965000,0.732547650000),
double3(0.651782553333,0.031507730000,0.653844400000),
double3(0.646173300000,0.113417110000,0.523014360000),
double3(0.658681213333,0.443611475000,0.863380800000),
double3(0.650792000000,0.042158980000,0.534081465000),
double3(0.654065846667,0.014864855000,0.852312550000),
double3(0.644183233333,0.144332780000,0.502979870000),
double3(0.660674633333,0.412691050000,0.883414200000),
double3(0.626875776667,0.475019350000,0.875651180000),
double3(0.345313470000,0.080566475000,0.508074880000),
double3(0.604318733333,0.471412450000,0.946325350000),
double3(0.367870530000,0.084173305000,0.937400730000),
double3(0.627779246667,0.035262125000,0.838327230000),
double3(0.344205560000,0.022246925000,0.545332430000),
double3(0.622072433333,0.020644090000,0.904558200000),
double3(0.349912360000,0.036864950000,0.979101480000),
double3(0.643448966667,0.518017130000,0.481530665000),
double3(0.662293500000,0.537254795000,0.402775850000),
double3(0.610925833333,0.901859580000,0.481770785000),
double3(0.658934910000,0.910797835000,0.350928130000),
double3(0.340941230000,0.777283150000,0.485804050000),
double3(0.347082100000,0.773889275000,0.398995580000),
double3(0.350428820000,0.839371235000,0.357488500000),
double3(0.654996433333,0.717823280000,0.027023255000),
double3(0.377697266667,0.648388350000,0.403937520000),
double3(0.380314906667,0.714407500000,0.400489300000),
double3(0.635203333333,0.830710500000,0.487967500000),
double3(0.655212400000,0.648761250000,0.031897725000),
double3(0.584026933333,0.986881500000,0.446679200000),
double3(0.579140933333,0.545127245000,0.329021100000),
double3(0.491268176667,0.508224490000,0.481278570000),
double3(0.495238200000,0.991164650000,0.400357425000),
double3(0.533060566667,0.527754780000,0.348424250000),
double3(0.445248893333,0.991365150000,0.035456540000),
double3(0.450841733333,0.537656605000,0.411244780000),
double3(0.539425100000,0.968368230000,0.464847700000),
double3(0.398169626667,0.548392085000,0.432119700000),
double3(0.391801750000,0.503164850000,0.056960760000),
double3(0.647647280000,0.598455705000,0.097283660000),
double3(0.657210550000,0.958568100000,0.289110420000),
double3(0.655320766667,0.972427850000,0.115177670000),
double3(0.649537046667,0.584595980000,0.271216420000),
double3(0.654931186667,0.979980250000,0.046341340000),
double3(0.649925213333,0.577041750000,0.340054700000),
double3(0.351047713333,0.973292530000,0.151161490000),
double3(0.620476733333,0.583731325000,0.235232575000),
double3(0.352178693333,0.968133865000,0.218391390000),
double3(0.619345833333,0.588889965000,0.168002650000),
double3(0.620049913333,0.954849400000,0.412458180000),
double3(0.353326956667,0.600748860000,0.471334700000),
double3(0.633044233333,0.911679835000,0.415933430000),
double3(0.349972326667,0.643194110000,0.468263715000),
double3(0.626799566667,0.888623685000,0.454427100000),
double3(0.365855416667,0.662623615000,0.431316880000),
double3(0.641209466667,0.848035125000,0.458060980000),
double3(0.367155630000,0.700648040000,0.429250550000),
double3(0.662233610000,0.830233100000,0.423186570000),
double3(0.350686590000,0.721174400000,0.463412880000),
double3(0.334709286667,0.853027200000,0.384697400000),
double3(0.334708453333,0.702093540000,0.000515520000),
double3(0.653609076667,0.893608035000,0.381022800000),
double3(0.334360243333,0.663135870000,0.002990840000),
double3(0.342492976667,0.787175715000,0.425316950000),
double3(0.346017440000,0.764180300000,0.459138250000),
double3(0.611991566667,0.527226665000,0.376212050000),
double3(0.360236020000,0.529227885000,0.007434070000),
double3(0.584123766667,0.518902340000,0.387141450000),
double3(0.391252850000,0.525905870000,0.495927600000),
double3(0.572991400000,0.996507675000,0.425064475000),
double3(0.408154483333,0.535827550000,0.454978250000),
double3(0.547716533333,0.985521170000,0.435324965000),
double3(0.438342100000,0.529067360000,0.442935020000),
double3(0.532733966667,0.997805950000,0.408275400000),
double3(0.451963166667,0.511767275000,0.471692150000),
double3(0.544535280000,0.518284780000,0.369524300000),
double3(0.434945543333,0.503767280000,0.012925625000),
double3(0.570310533333,0.528831140000,0.358875750000),
double3(0.404599333333,0.510688125000,0.025089800000),
double3(0.502743933333,0.994912325000,0.422332850000),
double3(0.483716626667,0.503971805000,0.459579600000),
double3(0.648636876667,0.575106330000,0.048087130000),
double3(0.656219500000,0.981915650000,0.338308930000),
double3(0.648912533333,0.572077670000,0.087029425000),
double3(0.655945300000,0.984946130000,0.299364625000),
double3(0.651407666667,0.535017265000,0.112178000000),
double3(0.653450166667,0.522006555000,0.274216050000),
double3(0.653678200000,0.501568225000,0.096880420000),
double3(0.651179666667,0.555455620000,0.289513620000),
double3(0.653294466667,0.505817535000,0.057766640000),
double3(0.651563366667,0.551206280000,0.328627400000),
double3(0.336745500000,0.997462125000,0.169305950000),
double3(0.634777566667,0.559559905000,0.217090010000),
double3(0.337404726667,0.994537250000,0.207990125000),
double3(0.634119833333,0.562486580000,0.178403915000),
double3(0.653076766667,0.525517965000,0.232547650000),
double3(0.651782553333,0.531507730000,0.153844400000),
double3(0.646173300000,0.613417110000,0.023014360000),
double3(0.658681213333,0.943611475000,0.363380800000),
double3(0.650792000000,0.542158980000,0.034081465000),
double3(0.654065846667,0.514864855000,0.352312550000),
double3(0.644183233333,0.644332780000,0.002979870000),
double3(0.660674633333,0.912691050000,0.383414200000),
double3(0.626875776667,0.975019350000,0.375651180000),
double3(0.345313470000,0.580566475000,0.008074880000),
double3(0.604318733333,0.971412450000,0.446325350000),
double3(0.367870530000,0.584173305000,0.437400730000),
double3(0.627779246667,0.535262125000,0.338327230000),
double3(0.344205560000,0.522246925000,0.045332430000),
double3(0.622072433333,0.520644090000,0.404558200000),
double3(0.349912360000,0.536864950000,0.479101480000),
double3(0.643448966667,0.518017130000,0.981530665000),
double3(0.662293500000,0.537254795000,0.902775850000),
double3(0.610925833333,0.901859580000,0.981770785000),
double3(0.658934910000,0.910797835000,0.850928130000),
double3(0.340941230000,0.777283150000,0.985804050000),
double3(0.347082100000,0.773889275000,0.898995580000),
double3(0.350428820000,0.839371235000,0.857488500000),
double3(0.654996433333,0.717823280000,0.527023255000),
double3(0.377697266667,0.648388350000,0.903937520000),
double3(0.380314906667,0.714407500000,0.900489300000),
double3(0.635203333333,0.830710500000,0.987967500000),
double3(0.655212400000,0.648761250000,0.531897725000),
double3(0.584026933333,0.986881500000,0.946679200000),
double3(0.579140933333,0.545127245000,0.829021100000),
double3(0.491268176667,0.508224490000,0.981278570000),
double3(0.495238200000,0.991164650000,0.900357425000),
double3(0.533060566667,0.527754780000,0.848424250000),
double3(0.445248893333,0.991365150000,0.535456540000),
double3(0.450841733333,0.537656605000,0.911244780000),
double3(0.539425100000,0.968368230000,0.964847700000),
double3(0.398169626667,0.548392085000,0.932119700000),
double3(0.391801750000,0.503164850000,0.556960760000),
double3(0.647647280000,0.598455705000,0.597283660000),
double3(0.657210550000,0.958568100000,0.789110420000),
double3(0.655320766667,0.972427850000,0.615177670000),
double3(0.649537046667,0.584595980000,0.771216420000),
double3(0.654931186667,0.979980250000,0.546341340000),
double3(0.649925213333,0.577041750000,0.840054700000),
double3(0.351047713333,0.973292530000,0.651161490000),
double3(0.620476733333,0.583731325000,0.735232575000),
double3(0.352178693333,0.968133865000,0.718391390000),
double3(0.619345833333,0.588889965000,0.668002650000),
double3(0.620049913333,0.954849400000,0.912458180000),
double3(0.353326956667,0.600748860000,0.971334700000),
double3(0.633044233333,0.911679835000,0.915933430000),
double3(0.349972326667,0.643194110000,0.968263715000),
double3(0.626799566667,0.888623685000,0.954427100000),
double3(0.365855416667,0.662623615000,0.931316880000),
double3(0.641209466667,0.848035125000,0.958060980000),
double3(0.367155630000,0.700648040000,0.929250550000),
double3(0.662233610000,0.830233100000,0.923186570000),
double3(0.350686590000,0.721174400000,0.963412880000),
double3(0.334709286667,0.853027200000,0.884697400000),
double3(0.334708453333,0.702093540000,0.500515520000),
double3(0.653609076667,0.893608035000,0.881022800000),
double3(0.334360243333,0.663135870000,0.502990840000),
double3(0.342492976667,0.787175715000,0.925316950000),
double3(0.346017440000,0.764180300000,0.959138250000),
double3(0.611991566667,0.527226665000,0.876212050000),
double3(0.360236020000,0.529227885000,0.507434070000),
double3(0.584123766667,0.518902340000,0.887141450000),
double3(0.391252850000,0.525905870000,0.995927600000),
double3(0.572991400000,0.996507675000,0.925064475000),
double3(0.408154483333,0.535827550000,0.954978250000),
double3(0.547716533333,0.985521170000,0.935324965000),
double3(0.438342100000,0.529067360000,0.942935020000),
double3(0.532733966667,0.997805950000,0.908275400000),
double3(0.451963166667,0.511767275000,0.971692150000),
double3(0.544535280000,0.518284780000,0.869524300000),
double3(0.434945543333,0.503767280000,0.512925625000),
double3(0.570310533333,0.528831140000,0.858875750000),
double3(0.404599333333,0.510688125000,0.525089800000),
double3(0.502743933333,0.994912325000,0.922332850000),
double3(0.483716626667,0.503971805000,0.959579600000),
double3(0.648636876667,0.575106330000,0.548087130000),
double3(0.656219500000,0.981915650000,0.838308930000),
double3(0.648912533333,0.572077670000,0.587029425000),
double3(0.655945300000,0.984946130000,0.799364625000),
double3(0.651407666667,0.535017265000,0.612178000000),
double3(0.653450166667,0.522006555000,0.774216050000),
double3(0.653678200000,0.501568225000,0.596880420000),
double3(0.651179666667,0.555455620000,0.789513620000),
double3(0.653294466667,0.505817535000,0.557766640000),
double3(0.651563366667,0.551206280000,0.828627400000),
double3(0.336745500000,0.997462125000,0.669305950000),
double3(0.634777566667,0.559559905000,0.717090010000),
double3(0.337404726667,0.994537250000,0.707990125000),
double3(0.634119833333,0.562486580000,0.678403915000),
double3(0.653076766667,0.525517965000,0.732547650000),
double3(0.651782553333,0.531507730000,0.653844400000),
double3(0.646173300000,0.613417110000,0.523014360000),
double3(0.658681213333,0.943611475000,0.863380800000),
double3(0.650792000000,0.542158980000,0.534081465000),
double3(0.654065846667,0.514864855000,0.852312550000),
double3(0.644183233333,0.644332780000,0.502979870000),
double3(0.660674633333,0.912691050000,0.883414200000),
double3(0.626875776667,0.975019350000,0.875651180000),
double3(0.345313470000,0.580566475000,0.508074880000),
double3(0.604318733333,0.971412450000,0.946325350000),
double3(0.367870530000,0.584173305000,0.937400730000),
double3(0.627779246667,0.535262125000,0.838327230000),
double3(0.344205560000,0.522246925000,0.545332430000),
double3(0.622072433333,0.520644090000,0.904558200000),
double3(0.349912360000,0.536864950000,0.979101480000),
double3(0.976782300000,0.018017130000,0.481530665000),
double3(0.995626833333,0.037254795000,0.402775850000),
double3(0.944259166667,0.401859580000,0.481770785000),
double3(0.992268243333,0.410797835000,0.350928130000),
double3(0.674274563333,0.277283150000,0.485804050000),
double3(0.680415433333,0.273889275000,0.398995580000),
double3(0.683762153333,0.339371235000,0.357488500000),
double3(0.988329766667,0.217823280000,0.027023255000),
double3(0.711030600000,0.148388350000,0.403937520000),
double3(0.713648240000,0.214407500000,0.400489300000),
double3(0.968536666667,0.330710500000,0.487967500000),
double3(0.988545733333,0.148761250000,0.031897725000),
double3(0.917360266667,0.486881500000,0.446679200000),
double3(0.912474266667,0.045127245000,0.329021100000),
double3(0.824601510000,0.008224490000,0.481278570000),
double3(0.828571533333,0.491164650000,0.400357425000),
double3(0.866393900000,0.027754780000,0.348424250000),
double3(0.778582226667,0.491365150000,0.035456540000),
double3(0.784175066667,0.037656605000,0.411244780000),
double3(0.872758433333,0.468368230000,0.464847700000),
double3(0.731502960000,0.048392085000,0.432119700000),
double3(0.725135083333,0.003164850000,0.056960760000),
double3(0.980980613333,0.098455705000,0.097283660000),
double3(0.990543883333,0.458568100000,0.289110420000),
double3(0.988654100000,0.472427850000,0.115177670000),
double3(0.982870380000,0.084595980000,0.271216420000),
double3(0.988264520000,0.479980250000,0.046341340000),
double3(0.983258546667,0.077041750000,0.340054700000),
double3(0.684381046667,0.473292530000,0.151161490000),
double3(0.953810066667,0.083731325000,0.235232575000),
double3(0.685512026667,0.468133865000,0.218391390000),
double3(0.952679166667,0.088889965000,0.168002650000),
double3(0.953383246667,0.454849400000,0.412458180000),
double3(0.686660290000,0.100748860000,0.471334700000),
double3(0.966377566667,0.411679835000,0.415933430000),
double3(0.683305660000,0.143194110000,0.468263715000),
double3(0.960132900000,0.388623685000,0.454427100000),
double3(0.699188750000,0.162623615000,0.431316880000),
double3(0.974542800000,0.348035125000,0.458060980000),
double3(0.700488963333,0.200648040000,0.429250550000),
double3(0.995566943333,0.330233100000,0.423186570000),
double3(0.684019923333,0.221174400000,0.463412880000),
double3(0.668042620000,0.353027200000,0.384697400000),
double3(0.668041786667,0.202093540000,0.000515520000),
double3(0.986942410000,0.393608035000,0.381022800000),
double3(0.667693576667,0.163135870000,0.002990840000),
double3(0.675826310000,0.287175715000,0.425316950000),
double3(0.679350773333,0.264180300000,0.459138250000),
double3(0.945324900000,0.027226665000,0.376212050000),
double3(0.693569353333,0.029227885000,0.007434070000),
double3(0.917457100000,0.018902340000,0.387141450000),
double3(0.724586183333,0.025905870000,0.495927600000),
double3(0.906324733333,0.496507675000,0.425064475000),
double3(0.741487816667,0.035827550000,0.454978250000),
double3(0.881049866667,0.485521170000,0.435324965000),
double3(0.771675433333,0.029067360000,0.442935020000),
double3(0.866067300000,0.497805950000,0.408275400000),
double3(0.785296500000,0.011767275000,0.471692150000),
double3(0.877868613333,0.018284780000,0.369524300000),
double3(0.768278876667,0.003767280000,0.012925625000),
double3(0.903643866667,0.028831140000,0.358875750000),
double3(0.737932666667,0.010688125000,0.025089800000),
double3(0.836077266667,0.494912325000,0.422332850000),
double3(0.817049960000,0.003971805000,0.459579600000),
double3(0.981970210000,0.075106330000,0.048087130000),
double3(0.989552833333,0.481915650000,0.338308930000),
double3(0.982245866667,0.072077670000,0.087029425000),
double3(0.989278633333,0.484946130000,0.299364625000),
double3(0.984741000000,0.035017265000,0.112178000000),
double3(0.986783500000,0.022006555000,0.274216050000),
double3(0.987011533333,0.001568225000,0.096880420000),
double3(0.984513000000,0.055455620000,0.289513620000),
double3(0.986627800000,0.005817535000,0.057766640000),
double3(0.984896700000,0.051206280000,0.328627400000),
double3(0.670078833333,0.497462125000,0.169305950000),
double3(0.968110900000,0.059559905000,0.217090010000),
double3(0.670738060000,0.494537250000,0.207990125000),
double3(0.967453166667,0.062486580000,0.178403915000),
double3(0.986410100000,0.025517965000,0.232547650000),
double3(0.985115886667,0.031507730000,0.153844400000),
double3(0.979506633333,0.113417110000,0.023014360000),
double3(0.992014546667,0.443611475000,0.363380800000),
double3(0.984125333333,0.042158980000,0.034081465000),
double3(0.987399180000,0.014864855000,0.352312550000),
double3(0.977516566667,0.144332780000,0.002979870000),
double3(0.994007966667,0.412691050000,0.383414200000),
double3(0.960209110000,0.475019350000,0.375651180000),
double3(0.678646803333,0.080566475000,0.008074880000),
double3(0.937652066667,0.471412450000,0.446325350000),
double3(0.701203863333,0.084173305000,0.437400730000),
double3(0.961112580000,0.035262125000,0.338327230000),
double3(0.677538893333,0.022246925000,0.045332430000),
double3(0.955405766667,0.020644090000,0.404558200000),
double3(0.683245693333,0.036864950000,0.479101480000),
double3(0.976782300000,0.018017130000,0.981530665000),
double3(0.995626833333,0.037254795000,0.902775850000),
double3(0.944259166667,0.401859580000,0.981770785000),
double3(0.992268243333,0.410797835000,0.850928130000),
double3(0.674274563333,0.277283150000,0.985804050000),
double3(0.680415433333,0.273889275000,0.898995580000),
double3(0.683762153333,0.339371235000,0.857488500000),
double3(0.988329766667,0.217823280000,0.527023255000),
double3(0.711030600000,0.148388350000,0.903937520000),
double3(0.713648240000,0.214407500000,0.900489300000),
double3(0.968536666667,0.330710500000,0.987967500000),
double3(0.988545733333,0.148761250000,0.531897725000),
double3(0.917360266667,0.486881500000,0.946679200000),
double3(0.912474266667,0.045127245000,0.829021100000),
double3(0.824601510000,0.008224490000,0.981278570000),
double3(0.828571533333,0.491164650000,0.900357425000),
double3(0.866393900000,0.027754780000,0.848424250000),
double3(0.778582226667,0.491365150000,0.535456540000),
double3(0.784175066667,0.037656605000,0.911244780000),
double3(0.872758433333,0.468368230000,0.964847700000),
double3(0.731502960000,0.048392085000,0.932119700000),
double3(0.725135083333,0.003164850000,0.556960760000),
double3(0.980980613333,0.098455705000,0.597283660000),
double3(0.990543883333,0.458568100000,0.789110420000),
double3(0.988654100000,0.472427850000,0.615177670000),
double3(0.982870380000,0.084595980000,0.771216420000),
double3(0.988264520000,0.479980250000,0.546341340000),
double3(0.983258546667,0.077041750000,0.840054700000),
double3(0.684381046667,0.473292530000,0.651161490000),
double3(0.953810066667,0.083731325000,0.735232575000),
double3(0.685512026667,0.468133865000,0.718391390000),
double3(0.952679166667,0.088889965000,0.668002650000),
double3(0.953383246667,0.454849400000,0.912458180000),
double3(0.686660290000,0.100748860000,0.971334700000),
double3(0.966377566667,0.411679835000,0.915933430000),
double3(0.683305660000,0.143194110000,0.968263715000),
double3(0.960132900000,0.388623685000,0.954427100000),
double3(0.699188750000,0.162623615000,0.931316880000),
double3(0.974542800000,0.348035125000,0.958060980000),
double3(0.700488963333,0.200648040000,0.929250550000),
double3(0.995566943333,0.330233100000,0.923186570000),
double3(0.684019923333,0.221174400000,0.963412880000),
double3(0.668042620000,0.353027200000,0.884697400000),
double3(0.668041786667,0.202093540000,0.500515520000),
double3(0.986942410000,0.393608035000,0.881022800000),
double3(0.667693576667,0.163135870000,0.502990840000),
double3(0.675826310000,0.287175715000,0.925316950000),
double3(0.679350773333,0.264180300000,0.959138250000),
double3(0.945324900000,0.027226665000,0.876212050000),
double3(0.693569353333,0.029227885000,0.507434070000),
double3(0.917457100000,0.018902340000,0.887141450000),
double3(0.724586183333,0.025905870000,0.995927600000),
double3(0.906324733333,0.496507675000,0.925064475000),
double3(0.741487816667,0.035827550000,0.954978250000),
double3(0.881049866667,0.485521170000,0.935324965000),
double3(0.771675433333,0.029067360000,0.942935020000),
double3(0.866067300000,0.497805950000,0.908275400000),
double3(0.785296500000,0.011767275000,0.971692150000),
double3(0.877868613333,0.018284780000,0.869524300000),
double3(0.768278876667,0.003767280000,0.512925625000),
double3(0.903643866667,0.028831140000,0.858875750000),
double3(0.737932666667,0.010688125000,0.525089800000),
double3(0.836077266667,0.494912325000,0.922332850000),
double3(0.817049960000,0.003971805000,0.959579600000),
double3(0.981970210000,0.075106330000,0.548087130000),
double3(0.989552833333,0.481915650000,0.838308930000),
double3(0.982245866667,0.072077670000,0.587029425000),
double3(0.989278633333,0.484946130000,0.799364625000),
double3(0.984741000000,0.035017265000,0.612178000000),
double3(0.986783500000,0.022006555000,0.774216050000),
double3(0.987011533333,0.001568225000,0.596880420000),
double3(0.984513000000,0.055455620000,0.789513620000),
double3(0.986627800000,0.005817535000,0.557766640000),
double3(0.984896700000,0.051206280000,0.828627400000),
double3(0.670078833333,0.497462125000,0.669305950000),
double3(0.968110900000,0.059559905000,0.717090010000),
double3(0.670738060000,0.494537250000,0.707990125000),
double3(0.967453166667,0.062486580000,0.678403915000),
double3(0.986410100000,0.025517965000,0.732547650000),
double3(0.985115886667,0.031507730000,0.653844400000),
double3(0.979506633333,0.113417110000,0.523014360000),
double3(0.992014546667,0.443611475000,0.863380800000),
double3(0.984125333333,0.042158980000,0.534081465000),
double3(0.987399180000,0.014864855000,0.852312550000),
double3(0.977516566667,0.144332780000,0.502979870000),
double3(0.994007966667,0.412691050000,0.883414200000),
double3(0.960209110000,0.475019350000,0.875651180000),
double3(0.678646803333,0.080566475000,0.508074880000),
double3(0.937652066667,0.471412450000,0.946325350000),
double3(0.701203863333,0.084173305000,0.937400730000),
double3(0.961112580000,0.035262125000,0.838327230000),
double3(0.677538893333,0.022246925000,0.545332430000),
double3(0.955405766667,0.020644090000,0.904558200000),
double3(0.683245693333,0.036864950000,0.979101480000),
double3(0.976782300000,0.518017130000,0.481530665000),
double3(0.995626833333,0.537254795000,0.402775850000),
double3(0.944259166667,0.901859580000,0.481770785000),
double3(0.992268243333,0.910797835000,0.350928130000),
double3(0.674274563333,0.777283150000,0.485804050000),
double3(0.680415433333,0.773889275000,0.398995580000),
double3(0.683762153333,0.839371235000,0.357488500000),
double3(0.988329766667,0.717823280000,0.027023255000),
double3(0.711030600000,0.648388350000,0.403937520000),
double3(0.713648240000,0.714407500000,0.400489300000),
double3(0.968536666667,0.830710500000,0.487967500000),
double3(0.988545733333,0.648761250000,0.031897725000),
double3(0.917360266667,0.986881500000,0.446679200000),
double3(0.912474266667,0.545127245000,0.329021100000),
double3(0.824601510000,0.508224490000,0.481278570000),
double3(0.828571533333,0.991164650000,0.400357425000),
double3(0.866393900000,0.527754780000,0.348424250000),
double3(0.778582226667,0.991365150000,0.035456540000),
double3(0.784175066667,0.537656605000,0.411244780000),
double3(0.872758433333,0.968368230000,0.464847700000),
double3(0.731502960000,0.548392085000,0.432119700000),
double3(0.725135083333,0.503164850000,0.056960760000),
double3(0.980980613333,0.598455705000,0.097283660000),
double3(0.990543883333,0.958568100000,0.289110420000),
double3(0.988654100000,0.972427850000,0.115177670000),
double3(0.982870380000,0.584595980000,0.271216420000),
double3(0.988264520000,0.979980250000,0.046341340000),
double3(0.983258546667,0.577041750000,0.340054700000),
double3(0.684381046667,0.973292530000,0.151161490000),
double3(0.953810066667,0.583731325000,0.235232575000),
double3(0.685512026667,0.968133865000,0.218391390000),
double3(0.952679166667,0.588889965000,0.168002650000),
double3(0.953383246667,0.954849400000,0.412458180000),
double3(0.686660290000,0.600748860000,0.471334700000),
double3(0.966377566667,0.911679835000,0.415933430000),
double3(0.683305660000,0.643194110000,0.468263715000),
double3(0.960132900000,0.888623685000,0.454427100000),
double3(0.699188750000,0.662623615000,0.431316880000),
double3(0.974542800000,0.848035125000,0.458060980000),
double3(0.700488963333,0.700648040000,0.429250550000),
double3(0.995566943333,0.830233100000,0.423186570000),
double3(0.684019923333,0.721174400000,0.463412880000),
double3(0.668042620000,0.853027200000,0.384697400000),
double3(0.668041786667,0.702093540000,0.000515520000),
double3(0.986942410000,0.893608035000,0.381022800000),
double3(0.667693576667,0.663135870000,0.002990840000),
double3(0.675826310000,0.787175715000,0.425316950000),
double3(0.679350773333,0.764180300000,0.459138250000),
double3(0.945324900000,0.527226665000,0.376212050000),
double3(0.693569353333,0.529227885000,0.007434070000),
double3(0.917457100000,0.518902340000,0.387141450000),
double3(0.724586183333,0.525905870000,0.495927600000),
double3(0.906324733333,0.996507675000,0.425064475000),
double3(0.741487816667,0.535827550000,0.454978250000),
double3(0.881049866667,0.985521170000,0.435324965000),
double3(0.771675433333,0.529067360000,0.442935020000),
double3(0.866067300000,0.997805950000,0.408275400000),
double3(0.785296500000,0.511767275000,0.471692150000),
double3(0.877868613333,0.518284780000,0.369524300000),
double3(0.768278876667,0.503767280000,0.012925625000),
double3(0.903643866667,0.528831140000,0.358875750000),
double3(0.737932666667,0.510688125000,0.025089800000),
double3(0.836077266667,0.994912325000,0.422332850000),
double3(0.817049960000,0.503971805000,0.459579600000),
double3(0.981970210000,0.575106330000,0.048087130000),
double3(0.989552833333,0.981915650000,0.338308930000),
double3(0.982245866667,0.572077670000,0.087029425000),
double3(0.989278633333,0.984946130000,0.299364625000),
double3(0.984741000000,0.535017265000,0.112178000000),
double3(0.986783500000,0.522006555000,0.274216050000),
double3(0.987011533333,0.501568225000,0.096880420000),
double3(0.984513000000,0.555455620000,0.289513620000),
double3(0.986627800000,0.505817535000,0.057766640000),
double3(0.984896700000,0.551206280000,0.328627400000),
double3(0.670078833333,0.997462125000,0.169305950000),
double3(0.968110900000,0.559559905000,0.217090010000),
double3(0.670738060000,0.994537250000,0.207990125000),
double3(0.967453166667,0.562486580000,0.178403915000),
double3(0.986410100000,0.525517965000,0.232547650000),
double3(0.985115886667,0.531507730000,0.153844400000),
double3(0.979506633333,0.613417110000,0.023014360000),
double3(0.992014546667,0.943611475000,0.363380800000),
double3(0.984125333333,0.542158980000,0.034081465000),
double3(0.987399180000,0.514864855000,0.352312550000),
double3(0.977516566667,0.644332780000,0.002979870000),
double3(0.994007966667,0.912691050000,0.383414200000),
double3(0.960209110000,0.975019350000,0.375651180000),
double3(0.678646803333,0.580566475000,0.008074880000),
double3(0.937652066667,0.971412450000,0.446325350000),
double3(0.701203863333,0.584173305000,0.437400730000),
double3(0.961112580000,0.535262125000,0.338327230000),
double3(0.677538893333,0.522246925000,0.045332430000),
double3(0.955405766667,0.520644090000,0.404558200000),
double3(0.683245693333,0.536864950000,0.479101480000),
double3(0.976782300000,0.518017130000,0.981530665000),
double3(0.995626833333,0.537254795000,0.902775850000),
double3(0.944259166667,0.901859580000,0.981770785000),
double3(0.992268243333,0.910797835000,0.850928130000),
double3(0.674274563333,0.777283150000,0.985804050000),
double3(0.680415433333,0.773889275000,0.898995580000),
double3(0.683762153333,0.839371235000,0.857488500000),
double3(0.988329766667,0.717823280000,0.527023255000),
double3(0.711030600000,0.648388350000,0.903937520000),
double3(0.713648240000,0.714407500000,0.900489300000),
double3(0.968536666667,0.830710500000,0.987967500000),
double3(0.988545733333,0.648761250000,0.531897725000),
double3(0.917360266667,0.986881500000,0.946679200000),
double3(0.912474266667,0.545127245000,0.829021100000),
double3(0.824601510000,0.508224490000,0.981278570000),
double3(0.828571533333,0.991164650000,0.900357425000),
double3(0.866393900000,0.527754780000,0.848424250000),
double3(0.778582226667,0.991365150000,0.535456540000),
double3(0.784175066667,0.537656605000,0.911244780000),
double3(0.872758433333,0.968368230000,0.964847700000),
double3(0.731502960000,0.548392085000,0.932119700000),
double3(0.725135083333,0.503164850000,0.556960760000),
double3(0.980980613333,0.598455705000,0.597283660000),
double3(0.990543883333,0.958568100000,0.789110420000),
double3(0.988654100000,0.972427850000,0.615177670000),
double3(0.982870380000,0.584595980000,0.771216420000),
double3(0.988264520000,0.979980250000,0.546341340000),
double3(0.983258546667,0.577041750000,0.840054700000),
double3(0.684381046667,0.973292530000,0.651161490000),
double3(0.953810066667,0.583731325000,0.735232575000),
double3(0.685512026667,0.968133865000,0.718391390000),
double3(0.952679166667,0.588889965000,0.668002650000),
double3(0.953383246667,0.954849400000,0.912458180000),
double3(0.686660290000,0.600748860000,0.971334700000),
double3(0.966377566667,0.911679835000,0.915933430000),
double3(0.683305660000,0.643194110000,0.968263715000),
double3(0.960132900000,0.888623685000,0.954427100000),
double3(0.699188750000,0.662623615000,0.931316880000),
double3(0.974542800000,0.848035125000,0.958060980000),
double3(0.700488963333,0.700648040000,0.929250550000),
double3(0.995566943333,0.830233100000,0.923186570000),
double3(0.684019923333,0.721174400000,0.963412880000),
double3(0.668042620000,0.853027200000,0.884697400000),
double3(0.668041786667,0.702093540000,0.500515520000),
double3(0.986942410000,0.893608035000,0.881022800000),
double3(0.667693576667,0.663135870000,0.502990840000),
double3(0.675826310000,0.787175715000,0.925316950000),
double3(0.679350773333,0.764180300000,0.959138250000),
double3(0.945324900000,0.527226665000,0.876212050000),
double3(0.693569353333,0.529227885000,0.507434070000),
double3(0.917457100000,0.518902340000,0.887141450000),
double3(0.724586183333,0.525905870000,0.995927600000),
double3(0.906324733333,0.996507675000,0.925064475000),
double3(0.741487816667,0.535827550000,0.954978250000),
double3(0.881049866667,0.985521170000,0.935324965000),
double3(0.771675433333,0.529067360000,0.942935020000),
double3(0.866067300000,0.997805950000,0.908275400000),
double3(0.785296500000,0.511767275000,0.971692150000),
double3(0.877868613333,0.518284780000,0.869524300000),
double3(0.768278876667,0.503767280000,0.512925625000),
double3(0.903643866667,0.528831140000,0.858875750000),
double3(0.737932666667,0.510688125000,0.525089800000),
double3(0.836077266667,0.994912325000,0.922332850000),
double3(0.817049960000,0.503971805000,0.959579600000),
double3(0.981970210000,0.575106330000,0.548087130000),
double3(0.989552833333,0.981915650000,0.838308930000),
double3(0.982245866667,0.572077670000,0.587029425000),
double3(0.989278633333,0.984946130000,0.799364625000),
double3(0.984741000000,0.535017265000,0.612178000000),
double3(0.986783500000,0.522006555000,0.774216050000),
double3(0.987011533333,0.501568225000,0.596880420000),
double3(0.984513000000,0.555455620000,0.789513620000),
double3(0.986627800000,0.505817535000,0.557766640000),
double3(0.984896700000,0.551206280000,0.828627400000),
double3(0.670078833333,0.997462125000,0.669305950000),
double3(0.968110900000,0.559559905000,0.717090010000),
double3(0.670738060000,0.994537250000,0.707990125000),
double3(0.967453166667,0.562486580000,0.678403915000),
double3(0.986410100000,0.525517965000,0.732547650000),
double3(0.985115886667,0.531507730000,0.653844400000),
double3(0.979506633333,0.613417110000,0.523014360000),
double3(0.992014546667,0.943611475000,0.863380800000),
double3(0.984125333333,0.542158980000,0.534081465000),
double3(0.987399180000,0.514864855000,0.852312550000),
double3(0.977516566667,0.644332780000,0.502979870000),
double3(0.994007966667,0.912691050000,0.883414200000),
double3(0.960209110000,0.975019350000,0.875651180000),
double3(0.678646803333,0.580566475000,0.508074880000),
double3(0.937652066667,0.971412450000,0.946325350000),
double3(0.701203863333,0.584173305000,0.937400730000),
double3(0.961112580000,0.535262125000,0.838327230000),
double3(0.677538893333,0.522246925000,0.545332430000),
double3(0.955405766667,0.520644090000,0.904558200000),
double3(0.683245693333,0.536864950000,0.979101480000),
