[double3(10.648730000000,0.000000000000,0.000000000000),double3(-0.238350891860,15.639823871833,0.000000000000),double3(-0.269236181993,-0.928983076531,16.785877473645)]

double3(0.107470006667,0.190888900000,0.412310630000),
double3(0.156177293333,0.150762630000,0.346274020000),
double3(0.312906933333,0.265628200000,0.337640075000),
double3(0.033331513333,0.042816935000,0.454180630000),
double3(0.262637900000,0.157548785000,0.275940925000),
double3(0.278358520000,0.170015665000,0.205896435000),
double3(0.012209296667,0.204537915000,0.188722520000),
double3(0.063745616667,0.226839200000,0.242005885000),
double3(0.048550486667,0.215217320000,0.311882675000),
double3(0.001042446667,0.185237510000,0.483218450000),
double3(0.318706833333,0.172777310000,0.053274870000),
double3(0.251493566667,0.138331190000,0.070504250000),
double3(0.199872033333,0.116129800000,0.017271520000),
double3(0.274732100000,0.296098085000,0.365597935000),
double3(0.215012666667,0.127750485000,0.447375030000),
double3(0.012643813333,0.097608945000,0.304780300000),
double3(0.004134136667,0.029722415000,0.264418485000),
double3(0.273119466667,0.485263050000,0.269634700000),
double3(0.217478156667,0.008493015000,0.316189950000),
double3(0.225592833333,0.075622595000,0.357144950000),
double3(0.250880033333,0.245257540000,0.454338520000),
double3(0.259349883333,0.313116850000,0.494746625000),
double3(0.323726066667,0.357558600000,0.489668050000),
double3(0.046099743333,0.334345350000,0.443190850000),
double3(0.230392316667,0.299940550000,0.304784950000),
double3(0.038025340000,0.267244700000,0.402184130000),
double3(0.282656066667,0.320316525000,0.296966730000),
double3(0.267337143333,0.267558750000,0.276711050000),
double3(0.322083950000,0.046849220000,0.393484350000),
double3(0.284040533333,0.077285140000,0.421688380000),
double3(0.329741700000,0.075013860000,0.482462315000),
double3(0.314465400000,0.022323310000,0.462042950000),
double3(0.073895063333,0.362932620000,0.363439470000),
double3(0.190416416667,0.478282850000,0.393422450000),
double3(0.069489946667,0.485112900000,0.335234225000),
double3(0.194828166667,0.356101400000,0.421612830000),
double3(0.081010993333,0.062296150000,0.330310150000),
double3(0.183306866667,0.278913200000,0.426537425000),
double3(0.064182310000,0.285139530000,0.370444900000),
double3(0.200129390000,0.056080880000,0.386416525000),
double3(0.090807400000,0.202868520000,0.263078600000),
double3(0.085389883333,0.203274920000,0.190669450000),
double3(0.047404343333,0.159781770000,0.074001610000),
double3(0.204144866667,0.129653950000,0.252712280000),
double3(0.198651633333,0.130155070000,0.180291950000),
double3(0.031454656667,0.092128590000,0.013885450000),
double3(0.297686576667,0.075393720000,0.478340270000),
double3(0.262835980000,0.130601450000,0.439923465000),
double3(0.175593466667,0.202916250000,0.004052500000),
double3(0.295052500000,0.202949250000,0.437333225000),
double3(0.028866203333,0.220179530000,0.472476185000),
double3(0.150805176667,0.261988950000,0.116456200000),
double3(0.213160400000,0.291660950000,0.153147370000),
double3(0.283060510000,0.260944000000,0.140398415000),
double3(0.290577410000,0.200224850000,0.090632120000),
double3(0.228548000000,0.169735030000,0.053930500000),
double3(0.285614300000,0.166715965000,0.417333275000),
double3(0.290966000000,0.134906350000,0.356739650000),
double3(0.305959566667,0.207967490000,0.402467000000),
double3(0.278643686667,0.203454630000,0.364282050000),
double3(0.318281890000,0.139419200000,0.394924650000),
double3(0.258245846667,0.162497050000,0.379048615000),
double3(0.005349240000,0.180379110000,0.380161900000),
double3(0.278827786667,0.272003980000,0.340506650000),
double3(0.263810200000,0.291128200000,0.302321075000),
double3(0.318103566667,0.070862540000,0.418671965000),
double3(0.333245176667,0.051568880000,0.456753900000),
double3(0.321732480000,0.183876410000,0.299194800000),
double3(0.292313953333,0.172235475000,0.268850800000),
double3(0.301033633333,0.179377975000,0.229137750000),
double3(0.005565126667,0.198792265000,0.219444260000),
double3(0.034652946667,0.211263465000,0.249476535000),
double3(0.026090940000,0.204059930000,0.289211200000),
double3(0.275222320000,0.159004820000,0.460016220000),
double3(0.304686666667,0.170593990000,0.490336150000),
double3(0.295996133333,0.163454980000,0.030055525000),
double3(0.258111556667,0.144089610000,0.039777515000),
double3(0.228977766667,0.131666300000,0.009771285000),
double3(0.237507400000,0.138870100000,0.470027985000),
double3(0.285451990000,0.093030790000,0.332519600000),
double3(0.317476790000,0.078796870000,0.307089715000),
double3(0.312882383333,0.040225065000,0.284294130000),
double3(0.276647733333,0.015135970000,0.287252725000),
double3(0.245214920000,0.028327320000,0.313378780000),
double3(0.249682843333,0.066906750000,0.336183520000),
double3(0.311449486667,0.249844685000,0.426697400000),
double3(0.279389123333,0.264066750000,0.452082650000),
double3(0.283964700000,0.302621350000,0.474908000000),
double3(0.320216133333,0.327701150000,0.472025720000),
double3(0.018351593333,0.314519400000,0.445940750000),
double3(0.013899126667,0.275957020000,0.423105985000),
double3(0.049698710000,0.183788250000,0.383378050000),
double3(0.213899216667,0.159082415000,0.375840215000),
double3(0.311314533333,0.176158000000,0.341873765000),
double3(0.171811533333,0.040146350000,0.374919750000),
double3(0.092500290000,0.301068850000,0.381936250000),
double3(0.166040460000,0.495829880000,0.379057650000),
double3(0.098270993333,0.345385580000,0.377804250000),
double3(0.128567793333,0.475111500000,0.364837750000),
double3(0.135746706667,0.366098350000,0.392017275000),
double3(0.098627706667,0.499744920000,0.346364915000),
double3(0.165687480000,0.341469550000,0.410483600000),
double3(0.105394433333,0.043648540000,0.343261650000),
double3(0.158917800000,0.297566200000,0.413588315000),
double3(0.150198490000,0.163484125000,0.306970715000),
double3(0.075220846667,0.167526975000,0.016822415000),
double3(0.111410080000,0.187007280000,0.203826740000),
double3(0.113605480000,0.180419860000,0.453223375000),
double3(0.114589890000,0.187055975000,0.245298650000),
double3(0.141622313333,0.165969210000,0.179950030000),
double3(0.147769780000,0.166133925000,0.263455035000),
double3(0.178090000000,0.145892575000,0.239540620000),
double3(0.174996316667,0.145979375000,0.198238180000),
double3(0.035215980000,0.157206820000,0.495365620000),
double3(0.016502673333,0.116473630000,0.497183100000),
double3(0.311880733333,0.106915705000,0.477087200000),
double3(0.292210100000,0.138032110000,0.455438020000),
double3(0.310397933333,0.178811180000,0.453935000000),
double3(0.015100223333,0.188443975000,0.473813200000),
double3(0.185027976667,0.213429900000,0.082669420000),
double3(0.181120753333,0.248122350000,0.110699410000),
double3(0.216386716667,0.265077400000,0.131479935000),
double3(0.255797133333,0.247783125000,0.124278470000),
double3(0.260029000000,0.213561200000,0.096208325000),
double3(0.224842586667,0.196460440000,0.075388625000),
double3(0.112089433333,0.179065250000,0.496891650000),
double3(0.147737383333,0.192766590000,0.019207880000),
double3(0.147617580000,0.195056230000,0.060834335000),
double3(0.111245693333,0.181641755000,0.080658525000),
double3(0.075480710000,0.168628275000,0.058509420000),
double3(0.141473690000,0.063273785000,0.357363500000),
double3(0.122841090000,0.277941100000,0.399490950000),
double3(0.119137883333,0.430502750000,0.368531400000),
double3(0.145176640000,0.410707150000,0.388323635000),
double3(0.109382360000,0.181650340000,0.122733950000),
double3(0.140622626667,0.164899230000,0.137711080000),
double3(0.009391783333,0.107603735000,0.411990350000),
double3(0.070504783333,0.159265130000,0.362680225000),
double3(0.193093066667,0.183605475000,0.396538050000),
double3(0.198228566667,0.150235550000,0.343125250000),
double3(0.065369286667,0.192635060000,0.416093000000),
double3(0.254199286667,0.235272700000,0.347228825000),
double3(0.176882446667,0.138990315000,0.321986650000),
double3(0.135735166667,0.209390650000,0.438003720000),
double3(0.124882656667,0.183808550000,0.329858550000),
double3(0.091268550000,0.154733700000,0.430586515000),
double3(0.107470006667,0.190888900000,0.912310630000),
double3(0.156177293333,0.150762630000,0.846274020000),
double3(0.312906933333,0.265628200000,0.837640075000),
double3(0.033331513333,0.042816935000,0.954180630000),
double3(0.262637900000,0.157548785000,0.775940925000),
double3(0.278358520000,0.170015665000,0.705896435000),
double3(0.012209296667,0.204537915000,0.688722520000),
double3(0.063745616667,0.226839200000,0.742005885000),
double3(0.048550486667,0.215217320000,0.811882675000),
double3(0.001042446667,0.185237510000,0.983218450000),
double3(0.318706833333,0.172777310000,0.553274870000),
double3(0.251493566667,0.138331190000,0.570504250000),
double3(0.199872033333,0.116129800000,0.517271520000),
double3(0.274732100000,0.296098085000,0.865597935000),
double3(0.215012666667,0.127750485000,0.947375030000),
double3(0.012643813333,0.097608945000,0.804780300000),
double3(0.004134136667,0.029722415000,0.764418485000),
double3(0.273119466667,0.485263050000,0.769634700000),
double3(0.217478156667,0.008493015000,0.816189950000),
double3(0.225592833333,0.075622595000,0.857144950000),
double3(0.250880033333,0.245257540000,0.954338520000),
double3(0.259349883333,0.313116850000,0.994746625000),
double3(0.323726066667,0.357558600000,0.989668050000),
double3(0.046099743333,0.334345350000,0.943190850000),
double3(0.230392316667,0.299940550000,0.804784950000),
double3(0.038025340000,0.267244700000,0.902184130000),
double3(0.282656066667,0.320316525000,0.796966730000),
double3(0.267337143333,0.267558750000,0.776711050000),
double3(0.322083950000,0.046849220000,0.893484350000),
double3(0.284040533333,0.077285140000,0.921688380000),
double3(0.329741700000,0.075013860000,0.982462315000),
double3(0.314465400000,0.022323310000,0.962042950000),
double3(0.073895063333,0.362932620000,0.863439470000),
double3(0.190416416667,0.478282850000,0.893422450000),
double3(0.069489946667,0.485112900000,0.835234225000),
double3(0.194828166667,0.356101400000,0.921612830000),
double3(0.081010993333,0.062296150000,0.830310150000),
double3(0.183306866667,0.278913200000,0.926537425000),
double3(0.064182310000,0.285139530000,0.870444900000),
double3(0.200129390000,0.056080880000,0.886416525000),
double3(0.090807400000,0.202868520000,0.763078600000),
double3(0.085389883333,0.203274920000,0.690669450000),
double3(0.047404343333,0.159781770000,0.574001610000),
double3(0.204144866667,0.129653950000,0.752712280000),
double3(0.198651633333,0.130155070000,0.680291950000),
double3(0.031454656667,0.092128590000,0.513885450000),
double3(0.297686576667,0.075393720000,0.978340270000),
double3(0.262835980000,0.130601450000,0.939923465000),
double3(0.175593466667,0.202916250000,0.504052500000),
double3(0.295052500000,0.202949250000,0.937333225000),
double3(0.028866203333,0.220179530000,0.972476185000),
double3(0.150805176667,0.261988950000,0.616456200000),
double3(0.213160400000,0.291660950000,0.653147370000),
double3(0.283060510000,0.260944000000,0.640398415000),
double3(0.290577410000,0.200224850000,0.590632120000),
double3(0.228548000000,0.169735030000,0.553930500000),
double3(0.285614300000,0.166715965000,0.917333275000),
double3(0.290966000000,0.134906350000,0.856739650000),
double3(0.305959566667,0.207967490000,0.902467000000),
double3(0.278643686667,0.203454630000,0.864282050000),
double3(0.318281890000,0.139419200000,0.894924650000),
double3(0.258245846667,0.162497050000,0.879048615000),
double3(0.005349240000,0.180379110000,0.880161900000),
double3(0.278827786667,0.272003980000,0.840506650000),
double3(0.263810200000,0.291128200000,0.802321075000),
double3(0.318103566667,0.070862540000,0.918671965000),
double3(0.333245176667,0.051568880000,0.956753900000),
double3(0.321732480000,0.183876410000,0.799194800000),
double3(0.292313953333,0.172235475000,0.768850800000),
double3(0.301033633333,0.179377975000,0.729137750000),
double3(0.005565126667,0.198792265000,0.719444260000),
double3(0.034652946667,0.211263465000,0.749476535000),
double3(0.026090940000,0.204059930000,0.789211200000),
double3(0.275222320000,0.159004820000,0.960016220000),
double3(0.304686666667,0.170593990000,0.990336150000),
double3(0.295996133333,0.163454980000,0.530055525000),
double3(0.258111556667,0.144089610000,0.539777515000),
double3(0.228977766667,0.131666300000,0.509771285000),
double3(0.237507400000,0.138870100000,0.970027985000),
double3(0.285451990000,0.093030790000,0.832519600000),
double3(0.317476790000,0.078796870000,0.807089715000),
double3(0.312882383333,0.040225065000,0.784294130000),
double3(0.276647733333,0.015135970000,0.787252725000),
double3(0.245214920000,0.028327320000,0.813378780000),
double3(0.249682843333,0.066906750000,0.836183520000),
double3(0.311449486667,0.249844685000,0.926697400000),
double3(0.279389123333,0.264066750000,0.952082650000),
double3(0.283964700000,0.302621350000,0.974908000000),
double3(0.320216133333,0.327701150000,0.972025720000),
double3(0.018351593333,0.314519400000,0.945940750000),
double3(0.013899126667,0.275957020000,0.923105985000),
double3(0.049698710000,0.183788250000,0.883378050000),
double3(0.213899216667,0.159082415000,0.875840215000),
double3(0.311314533333,0.176158000000,0.841873765000),
double3(0.171811533333,0.040146350000,0.874919750000),
double3(0.092500290000,0.301068850000,0.881936250000),
double3(0.166040460000,0.495829880000,0.879057650000),
double3(0.098270993333,0.345385580000,0.877804250000),
double3(0.128567793333,0.475111500000,0.864837750000),
double3(0.135746706667,0.366098350000,0.892017275000),
double3(0.098627706667,0.499744920000,0.846364915000),
double3(0.165687480000,0.341469550000,0.910483600000),
double3(0.105394433333,0.043648540000,0.843261650000),
double3(0.158917800000,0.297566200000,0.913588315000),
double3(0.150198490000,0.163484125000,0.806970715000),
double3(0.075220846667,0.167526975000,0.516822415000),
double3(0.111410080000,0.187007280000,0.703826740000),
double3(0.113605480000,0.180419860000,0.953223375000),
double3(0.114589890000,0.187055975000,0.745298650000),
double3(0.141622313333,0.165969210000,0.679950030000),
double3(0.147769780000,0.166133925000,0.763455035000),
double3(0.178090000000,0.145892575000,0.739540620000),
double3(0.174996316667,0.145979375000,0.698238180000),
double3(0.035215980000,0.157206820000,0.995365620000),
double3(0.016502673333,0.116473630000,0.997183100000),
double3(0.311880733333,0.106915705000,0.977087200000),
double3(0.292210100000,0.138032110000,0.955438020000),
double3(0.310397933333,0.178811180000,0.953935000000),
double3(0.015100223333,0.188443975000,0.973813200000),
double3(0.185027976667,0.213429900000,0.582669420000),
double3(0.181120753333,0.248122350000,0.610699410000),
double3(0.216386716667,0.265077400000,0.631479935000),
double3(0.255797133333,0.247783125000,0.624278470000),
double3(0.260029000000,0.213561200000,0.596208325000),
double3(0.224842586667,0.196460440000,0.575388625000),
double3(0.112089433333,0.179065250000,0.996891650000),
double3(0.147737383333,0.192766590000,0.519207880000),
double3(0.147617580000,0.195056230000,0.560834335000),
double3(0.111245693333,0.181641755000,0.580658525000),
double3(0.075480710000,0.168628275000,0.558509420000),
double3(0.141473690000,0.063273785000,0.857363500000),
double3(0.122841090000,0.277941100000,0.899490950000),
double3(0.119137883333,0.430502750000,0.868531400000),
double3(0.145176640000,0.410707150000,0.888323635000),
double3(0.109382360000,0.181650340000,0.622733950000),
double3(0.140622626667,0.164899230000,0.637711080000),
double3(0.009391783333,0.107603735000,0.911990350000),
double3(0.070504783333,0.159265130000,0.862680225000),
double3(0.193093066667,0.183605475000,0.896538050000),
double3(0.198228566667,0.150235550000,0.843125250000),
double3(0.065369286667,0.192635060000,0.916093000000),
double3(0.254199286667,0.235272700000,0.847228825000),
double3(0.176882446667,0.138990315000,0.821986650000),
double3(0.135735166667,0.209390650000,0.938003720000),
double3(0.124882656667,0.183808550000,0.829858550000),
double3(0.091268550000,0.154733700000,0.930586515000),
double3(0.107470006667,0.690888900000,0.412310630000),
double3(0.156177293333,0.650762630000,0.346274020000),
double3(0.312906933333,0.765628200000,0.337640075000),
double3(0.033331513333,0.542816935000,0.454180630000),
double3(0.262637900000,0.657548785000,0.275940925000),
double3(0.278358520000,0.670015665000,0.205896435000),
double3(0.012209296667,0.704537915000,0.188722520000),
double3(0.063745616667,0.726839200000,0.242005885000),
double3(0.048550486667,0.715217320000,0.311882675000),
double3(0.001042446667,0.685237510000,0.483218450000),
double3(0.318706833333,0.672777310000,0.053274870000),
double3(0.251493566667,0.638331190000,0.070504250000),
double3(0.199872033333,0.616129800000,0.017271520000),
double3(0.274732100000,0.796098085000,0.365597935000),
double3(0.215012666667,0.627750485000,0.447375030000),
double3(0.012643813333,0.597608945000,0.304780300000),
double3(0.004134136667,0.529722415000,0.264418485000),
double3(0.273119466667,0.985263050000,0.269634700000),
double3(0.217478156667,0.508493015000,0.316189950000),
double3(0.225592833333,0.575622595000,0.357144950000),
double3(0.250880033333,0.745257540000,0.454338520000),
double3(0.259349883333,0.813116850000,0.494746625000),
double3(0.323726066667,0.857558600000,0.489668050000),
double3(0.046099743333,0.834345350000,0.443190850000),
double3(0.230392316667,0.799940550000,0.304784950000),
double3(0.038025340000,0.767244700000,0.402184130000),
double3(0.282656066667,0.820316525000,0.296966730000),
double3(0.267337143333,0.767558750000,0.276711050000),
double3(0.322083950000,0.546849220000,0.393484350000),
double3(0.284040533333,0.577285140000,0.421688380000),
double3(0.329741700000,0.575013860000,0.482462315000),
double3(0.314465400000,0.522323310000,0.462042950000),
double3(0.073895063333,0.862932620000,0.363439470000),
double3(0.190416416667,0.978282850000,0.393422450000),
double3(0.069489946667,0.985112900000,0.335234225000),
double3(0.194828166667,0.856101400000,0.421612830000),
double3(0.081010993333,0.562296150000,0.330310150000),
double3(0.183306866667,0.778913200000,0.426537425000),
double3(0.064182310000,0.785139530000,0.370444900000),
double3(0.200129390000,0.556080880000,0.386416525000),
double3(0.090807400000,0.702868520000,0.263078600000),
double3(0.085389883333,0.703274920000,0.190669450000),
double3(0.047404343333,0.659781770000,0.074001610000),
double3(0.204144866667,0.629653950000,0.252712280000),
double3(0.198651633333,0.630155070000,0.180291950000),
double3(0.031454656667,0.592128590000,0.013885450000),
double3(0.297686576667,0.575393720000,0.478340270000),
double3(0.262835980000,0.630601450000,0.439923465000),
double3(0.175593466667,0.702916250000,0.004052500000),
double3(0.295052500000,0.702949250000,0.437333225000),
double3(0.028866203333,0.720179530000,0.472476185000),
double3(0.150805176667,0.761988950000,0.116456200000),
double3(0.213160400000,0.791660950000,0.153147370000),
double3(0.283060510000,0.760944000000,0.140398415000),
double3(0.290577410000,0.700224850000,0.090632120000),
double3(0.228548000000,0.669735030000,0.053930500000),
double3(0.285614300000,0.666715965000,0.417333275000),
double3(0.290966000000,0.634906350000,0.356739650000),
double3(0.305959566667,0.707967490000,0.402467000000),
double3(0.278643686667,0.703454630000,0.364282050000),
double3(0.318281890000,0.639419200000,0.394924650000),
double3(0.258245846667,0.662497050000,0.379048615000),
double3(0.005349240000,0.680379110000,0.380161900000),
double3(0.278827786667,0.772003980000,0.340506650000),
double3(0.263810200000,0.791128200000,0.302321075000),
double3(0.318103566667,0.570862540000,0.418671965000),
double3(0.333245176667,0.551568880000,0.456753900000),
double3(0.321732480000,0.683876410000,0.299194800000),
double3(0.292313953333,0.672235475000,0.268850800000),
double3(0.301033633333,0.679377975000,0.229137750000),
double3(0.005565126667,0.698792265000,0.219444260000),
double3(0.034652946667,0.711263465000,0.249476535000),
double3(0.026090940000,0.704059930000,0.289211200000),
double3(0.275222320000,0.659004820000,0.460016220000),
double3(0.304686666667,0.670593990000,0.490336150000),
double3(0.295996133333,0.663454980000,0.030055525000),
double3(0.258111556667,0.644089610000,0.039777515000),
double3(0.228977766667,0.631666300000,0.009771285000),
double3(0.237507400000,0.638870100000,0.470027985000),
double3(0.285451990000,0.593030790000,0.332519600000),
double3(0.317476790000,0.578796870000,0.307089715000),
double3(0.312882383333,0.540225065000,0.284294130000),
double3(0.276647733333,0.515135970000,0.287252725000),
double3(0.245214920000,0.528327320000,0.313378780000),
double3(0.249682843333,0.566906750000,0.336183520000),
double3(0.311449486667,0.749844685000,0.426697400000),
double3(0.279389123333,0.764066750000,0.452082650000),
double3(0.283964700000,0.802621350000,0.474908000000),
double3(0.320216133333,0.827701150000,0.472025720000),
double3(0.018351593333,0.814519400000,0.445940750000),
double3(0.013899126667,0.775957020000,0.423105985000),
double3(0.049698710000,0.683788250000,0.383378050000),
double3(0.213899216667,0.659082415000,0.375840215000),
double3(0.311314533333,0.676158000000,0.341873765000),
double3(0.171811533333,0.540146350000,0.374919750000),
double3(0.092500290000,0.801068850000,0.381936250000),
double3(0.166040460000,0.995829880000,0.379057650000),
double3(0.098270993333,0.845385580000,0.377804250000),
double3(0.128567793333,0.975111500000,0.364837750000),
double3(0.135746706667,0.866098350000,0.392017275000),
double3(0.098627706667,0.999744920000,0.346364915000),
double3(0.165687480000,0.841469550000,0.410483600000),
double3(0.105394433333,0.543648540000,0.343261650000),
double3(0.158917800000,0.797566200000,0.413588315000),
double3(0.150198490000,0.663484125000,0.306970715000),
double3(0.075220846667,0.667526975000,0.016822415000),
double3(0.111410080000,0.687007280000,0.203826740000),
double3(0.113605480000,0.680419860000,0.453223375000),
double3(0.114589890000,0.687055975000,0.245298650000),
double3(0.141622313333,0.665969210000,0.179950030000),
double3(0.147769780000,0.666133925000,0.263455035000),
double3(0.178090000000,0.645892575000,0.239540620000),
double3(0.174996316667,0.645979375000,0.198238180000),
double3(0.035215980000,0.657206820000,0.495365620000),
double3(0.016502673333,0.616473630000,0.497183100000),
double3(0.311880733333,0.606915705000,0.477087200000),
double3(0.292210100000,0.638032110000,0.455438020000),
double3(0.310397933333,0.678811180000,0.453935000000),
double3(0.015100223333,0.688443975000,0.473813200000),
double3(0.185027976667,0.713429900000,0.082669420000),
double3(0.181120753333,0.748122350000,0.110699410000),
double3(0.216386716667,0.765077400000,0.131479935000),
double3(0.255797133333,0.747783125000,0.124278470000),
double3(0.260029000000,0.713561200000,0.096208325000),
double3(0.224842586667,0.696460440000,0.075388625000),
double3(0.112089433333,0.679065250000,0.496891650000),
double3(0.147737383333,0.692766590000,0.019207880000),
double3(0.147617580000,0.695056230000,0.060834335000),
double3(0.111245693333,0.681641755000,0.080658525000),
double3(0.075480710000,0.668628275000,0.058509420000),
double3(0.141473690000,0.563273785000,0.357363500000),
double3(0.122841090000,0.777941100000,0.399490950000),
double3(0.119137883333,0.930502750000,0.368531400000),
double3(0.145176640000,0.910707150000,0.388323635000),
double3(0.109382360000,0.681650340000,0.122733950000),
double3(0.140622626667,0.664899230000,0.137711080000),
double3(0.009391783333,0.607603735000,0.411990350000),
double3(0.070504783333,0.659265130000,0.362680225000),
double3(0.193093066667,0.683605475000,0.396538050000),
double3(0.198228566667,0.650235550000,0.343125250000),
double3(0.065369286667,0.692635060000,0.416093000000),
double3(0.254199286667,0.735272700000,0.347228825000),
double3(0.176882446667,0.638990315000,0.321986650000),
double3(0.135735166667,0.709390650000,0.438003720000),
double3(0.124882656667,0.683808550000,0.329858550000),
double3(0.091268550000,0.654733700000,0.430586515000),
double3(0.107470006667,0.690888900000,0.912310630000),
double3(0.156177293333,0.650762630000,0.846274020000),
double3(0.312906933333,0.765628200000,0.837640075000),
double3(0.033331513333,0.542816935000,0.954180630000),
double3(0.262637900000,0.657548785000,0.775940925000),
double3(0.278358520000,0.670015665000,0.705896435000),
double3(0.012209296667,0.704537915000,0.688722520000),
double3(0.063745616667,0.726839200000,0.742005885000),
double3(0.048550486667,0.715217320000,0.811882675000),
double3(0.001042446667,0.685237510000,0.983218450000),
double3(0.318706833333,0.672777310000,0.553274870000),
double3(0.251493566667,0.638331190000,0.570504250000),
double3(0.199872033333,0.616129800000,0.517271520000),
double3(0.274732100000,0.796098085000,0.865597935000),
double3(0.215012666667,0.627750485000,0.947375030000),
double3(0.012643813333,0.597608945000,0.804780300000),
double3(0.004134136667,0.529722415000,0.764418485000),
double3(0.273119466667,0.985263050000,0.769634700000),
double3(0.217478156667,0.508493015000,0.816189950000),
double3(0.225592833333,0.575622595000,0.857144950000),
double3(0.250880033333,0.745257540000,0.954338520000),
double3(0.259349883333,0.813116850000,0.994746625000),
double3(0.323726066667,0.857558600000,0.989668050000),
double3(0.046099743333,0.834345350000,0.943190850000),
double3(0.230392316667,0.799940550000,0.804784950000),
double3(0.038025340000,0.767244700000,0.902184130000),
double3(0.282656066667,0.820316525000,0.796966730000),
double3(0.267337143333,0.767558750000,0.776711050000),
double3(0.322083950000,0.546849220000,0.893484350000),
double3(0.284040533333,0.577285140000,0.921688380000),
double3(0.329741700000,0.575013860000,0.982462315000),
double3(0.314465400000,0.522323310000,0.962042950000),
double3(0.073895063333,0.862932620000,0.863439470000),
double3(0.190416416667,0.978282850000,0.893422450000),
double3(0.069489946667,0.985112900000,0.835234225000),
double3(0.194828166667,0.856101400000,0.921612830000),
double3(0.081010993333,0.562296150000,0.830310150000),
double3(0.183306866667,0.778913200000,0.926537425000),
double3(0.064182310000,0.785139530000,0.870444900000),
double3(0.200129390000,0.556080880000,0.886416525000),
double3(0.090807400000,0.702868520000,0.763078600000),
double3(0.085389883333,0.703274920000,0.690669450000),
double3(0.047404343333,0.659781770000,0.574001610000),
double3(0.204144866667,0.629653950000,0.752712280000),
double3(0.198651633333,0.630155070000,0.680291950000),
double3(0.031454656667,0.592128590000,0.513885450000),
double3(0.297686576667,0.575393720000,0.978340270000),
double3(0.262835980000,0.630601450000,0.939923465000),
double3(0.175593466667,0.702916250000,0.504052500000),
double3(0.295052500000,0.702949250000,0.937333225000),
double3(0.028866203333,0.720179530000,0.972476185000),
double3(0.150805176667,0.761988950000,0.616456200000),
double3(0.213160400000,0.791660950000,0.653147370000),
double3(0.283060510000,0.760944000000,0.640398415000),
double3(0.290577410000,0.700224850000,0.590632120000),
double3(0.228548000000,0.669735030000,0.553930500000),
double3(0.285614300000,0.666715965000,0.917333275000),
double3(0.290966000000,0.634906350000,0.856739650000),
double3(0.305959566667,0.707967490000,0.902467000000),
double3(0.278643686667,0.703454630000,0.864282050000),
double3(0.318281890000,0.639419200000,0.894924650000),
double3(0.258245846667,0.662497050000,0.879048615000),
double3(0.005349240000,0.680379110000,0.880161900000),
double3(0.278827786667,0.772003980000,0.840506650000),
double3(0.263810200000,0.791128200000,0.802321075000),
double3(0.318103566667,0.570862540000,0.918671965000),
double3(0.333245176667,0.551568880000,0.956753900000),
double3(0.321732480000,0.683876410000,0.799194800000),
double3(0.292313953333,0.672235475000,0.768850800000),
double3(0.301033633333,0.679377975000,0.729137750000),
double3(0.005565126667,0.698792265000,0.719444260000),
double3(0.034652946667,0.711263465000,0.749476535000),
double3(0.026090940000,0.704059930000,0.789211200000),
double3(0.275222320000,0.659004820000,0.960016220000),
double3(0.304686666667,0.670593990000,0.990336150000),
double3(0.295996133333,0.663454980000,0.530055525000),
double3(0.258111556667,0.644089610000,0.539777515000),
double3(0.228977766667,0.631666300000,0.509771285000),
double3(0.237507400000,0.638870100000,0.970027985000),
double3(0.285451990000,0.593030790000,0.832519600000),
double3(0.317476790000,0.578796870000,0.807089715000),
double3(0.312882383333,0.540225065000,0.784294130000),
double3(0.276647733333,0.515135970000,0.787252725000),
double3(0.245214920000,0.528327320000,0.813378780000),
double3(0.249682843333,0.566906750000,0.836183520000),
double3(0.311449486667,0.749844685000,0.926697400000),
double3(0.279389123333,0.764066750000,0.952082650000),
double3(0.283964700000,0.802621350000,0.974908000000),
double3(0.320216133333,0.827701150000,0.972025720000),
double3(0.018351593333,0.814519400000,0.945940750000),
double3(0.013899126667,0.775957020000,0.923105985000),
double3(0.049698710000,0.683788250000,0.883378050000),
double3(0.213899216667,0.659082415000,0.875840215000),
double3(0.311314533333,0.676158000000,0.841873765000),
double3(0.171811533333,0.540146350000,0.874919750000),
double3(0.092500290000,0.801068850000,0.881936250000),
double3(0.166040460000,0.995829880000,0.879057650000),
double3(0.098270993333,0.845385580000,0.877804250000),
double3(0.128567793333,0.975111500000,0.864837750000),
double3(0.135746706667,0.866098350000,0.892017275000),
double3(0.098627706667,0.999744920000,0.846364915000),
double3(0.165687480000,0.841469550000,0.910483600000),
double3(0.105394433333,0.543648540000,0.843261650000),
double3(0.158917800000,0.797566200000,0.913588315000),
double3(0.150198490000,0.663484125000,0.806970715000),
double3(0.075220846667,0.667526975000,0.516822415000),
double3(0.111410080000,0.687007280000,0.703826740000),
double3(0.113605480000,0.680419860000,0.953223375000),
double3(0.114589890000,0.687055975000,0.745298650000),
double3(0.141622313333,0.665969210000,0.679950030000),
double3(0.147769780000,0.666133925000,0.763455035000),
double3(0.178090000000,0.645892575000,0.739540620000),
double3(0.174996316667,0.645979375000,0.698238180000),
double3(0.035215980000,0.657206820000,0.995365620000),
double3(0.016502673333,0.616473630000,0.997183100000),
double3(0.311880733333,0.606915705000,0.977087200000),
double3(0.292210100000,0.638032110000,0.955438020000),
double3(0.310397933333,0.678811180000,0.953935000000),
double3(0.015100223333,0.688443975000,0.973813200000),
double3(0.185027976667,0.713429900000,0.582669420000),
double3(0.181120753333,0.748122350000,0.610699410000),
double3(0.216386716667,0.765077400000,0.631479935000),
double3(0.255797133333,0.747783125000,0.624278470000),
double3(0.260029000000,0.713561200000,0.596208325000),
double3(0.224842586667,0.696460440000,0.575388625000),
double3(0.112089433333,0.679065250000,0.996891650000),
double3(0.147737383333,0.692766590000,0.519207880000),
double3(0.147617580000,0.695056230000,0.560834335000),
double3(0.111245693333,0.681641755000,0.580658525000),
double3(0.075480710000,0.668628275000,0.558509420000),
double3(0.141473690000,0.563273785000,0.857363500000),
double3(0.122841090000,0.777941100000,0.899490950000),
double3(0.119137883333,0.930502750000,0.868531400000),
double3(0.145176640000,0.910707150000,0.888323635000),
double3(0.109382360000,0.681650340000,0.622733950000),
double3(0.140622626667,0.664899230000,0.637711080000),
double3(0.009391783333,0.607603735000,0.911990350000),
double3(0.070504783333,0.659265130000,0.862680225000),
double3(0.193093066667,0.683605475000,0.896538050000),
double3(0.198228566667,0.650235550000,0.843125250000),
double3(0.065369286667,0.692635060000,0.916093000000),
double3(0.254199286667,0.735272700000,0.847228825000),
double3(0.176882446667,0.638990315000,0.821986650000),
double3(0.135735166667,0.709390650000,0.938003720000),
double3(0.124882656667,0.683808550000,0.829858550000),
double3(0.091268550000,0.654733700000,0.930586515000),
double3(0.440803340000,0.190888900000,0.412310630000),
double3(0.489510626667,0.150762630000,0.346274020000),
double3(0.646240266667,0.265628200000,0.337640075000),
double3(0.366664846667,0.042816935000,0.454180630000),
double3(0.595971233333,0.157548785000,0.275940925000),
double3(0.611691853333,0.170015665000,0.205896435000),
double3(0.345542630000,0.204537915000,0.188722520000),
double3(0.397078950000,0.226839200000,0.242005885000),
double3(0.381883820000,0.215217320000,0.311882675000),
double3(0.334375780000,0.185237510000,0.483218450000),
double3(0.652040166667,0.172777310000,0.053274870000),
double3(0.584826900000,0.138331190000,0.070504250000),
double3(0.533205366667,0.116129800000,0.017271520000),
double3(0.608065433333,0.296098085000,0.365597935000),
double3(0.548346000000,0.127750485000,0.447375030000),
double3(0.345977146667,0.097608945000,0.304780300000),
double3(0.337467470000,0.029722415000,0.264418485000),
double3(0.606452800000,0.485263050000,0.269634700000),
double3(0.550811490000,0.008493015000,0.316189950000),
double3(0.558926166667,0.075622595000,0.357144950000),
double3(0.584213366667,0.245257540000,0.454338520000),
double3(0.592683216667,0.313116850000,0.494746625000),
double3(0.657059400000,0.357558600000,0.489668050000),
double3(0.379433076667,0.334345350000,0.443190850000),
double3(0.563725650000,0.299940550000,0.304784950000),
double3(0.371358673333,0.267244700000,0.402184130000),
double3(0.615989400000,0.320316525000,0.296966730000),
double3(0.600670476667,0.267558750000,0.276711050000),
double3(0.655417283333,0.046849220000,0.393484350000),
double3(0.617373866667,0.077285140000,0.421688380000),
double3(0.663075033333,0.075013860000,0.482462315000),
double3(0.647798733333,0.022323310000,0.462042950000),
double3(0.407228396667,0.362932620000,0.363439470000),
double3(0.523749750000,0.478282850000,0.393422450000),
double3(0.402823280000,0.485112900000,0.335234225000),
double3(0.528161500000,0.356101400000,0.421612830000),
double3(0.414344326667,0.062296150000,0.330310150000),
double3(0.516640200000,0.278913200000,0.426537425000),
double3(0.397515643333,0.285139530000,0.370444900000),
double3(0.533462723333,0.056080880000,0.386416525000),
double3(0.424140733333,0.202868520000,0.263078600000),
double3(0.418723216667,0.203274920000,0.190669450000),
double3(0.380737676667,0.159781770000,0.074001610000),
double3(0.537478200000,0.129653950000,0.252712280000),
double3(0.531984966667,0.130155070000,0.180291950000),
double3(0.364787990000,0.092128590000,0.013885450000),
double3(0.631019910000,0.075393720000,0.478340270000),
double3(0.596169313333,0.130601450000,0.439923465000),
double3(0.508926800000,0.202916250000,0.004052500000),
double3(0.628385833333,0.202949250000,0.437333225000),
double3(0.362199536667,0.220179530000,0.472476185000),
double3(0.484138510000,0.261988950000,0.116456200000),
double3(0.546493733333,0.291660950000,0.153147370000),
double3(0.616393843333,0.260944000000,0.140398415000),
double3(0.623910743333,0.200224850000,0.090632120000),
double3(0.561881333333,0.169735030000,0.053930500000),
double3(0.618947633333,0.166715965000,0.417333275000),
double3(0.624299333333,0.134906350000,0.356739650000),
double3(0.639292900000,0.207967490000,0.402467000000),
double3(0.611977020000,0.203454630000,0.364282050000),
double3(0.651615223333,0.139419200000,0.394924650000),
double3(0.591579180000,0.162497050000,0.379048615000),
double3(0.338682573333,0.180379110000,0.380161900000),
double3(0.612161120000,0.272003980000,0.340506650000),
double3(0.597143533333,0.291128200000,0.302321075000),
double3(0.651436900000,0.070862540000,0.418671965000),
double3(0.666578510000,0.051568880000,0.456753900000),
double3(0.655065813333,0.183876410000,0.299194800000),
double3(0.625647286667,0.172235475000,0.268850800000),
double3(0.634366966667,0.179377975000,0.229137750000),
double3(0.338898460000,0.198792265000,0.219444260000),
double3(0.367986280000,0.211263465000,0.249476535000),
double3(0.359424273333,0.204059930000,0.289211200000),
double3(0.608555653333,0.159004820000,0.460016220000),
double3(0.638020000000,0.170593990000,0.490336150000),
double3(0.629329466667,0.163454980000,0.030055525000),
double3(0.591444890000,0.144089610000,0.039777515000),
double3(0.562311100000,0.131666300000,0.009771285000),
double3(0.570840733333,0.138870100000,0.470027985000),
double3(0.618785323333,0.093030790000,0.332519600000),
double3(0.650810123333,0.078796870000,0.307089715000),
double3(0.646215716667,0.040225065000,0.284294130000),
double3(0.609981066667,0.015135970000,0.287252725000),
double3(0.578548253333,0.028327320000,0.313378780000),
double3(0.583016176667,0.066906750000,0.336183520000),
double3(0.644782820000,0.249844685000,0.426697400000),
double3(0.612722456667,0.264066750000,0.452082650000),
double3(0.617298033333,0.302621350000,0.474908000000),
double3(0.653549466667,0.327701150000,0.472025720000),
double3(0.351684926667,0.314519400000,0.445940750000),
double3(0.347232460000,0.275957020000,0.423105985000),
double3(0.383032043333,0.183788250000,0.383378050000),
double3(0.547232550000,0.159082415000,0.375840215000),
double3(0.644647866667,0.176158000000,0.341873765000),
double3(0.505144866667,0.040146350000,0.374919750000),
double3(0.425833623333,0.301068850000,0.381936250000),
double3(0.499373793333,0.495829880000,0.379057650000),
double3(0.431604326667,0.345385580000,0.377804250000),
double3(0.461901126667,0.475111500000,0.364837750000),
double3(0.469080040000,0.366098350000,0.392017275000),
double3(0.431961040000,0.499744920000,0.346364915000),
double3(0.499020813333,0.341469550000,0.410483600000),
double3(0.438727766667,0.043648540000,0.343261650000),
double3(0.492251133333,0.297566200000,0.413588315000),
double3(0.483531823333,0.163484125000,0.306970715000),
double3(0.408554180000,0.167526975000,0.016822415000),
double3(0.444743413333,0.187007280000,0.203826740000),
double3(0.446938813333,0.180419860000,0.453223375000),
double3(0.447923223333,0.187055975000,0.245298650000),
double3(0.474955646667,0.165969210000,0.179950030000),
double3(0.481103113333,0.166133925000,0.263455035000),
double3(0.511423333333,0.145892575000,0.239540620000),
double3(0.508329650000,0.145979375000,0.198238180000),
double3(0.368549313333,0.157206820000,0.495365620000),
double3(0.349836006667,0.116473630000,0.497183100000),
double3(0.645214066667,0.106915705000,0.477087200000),
double3(0.625543433333,0.138032110000,0.455438020000),
double3(0.643731266667,0.178811180000,0.453935000000),
double3(0.348433556667,0.188443975000,0.473813200000),
double3(0.518361310000,0.213429900000,0.082669420000),
double3(0.514454086667,0.248122350000,0.110699410000),
double3(0.549720050000,0.265077400000,0.131479935000),
double3(0.589130466667,0.247783125000,0.124278470000),
double3(0.593362333333,0.213561200000,0.096208325000),
double3(0.558175920000,0.196460440000,0.075388625000),
double3(0.445422766667,0.179065250000,0.496891650000),
double3(0.481070716667,0.192766590000,0.019207880000),
double3(0.480950913333,0.195056230000,0.060834335000),
double3(0.444579026667,0.181641755000,0.080658525000),
double3(0.408814043333,0.168628275000,0.058509420000),
double3(0.474807023333,0.063273785000,0.357363500000),
double3(0.456174423333,0.277941100000,0.399490950000),
double3(0.452471216667,0.430502750000,0.368531400000),
double3(0.478509973333,0.410707150000,0.388323635000),
double3(0.442715693333,0.181650340000,0.122733950000),
double3(0.473955960000,0.164899230000,0.137711080000),
double3(0.342725116667,0.107603735000,0.411990350000),
double3(0.403838116667,0.159265130000,0.362680225000),
double3(0.526426400000,0.183605475000,0.396538050000),
double3(0.531561900000,0.150235550000,0.343125250000),
double3(0.398702620000,0.192635060000,0.416093000000),
double3(0.587532620000,0.235272700000,0.347228825000),
double3(0.510215780000,0.138990315000,0.321986650000),
double3(0.469068500000,0.209390650000,0.438003720000),
double3(0.458215990000,0.183808550000,0.329858550000),
double3(0.424601883333,0.154733700000,0.430586515000),
double3(0.440803340000,0.190888900000,0.912310630000),
double3(0.489510626667,0.150762630000,0.846274020000),
double3(0.646240266667,0.265628200000,0.837640075000),
double3(0.366664846667,0.042816935000,0.954180630000),
double3(0.595971233333,0.157548785000,0.775940925000),
double3(0.611691853333,0.170015665000,0.705896435000),
double3(0.345542630000,0.204537915000,0.688722520000),
double3(0.397078950000,0.226839200000,0.742005885000),
double3(0.381883820000,0.215217320000,0.811882675000),
double3(0.334375780000,0.185237510000,0.983218450000),
double3(0.652040166667,0.172777310000,0.553274870000),
double3(0.584826900000,0.138331190000,0.570504250000),
double3(0.533205366667,0.116129800000,0.517271520000),
double3(0.608065433333,0.296098085000,0.865597935000),
double3(0.548346000000,0.127750485000,0.947375030000),
double3(0.345977146667,0.097608945000,0.804780300000),
double3(0.337467470000,0.029722415000,0.764418485000),
double3(0.606452800000,0.485263050000,0.769634700000),
double3(0.550811490000,0.008493015000,0.816189950000),
double3(0.558926166667,0.075622595000,0.857144950000),
double3(0.584213366667,0.245257540000,0.954338520000),
double3(0.592683216667,0.313116850000,0.994746625000),
double3(0.657059400000,0.357558600000,0.989668050000),
double3(0.379433076667,0.334345350000,0.943190850000),
double3(0.563725650000,0.299940550000,0.804784950000),
double3(0.371358673333,0.267244700000,0.902184130000),
double3(0.615989400000,0.320316525000,0.796966730000),
double3(0.600670476667,0.267558750000,0.776711050000),
double3(0.655417283333,0.046849220000,0.893484350000),
double3(0.617373866667,0.077285140000,0.921688380000),
double3(0.663075033333,0.075013860000,0.982462315000),
double3(0.647798733333,0.022323310000,0.962042950000),
double3(0.407228396667,0.362932620000,0.863439470000),
double3(0.523749750000,0.478282850000,0.893422450000),
double3(0.402823280000,0.485112900000,0.835234225000),
double3(0.528161500000,0.356101400000,0.921612830000),
double3(0.414344326667,0.062296150000,0.830310150000),
double3(0.516640200000,0.278913200000,0.926537425000),
double3(0.397515643333,0.285139530000,0.870444900000),
double3(0.533462723333,0.056080880000,0.886416525000),
double3(0.424140733333,0.202868520000,0.763078600000),
double3(0.418723216667,0.203274920000,0.690669450000),
double3(0.380737676667,0.159781770000,0.574001610000),
double3(0.537478200000,0.129653950000,0.752712280000),
double3(0.531984966667,0.130155070000,0.680291950000),
double3(0.364787990000,0.092128590000,0.513885450000),
double3(0.631019910000,0.075393720000,0.978340270000),
double3(0.596169313333,0.130601450000,0.939923465000),
double3(0.508926800000,0.202916250000,0.504052500000),
double3(0.628385833333,0.202949250000,0.937333225000),
double3(0.362199536667,0.220179530000,0.972476185000),
double3(0.484138510000,0.261988950000,0.616456200000),
double3(0.546493733333,0.291660950000,0.653147370000),
double3(0.616393843333,0.260944000000,0.640398415000),
double3(0.623910743333,0.200224850000,0.590632120000),
double3(0.561881333333,0.169735030000,0.553930500000),
double3(0.618947633333,0.166715965000,0.917333275000),
double3(0.624299333333,0.134906350000,0.856739650000),
double3(0.639292900000,0.207967490000,0.902467000000),
double3(0.611977020000,0.203454630000,0.864282050000),
double3(0.651615223333,0.139419200000,0.894924650000),
double3(0.591579180000,0.162497050000,0.879048615000),
double3(0.338682573333,0.180379110000,0.880161900000),
double3(0.612161120000,0.272003980000,0.840506650000),
double3(0.597143533333,0.291128200000,0.802321075000),
double3(0.651436900000,0.070862540000,0.918671965000),
double3(0.666578510000,0.051568880000,0.956753900000),
double3(0.655065813333,0.183876410000,0.799194800000),
double3(0.625647286667,0.172235475000,0.768850800000),
double3(0.634366966667,0.179377975000,0.729137750000),
double3(0.338898460000,0.198792265000,0.719444260000),
double3(0.367986280000,0.211263465000,0.749476535000),
double3(0.359424273333,0.204059930000,0.789211200000),
double3(0.608555653333,0.159004820000,0.960016220000),
double3(0.638020000000,0.170593990000,0.990336150000),
double3(0.629329466667,0.163454980000,0.530055525000),
double3(0.591444890000,0.144089610000,0.539777515000),
double3(0.562311100000,0.131666300000,0.509771285000),
double3(0.570840733333,0.138870100000,0.970027985000),
double3(0.618785323333,0.093030790000,0.832519600000),
double3(0.650810123333,0.078796870000,0.807089715000),
double3(0.646215716667,0.040225065000,0.784294130000),
double3(0.609981066667,0.015135970000,0.787252725000),
double3(0.578548253333,0.028327320000,0.813378780000),
double3(0.583016176667,0.066906750000,0.836183520000),
double3(0.644782820000,0.249844685000,0.926697400000),
double3(0.612722456667,0.264066750000,0.952082650000),
double3(0.617298033333,0.302621350000,0.974908000000),
double3(0.653549466667,0.327701150000,0.972025720000),
double3(0.351684926667,0.314519400000,0.945940750000),
double3(0.347232460000,0.275957020000,0.923105985000),
double3(0.383032043333,0.183788250000,0.883378050000),
double3(0.547232550000,0.159082415000,0.875840215000),
double3(0.644647866667,0.176158000000,0.841873765000),
double3(0.505144866667,0.040146350000,0.874919750000),
double3(0.425833623333,0.301068850000,0.881936250000),
double3(0.499373793333,0.495829880000,0.879057650000),
double3(0.431604326667,0.345385580000,0.877804250000),
double3(0.461901126667,0.475111500000,0.864837750000),
double3(0.469080040000,0.366098350000,0.892017275000),
double3(0.431961040000,0.499744920000,0.846364915000),
double3(0.499020813333,0.341469550000,0.910483600000),
double3(0.438727766667,0.043648540000,0.843261650000),
double3(0.492251133333,0.297566200000,0.913588315000),
double3(0.483531823333,0.163484125000,0.806970715000),
double3(0.408554180000,0.167526975000,0.516822415000),
double3(0.444743413333,0.187007280000,0.703826740000),
double3(0.446938813333,0.180419860000,0.953223375000),
double3(0.447923223333,0.187055975000,0.745298650000),
double3(0.474955646667,0.165969210000,0.679950030000),
double3(0.481103113333,0.166133925000,0.763455035000),
double3(0.511423333333,0.145892575000,0.739540620000),
double3(0.508329650000,0.145979375000,0.698238180000),
double3(0.368549313333,0.157206820000,0.995365620000),
double3(0.349836006667,0.116473630000,0.997183100000),
double3(0.645214066667,0.106915705000,0.977087200000),
double3(0.625543433333,0.138032110000,0.955438020000),
double3(0.643731266667,0.178811180000,0.953935000000),
double3(0.348433556667,0.188443975000,0.973813200000),
double3(0.518361310000,0.213429900000,0.582669420000),
double3(0.514454086667,0.248122350000,0.610699410000),
double3(0.549720050000,0.265077400000,0.631479935000),
double3(0.589130466667,0.247783125000,0.624278470000),
double3(0.593362333333,0.213561200000,0.596208325000),
double3(0.558175920000,0.196460440000,0.575388625000),
double3(0.445422766667,0.179065250000,0.996891650000),
double3(0.481070716667,0.192766590000,0.519207880000),
double3(0.480950913333,0.195056230000,0.560834335000),
double3(0.444579026667,0.181641755000,0.580658525000),
double3(0.408814043333,0.168628275000,0.558509420000),
double3(0.474807023333,0.063273785000,0.857363500000),
double3(0.456174423333,0.277941100000,0.899490950000),
double3(0.452471216667,0.430502750000,0.868531400000),
double3(0.478509973333,0.410707150000,0.888323635000),
double3(0.442715693333,0.181650340000,0.622733950000),
double3(0.473955960000,0.164899230000,0.637711080000),
double3(0.342725116667,0.107603735000,0.911990350000),
double3(0.403838116667,0.159265130000,0.862680225000),
double3(0.526426400000,0.183605475000,0.896538050000),
double3(0.531561900000,0.150235550000,0.843125250000),
double3(0.398702620000,0.192635060000,0.916093000000),
double3(0.587532620000,0.235272700000,0.847228825000),
double3(0.510215780000,0.138990315000,0.821986650000),
double3(0.469068500000,0.209390650000,0.938003720000),
double3(0.458215990000,0.183808550000,0.829858550000),
double3(0.424601883333,0.154733700000,0.930586515000),
double3(0.440803340000,0.690888900000,0.412310630000),
double3(0.489510626667,0.650762630000,0.346274020000),
double3(0.646240266667,0.765628200000,0.337640075000),
double3(0.366664846667,0.542816935000,0.454180630000),
double3(0.595971233333,0.657548785000,0.275940925000),
double3(0.611691853333,0.670015665000,0.205896435000),
double3(0.345542630000,0.704537915000,0.188722520000),
double3(0.397078950000,0.726839200000,0.242005885000),
double3(0.381883820000,0.715217320000,0.311882675000),
double3(0.334375780000,0.685237510000,0.483218450000),
double3(0.652040166667,0.672777310000,0.053274870000),
double3(0.584826900000,0.638331190000,0.070504250000),
double3(0.533205366667,0.616129800000,0.017271520000),
double3(0.608065433333,0.796098085000,0.365597935000),
double3(0.548346000000,0.627750485000,0.447375030000),
double3(0.345977146667,0.597608945000,0.304780300000),
double3(0.337467470000,0.529722415000,0.264418485000),
double3(0.606452800000,0.985263050000,0.269634700000),
double3(0.550811490000,0.508493015000,0.316189950000),
double3(0.558926166667,0.575622595000,0.357144950000),
double3(0.584213366667,0.745257540000,0.454338520000),
double3(0.592683216667,0.813116850000,0.494746625000),
double3(0.657059400000,0.857558600000,0.489668050000),
double3(0.379433076667,0.834345350000,0.443190850000),
double3(0.563725650000,0.799940550000,0.304784950000),
double3(0.371358673333,0.767244700000,0.402184130000),
double3(0.615989400000,0.820316525000,0.296966730000),
double3(0.600670476667,0.767558750000,0.276711050000),
double3(0.655417283333,0.546849220000,0.393484350000),
double3(0.617373866667,0.577285140000,0.421688380000),
double3(0.663075033333,0.575013860000,0.482462315000),
double3(0.647798733333,0.522323310000,0.462042950000),
double3(0.407228396667,0.862932620000,0.363439470000),
double3(0.523749750000,0.978282850000,0.393422450000),
double3(0.402823280000,0.985112900000,0.335234225000),
double3(0.528161500000,0.856101400000,0.421612830000),
double3(0.414344326667,0.562296150000,0.330310150000),
double3(0.516640200000,0.778913200000,0.426537425000),
double3(0.397515643333,0.785139530000,0.370444900000),
double3(0.533462723333,0.556080880000,0.386416525000),
double3(0.424140733333,0.702868520000,0.263078600000),
double3(0.418723216667,0.703274920000,0.190669450000),
double3(0.380737676667,0.659781770000,0.074001610000),
double3(0.537478200000,0.629653950000,0.252712280000),
double3(0.531984966667,0.630155070000,0.180291950000),
double3(0.364787990000,0.592128590000,0.013885450000),
double3(0.631019910000,0.575393720000,0.478340270000),
double3(0.596169313333,0.630601450000,0.439923465000),
double3(0.508926800000,0.702916250000,0.004052500000),
double3(0.628385833333,0.702949250000,0.437333225000),
double3(0.362199536667,0.720179530000,0.472476185000),
double3(0.484138510000,0.761988950000,0.116456200000),
double3(0.546493733333,0.791660950000,0.153147370000),
double3(0.616393843333,0.760944000000,0.140398415000),
double3(0.623910743333,0.700224850000,0.090632120000),
double3(0.561881333333,0.669735030000,0.053930500000),
double3(0.618947633333,0.666715965000,0.417333275000),
double3(0.624299333333,0.634906350000,0.356739650000),
double3(0.639292900000,0.707967490000,0.402467000000),
double3(0.611977020000,0.703454630000,0.364282050000),
double3(0.651615223333,0.639419200000,0.394924650000),
double3(0.591579180000,0.662497050000,0.379048615000),
double3(0.338682573333,0.680379110000,0.380161900000),
double3(0.612161120000,0.772003980000,0.340506650000),
double3(0.597143533333,0.791128200000,0.302321075000),
double3(0.651436900000,0.570862540000,0.418671965000),
double3(0.666578510000,0.551568880000,0.456753900000),
double3(0.655065813333,0.683876410000,0.299194800000),
double3(0.625647286667,0.672235475000,0.268850800000),
double3(0.634366966667,0.679377975000,0.229137750000),
double3(0.338898460000,0.698792265000,0.219444260000),
double3(0.367986280000,0.711263465000,0.249476535000),
double3(0.359424273333,0.704059930000,0.289211200000),
double3(0.608555653333,0.659004820000,0.460016220000),
double3(0.638020000000,0.670593990000,0.490336150000),
double3(0.629329466667,0.663454980000,0.030055525000),
double3(0.591444890000,0.644089610000,0.039777515000),
double3(0.562311100000,0.631666300000,0.009771285000),
double3(0.570840733333,0.638870100000,0.470027985000),
double3(0.618785323333,0.593030790000,0.332519600000),
double3(0.650810123333,0.578796870000,0.307089715000),
double3(0.646215716667,0.540225065000,0.284294130000),
double3(0.609981066667,0.515135970000,0.287252725000),
double3(0.578548253333,0.528327320000,0.313378780000),
double3(0.583016176667,0.566906750000,0.336183520000),
double3(0.644782820000,0.749844685000,0.426697400000),
double3(0.612722456667,0.764066750000,0.452082650000),
double3(0.617298033333,0.802621350000,0.474908000000),
double3(0.653549466667,0.827701150000,0.472025720000),
double3(0.351684926667,0.814519400000,0.445940750000),
double3(0.347232460000,0.775957020000,0.423105985000),
double3(0.383032043333,0.683788250000,0.383378050000),
double3(0.547232550000,0.659082415000,0.375840215000),
double3(0.644647866667,0.676158000000,0.341873765000),
double3(0.505144866667,0.540146350000,0.374919750000),
double3(0.425833623333,0.801068850000,0.381936250000),
double3(0.499373793333,0.995829880000,0.379057650000),
double3(0.431604326667,0.845385580000,0.377804250000),
double3(0.461901126667,0.975111500000,0.364837750000),
double3(0.469080040000,0.866098350000,0.392017275000),
double3(0.431961040000,0.999744920000,0.346364915000),
double3(0.499020813333,0.841469550000,0.410483600000),
double3(0.438727766667,0.543648540000,0.343261650000),
double3(0.492251133333,0.797566200000,0.413588315000),
double3(0.483531823333,0.663484125000,0.306970715000),
double3(0.408554180000,0.667526975000,0.016822415000),
double3(0.444743413333,0.687007280000,0.203826740000),
double3(0.446938813333,0.680419860000,0.453223375000),
double3(0.447923223333,0.687055975000,0.245298650000),
double3(0.474955646667,0.665969210000,0.179950030000),
double3(0.481103113333,0.666133925000,0.263455035000),
double3(0.511423333333,0.645892575000,0.239540620000),
double3(0.508329650000,0.645979375000,0.198238180000),
double3(0.368549313333,0.657206820000,0.495365620000),
double3(0.349836006667,0.616473630000,0.497183100000),
double3(0.645214066667,0.606915705000,0.477087200000),
double3(0.625543433333,0.638032110000,0.455438020000),
double3(0.643731266667,0.678811180000,0.453935000000),
double3(0.348433556667,0.688443975000,0.473813200000),
double3(0.518361310000,0.713429900000,0.082669420000),
double3(0.514454086667,0.748122350000,0.110699410000),
double3(0.549720050000,0.765077400000,0.131479935000),
double3(0.589130466667,0.747783125000,0.124278470000),
double3(0.593362333333,0.713561200000,0.096208325000),
double3(0.558175920000,0.696460440000,0.075388625000),
double3(0.445422766667,0.679065250000,0.496891650000),
double3(0.481070716667,0.692766590000,0.019207880000),
double3(0.480950913333,0.695056230000,0.060834335000),
double3(0.444579026667,0.681641755000,0.080658525000),
double3(0.408814043333,0.668628275000,0.058509420000),
double3(0.474807023333,0.563273785000,0.357363500000),
double3(0.456174423333,0.777941100000,0.399490950000),
double3(0.452471216667,0.930502750000,0.368531400000),
double3(0.478509973333,0.910707150000,0.388323635000),
double3(0.442715693333,0.681650340000,0.122733950000),
double3(0.473955960000,0.664899230000,0.137711080000),
double3(0.342725116667,0.607603735000,0.411990350000),
double3(0.403838116667,0.659265130000,0.362680225000),
double3(0.526426400000,0.683605475000,0.396538050000),
double3(0.531561900000,0.650235550000,0.343125250000),
double3(0.398702620000,0.692635060000,0.416093000000),
double3(0.587532620000,0.735272700000,0.347228825000),
double3(0.510215780000,0.638990315000,0.321986650000),
double3(0.469068500000,0.709390650000,0.438003720000),
double3(0.458215990000,0.683808550000,0.329858550000),
double3(0.424601883333,0.654733700000,0.430586515000),
double3(0.440803340000,0.690888900000,0.912310630000),
double3(0.489510626667,0.650762630000,0.846274020000),
double3(0.646240266667,0.765628200000,0.837640075000),
double3(0.366664846667,0.542816935000,0.954180630000),
double3(0.595971233333,0.657548785000,0.775940925000),
double3(0.611691853333,0.670015665000,0.705896435000),
double3(0.345542630000,0.704537915000,0.688722520000),
double3(0.397078950000,0.726839200000,0.742005885000),
double3(0.381883820000,0.715217320000,0.811882675000),
double3(0.334375780000,0.685237510000,0.983218450000),
double3(0.652040166667,0.672777310000,0.553274870000),
double3(0.584826900000,0.638331190000,0.570504250000),
double3(0.533205366667,0.616129800000,0.517271520000),
double3(0.608065433333,0.796098085000,0.865597935000),
double3(0.548346000000,0.627750485000,0.947375030000),
double3(0.345977146667,0.597608945000,0.804780300000),
double3(0.337467470000,0.529722415000,0.764418485000),
double3(0.606452800000,0.985263050000,0.769634700000),
double3(0.550811490000,0.508493015000,0.816189950000),
double3(0.558926166667,0.575622595000,0.857144950000),
double3(0.584213366667,0.745257540000,0.954338520000),
double3(0.592683216667,0.813116850000,0.994746625000),
double3(0.657059400000,0.857558600000,0.989668050000),
double3(0.379433076667,0.834345350000,0.943190850000),
double3(0.563725650000,0.799940550000,0.804784950000),
double3(0.371358673333,0.767244700000,0.902184130000),
double3(0.615989400000,0.820316525000,0.796966730000),
double3(0.600670476667,0.767558750000,0.776711050000),
double3(0.655417283333,0.546849220000,0.893484350000),
double3(0.617373866667,0.577285140000,0.921688380000),
double3(0.663075033333,0.575013860000,0.982462315000),
double3(0.647798733333,0.522323310000,0.962042950000),
double3(0.407228396667,0.862932620000,0.863439470000),
double3(0.523749750000,0.978282850000,0.893422450000),
double3(0.402823280000,0.985112900000,0.835234225000),
double3(0.528161500000,0.856101400000,0.921612830000),
double3(0.414344326667,0.562296150000,0.830310150000),
double3(0.516640200000,0.778913200000,0.926537425000),
double3(0.397515643333,0.785139530000,0.870444900000),
double3(0.533462723333,0.556080880000,0.886416525000),
double3(0.424140733333,0.702868520000,0.763078600000),
double3(0.418723216667,0.703274920000,0.690669450000),
double3(0.380737676667,0.659781770000,0.574001610000),
double3(0.537478200000,0.629653950000,0.752712280000),
double3(0.531984966667,0.630155070000,0.680291950000),
double3(0.364787990000,0.592128590000,0.513885450000),
double3(0.631019910000,0.575393720000,0.978340270000),
double3(0.596169313333,0.630601450000,0.939923465000),
double3(0.508926800000,0.702916250000,0.504052500000),
double3(0.628385833333,0.702949250000,0.937333225000),
double3(0.362199536667,0.720179530000,0.972476185000),
double3(0.484138510000,0.761988950000,0.616456200000),
double3(0.546493733333,0.791660950000,0.653147370000),
double3(0.616393843333,0.760944000000,0.640398415000),
double3(0.623910743333,0.700224850000,0.590632120000),
double3(0.561881333333,0.669735030000,0.553930500000),
double3(0.618947633333,0.666715965000,0.917333275000),
double3(0.624299333333,0.634906350000,0.856739650000),
double3(0.639292900000,0.707967490000,0.902467000000),
double3(0.611977020000,0.703454630000,0.864282050000),
double3(0.651615223333,0.639419200000,0.894924650000),
double3(0.591579180000,0.662497050000,0.879048615000),
double3(0.338682573333,0.680379110000,0.880161900000),
double3(0.612161120000,0.772003980000,0.840506650000),
double3(0.597143533333,0.791128200000,0.802321075000),
double3(0.651436900000,0.570862540000,0.918671965000),
double3(0.666578510000,0.551568880000,0.956753900000),
double3(0.655065813333,0.683876410000,0.799194800000),
double3(0.625647286667,0.672235475000,0.768850800000),
double3(0.634366966667,0.679377975000,0.729137750000),
double3(0.338898460000,0.698792265000,0.719444260000),
double3(0.367986280000,0.711263465000,0.749476535000),
double3(0.359424273333,0.704059930000,0.789211200000),
double3(0.608555653333,0.659004820000,0.960016220000),
double3(0.638020000000,0.670593990000,0.990336150000),
double3(0.629329466667,0.663454980000,0.530055525000),
double3(0.591444890000,0.644089610000,0.539777515000),
double3(0.562311100000,0.631666300000,0.509771285000),
double3(0.570840733333,0.638870100000,0.970027985000),
double3(0.618785323333,0.593030790000,0.832519600000),
double3(0.650810123333,0.578796870000,0.807089715000),
double3(0.646215716667,0.540225065000,0.784294130000),
double3(0.609981066667,0.515135970000,0.787252725000),
double3(0.578548253333,0.528327320000,0.813378780000),
double3(0.583016176667,0.566906750000,0.836183520000),
double3(0.644782820000,0.749844685000,0.926697400000),
double3(0.612722456667,0.764066750000,0.952082650000),
double3(0.617298033333,0.802621350000,0.974908000000),
double3(0.653549466667,0.827701150000,0.972025720000),
double3(0.351684926667,0.814519400000,0.945940750000),
double3(0.347232460000,0.775957020000,0.923105985000),
double3(0.383032043333,0.683788250000,0.883378050000),
double3(0.547232550000,0.659082415000,0.875840215000),
double3(0.644647866667,0.676158000000,0.841873765000),
double3(0.505144866667,0.540146350000,0.874919750000),
double3(0.425833623333,0.801068850000,0.881936250000),
double3(0.499373793333,0.995829880000,0.879057650000),
double3(0.431604326667,0.845385580000,0.877804250000),
double3(0.461901126667,0.975111500000,0.864837750000),
double3(0.469080040000,0.866098350000,0.892017275000),
double3(0.431961040000,0.999744920000,0.846364915000),
double3(0.499020813333,0.841469550000,0.910483600000),
double3(0.438727766667,0.543648540000,0.843261650000),
double3(0.492251133333,0.797566200000,0.913588315000),
double3(0.483531823333,0.663484125000,0.806970715000),
double3(0.408554180000,0.667526975000,0.516822415000),
double3(0.444743413333,0.687007280000,0.703826740000),
double3(0.446938813333,0.680419860000,0.953223375000),
double3(0.447923223333,0.687055975000,0.745298650000),
double3(0.474955646667,0.665969210000,0.679950030000),
double3(0.481103113333,0.666133925000,0.763455035000),
double3(0.511423333333,0.645892575000,0.739540620000),
double3(0.508329650000,0.645979375000,0.698238180000),
double3(0.368549313333,0.657206820000,0.995365620000),
double3(0.349836006667,0.616473630000,0.997183100000),
double3(0.645214066667,0.606915705000,0.977087200000),
double3(0.625543433333,0.638032110000,0.955438020000),
double3(0.643731266667,0.678811180000,0.953935000000),
double3(0.348433556667,0.688443975000,0.973813200000),
double3(0.518361310000,0.713429900000,0.582669420000),
double3(0.514454086667,0.748122350000,0.610699410000),
double3(0.549720050000,0.765077400000,0.631479935000),
double3(0.589130466667,0.747783125000,0.624278470000),
double3(0.593362333333,0.713561200000,0.596208325000),
double3(0.558175920000,0.696460440000,0.575388625000),
double3(0.445422766667,0.679065250000,0.996891650000),
double3(0.481070716667,0.692766590000,0.519207880000),
double3(0.480950913333,0.695056230000,0.560834335000),
double3(0.444579026667,0.681641755000,0.580658525000),
double3(0.408814043333,0.668628275000,0.558509420000),
double3(0.474807023333,0.563273785000,0.857363500000),
double3(0.456174423333,0.777941100000,0.899490950000),
double3(0.452471216667,0.930502750000,0.868531400000),
double3(0.478509973333,0.910707150000,0.888323635000),
double3(0.442715693333,0.681650340000,0.622733950000),
double3(0.473955960000,0.664899230000,0.637711080000),
double3(0.342725116667,0.607603735000,0.911990350000),
double3(0.403838116667,0.659265130000,0.862680225000),
double3(0.526426400000,0.683605475000,0.896538050000),
double3(0.531561900000,0.650235550000,0.843125250000),
double3(0.398702620000,0.692635060000,0.916093000000),
double3(0.587532620000,0.735272700000,0.847228825000),
double3(0.510215780000,0.638990315000,0.821986650000),
double3(0.469068500000,0.709390650000,0.938003720000),
double3(0.458215990000,0.683808550000,0.829858550000),
double3(0.424601883333,0.654733700000,0.930586515000),
double3(0.774136673333,0.190888900000,0.412310630000),
double3(0.822843960000,0.150762630000,0.346274020000),
double3(0.979573600000,0.265628200000,0.337640075000),
double3(0.699998180000,0.042816935000,0.454180630000),
double3(0.929304566667,0.157548785000,0.275940925000),
double3(0.945025186667,0.170015665000,0.205896435000),
double3(0.678875963333,0.204537915000,0.188722520000),
double3(0.730412283333,0.226839200000,0.242005885000),
double3(0.715217153333,0.215217320000,0.311882675000),
double3(0.667709113333,0.185237510000,0.483218450000),
double3(0.985373500000,0.172777310000,0.053274870000),
double3(0.918160233333,0.138331190000,0.070504250000),
double3(0.866538700000,0.116129800000,0.017271520000),
double3(0.941398766667,0.296098085000,0.365597935000),
double3(0.881679333333,0.127750485000,0.447375030000),
double3(0.679310480000,0.097608945000,0.304780300000),
double3(0.670800803333,0.029722415000,0.264418485000),
double3(0.939786133333,0.485263050000,0.269634700000),
double3(0.884144823333,0.008493015000,0.316189950000),
double3(0.892259500000,0.075622595000,0.357144950000),
double3(0.917546700000,0.245257540000,0.454338520000),
double3(0.926016550000,0.313116850000,0.494746625000),
double3(0.990392733333,0.357558600000,0.489668050000),
double3(0.712766410000,0.334345350000,0.443190850000),
double3(0.897058983333,0.299940550000,0.304784950000),
double3(0.704692006667,0.267244700000,0.402184130000),
double3(0.949322733333,0.320316525000,0.296966730000),
double3(0.934003810000,0.267558750000,0.276711050000),
double3(0.988750616667,0.046849220000,0.393484350000),
double3(0.950707200000,0.077285140000,0.421688380000),
double3(0.996408366667,0.075013860000,0.482462315000),
double3(0.981132066667,0.022323310000,0.462042950000),
double3(0.740561730000,0.362932620000,0.363439470000),
double3(0.857083083333,0.478282850000,0.393422450000),
double3(0.736156613333,0.485112900000,0.335234225000),
double3(0.861494833333,0.356101400000,0.421612830000),
double3(0.747677660000,0.062296150000,0.330310150000),
double3(0.849973533333,0.278913200000,0.426537425000),
double3(0.730848976667,0.285139530000,0.370444900000),
double3(0.866796056667,0.056080880000,0.386416525000),
double3(0.757474066667,0.202868520000,0.263078600000),
double3(0.752056550000,0.203274920000,0.190669450000),
double3(0.714071010000,0.159781770000,0.074001610000),
double3(0.870811533333,0.129653950000,0.252712280000),
double3(0.865318300000,0.130155070000,0.180291950000),
double3(0.698121323333,0.092128590000,0.013885450000),
double3(0.964353243333,0.075393720000,0.478340270000),
double3(0.929502646667,0.130601450000,0.439923465000),
double3(0.842260133333,0.202916250000,0.004052500000),
double3(0.961719166667,0.202949250000,0.437333225000),
double3(0.695532870000,0.220179530000,0.472476185000),
double3(0.817471843333,0.261988950000,0.116456200000),
double3(0.879827066667,0.291660950000,0.153147370000),
double3(0.949727176667,0.260944000000,0.140398415000),
double3(0.957244076667,0.200224850000,0.090632120000),
double3(0.895214666667,0.169735030000,0.053930500000),
double3(0.952280966667,0.166715965000,0.417333275000),
double3(0.957632666667,0.134906350000,0.356739650000),
double3(0.972626233333,0.207967490000,0.402467000000),
double3(0.945310353333,0.203454630000,0.364282050000),
double3(0.984948556667,0.139419200000,0.394924650000),
double3(0.924912513333,0.162497050000,0.379048615000),
double3(0.672015906667,0.180379110000,0.380161900000),
double3(0.945494453333,0.272003980000,0.340506650000),
double3(0.930476866667,0.291128200000,0.302321075000),
double3(0.984770233333,0.070862540000,0.418671965000),
double3(0.999911843333,0.051568880000,0.456753900000),
double3(0.988399146667,0.183876410000,0.299194800000),
double3(0.958980620000,0.172235475000,0.268850800000),
double3(0.967700300000,0.179377975000,0.229137750000),
double3(0.672231793333,0.198792265000,0.219444260000),
double3(0.701319613333,0.211263465000,0.249476535000),
double3(0.692757606667,0.204059930000,0.289211200000),
double3(0.941888986667,0.159004820000,0.460016220000),
double3(0.971353333333,0.170593990000,0.490336150000),
double3(0.962662800000,0.163454980000,0.030055525000),
double3(0.924778223333,0.144089610000,0.039777515000),
double3(0.895644433333,0.131666300000,0.009771285000),
double3(0.904174066667,0.138870100000,0.470027985000),
double3(0.952118656667,0.093030790000,0.332519600000),
double3(0.984143456667,0.078796870000,0.307089715000),
double3(0.979549050000,0.040225065000,0.284294130000),
double3(0.943314400000,0.015135970000,0.287252725000),
double3(0.911881586667,0.028327320000,0.313378780000),
double3(0.916349510000,0.066906750000,0.336183520000),
double3(0.978116153333,0.249844685000,0.426697400000),
double3(0.946055790000,0.264066750000,0.452082650000),
double3(0.950631366667,0.302621350000,0.474908000000),
double3(0.986882800000,0.327701150000,0.472025720000),
double3(0.685018260000,0.314519400000,0.445940750000),
double3(0.680565793333,0.275957020000,0.423105985000),
double3(0.716365376667,0.183788250000,0.383378050000),
double3(0.880565883333,0.159082415000,0.375840215000),
double3(0.977981200000,0.176158000000,0.341873765000),
double3(0.838478200000,0.040146350000,0.374919750000),
double3(0.759166956667,0.301068850000,0.381936250000),
double3(0.832707126667,0.495829880000,0.379057650000),
double3(0.764937660000,0.345385580000,0.377804250000),
double3(0.795234460000,0.475111500000,0.364837750000),
double3(0.802413373333,0.366098350000,0.392017275000),
double3(0.765294373333,0.499744920000,0.346364915000),
double3(0.832354146667,0.341469550000,0.410483600000),
double3(0.772061100000,0.043648540000,0.343261650000),
double3(0.825584466667,0.297566200000,0.413588315000),
double3(0.816865156667,0.163484125000,0.306970715000),
double3(0.741887513333,0.167526975000,0.016822415000),
double3(0.778076746667,0.187007280000,0.203826740000),
double3(0.780272146667,0.180419860000,0.453223375000),
double3(0.781256556667,0.187055975000,0.245298650000),
double3(0.808288980000,0.165969210000,0.179950030000),
double3(0.814436446667,0.166133925000,0.263455035000),
double3(0.844756666667,0.145892575000,0.239540620000),
double3(0.841662983333,0.145979375000,0.198238180000),
double3(0.701882646667,0.157206820000,0.495365620000),
double3(0.683169340000,0.116473630000,0.497183100000),
double3(0.978547400000,0.106915705000,0.477087200000),
double3(0.958876766667,0.138032110000,0.455438020000),
double3(0.977064600000,0.178811180000,0.453935000000),
double3(0.681766890000,0.188443975000,0.473813200000),
double3(0.851694643333,0.213429900000,0.082669420000),
double3(0.847787420000,0.248122350000,0.110699410000),
double3(0.883053383333,0.265077400000,0.131479935000),
double3(0.922463800000,0.247783125000,0.124278470000),
double3(0.926695666667,0.213561200000,0.096208325000),
double3(0.891509253333,0.196460440000,0.075388625000),
double3(0.778756100000,0.179065250000,0.496891650000),
double3(0.814404050000,0.192766590000,0.019207880000),
double3(0.814284246667,0.195056230000,0.060834335000),
double3(0.777912360000,0.181641755000,0.080658525000),
double3(0.742147376667,0.168628275000,0.058509420000),
double3(0.808140356667,0.063273785000,0.357363500000),
double3(0.789507756667,0.277941100000,0.399490950000),
double3(0.785804550000,0.430502750000,0.368531400000),
double3(0.811843306667,0.410707150000,0.388323635000),
double3(0.776049026667,0.181650340000,0.122733950000),
double3(0.807289293333,0.164899230000,0.137711080000),
double3(0.676058450000,0.107603735000,0.411990350000),
double3(0.737171450000,0.159265130000,0.362680225000),
double3(0.859759733333,0.183605475000,0.396538050000),
double3(0.864895233333,0.150235550000,0.343125250000),
double3(0.732035953333,0.192635060000,0.416093000000),
double3(0.920865953333,0.235272700000,0.347228825000),
double3(0.843549113333,0.138990315000,0.321986650000),
double3(0.802401833333,0.209390650000,0.438003720000),
double3(0.791549323333,0.183808550000,0.329858550000),
double3(0.757935216667,0.154733700000,0.430586515000),
double3(0.774136673333,0.190888900000,0.912310630000),
double3(0.822843960000,0.150762630000,0.846274020000),
double3(0.979573600000,0.265628200000,0.837640075000),
double3(0.699998180000,0.042816935000,0.954180630000),
double3(0.929304566667,0.157548785000,0.775940925000),
double3(0.945025186667,0.170015665000,0.705896435000),
double3(0.678875963333,0.204537915000,0.688722520000),
double3(0.730412283333,0.226839200000,0.742005885000),
double3(0.715217153333,0.215217320000,0.811882675000),
double3(0.667709113333,0.185237510000,0.983218450000),
double3(0.985373500000,0.172777310000,0.553274870000),
double3(0.918160233333,0.138331190000,0.570504250000),
double3(0.866538700000,0.116129800000,0.517271520000),
double3(0.941398766667,0.296098085000,0.865597935000),
double3(0.881679333333,0.127750485000,0.947375030000),
double3(0.679310480000,0.097608945000,0.804780300000),
double3(0.670800803333,0.029722415000,0.764418485000),
double3(0.939786133333,0.485263050000,0.769634700000),
double3(0.884144823333,0.008493015000,0.816189950000),
double3(0.892259500000,0.075622595000,0.857144950000),
double3(0.917546700000,0.245257540000,0.954338520000),
double3(0.926016550000,0.313116850000,0.994746625000),
double3(0.990392733333,0.357558600000,0.989668050000),
double3(0.712766410000,0.334345350000,0.943190850000),
double3(0.897058983333,0.299940550000,0.804784950000),
double3(0.704692006667,0.267244700000,0.902184130000),
double3(0.949322733333,0.320316525000,0.796966730000),
double3(0.934003810000,0.267558750000,0.776711050000),
double3(0.988750616667,0.046849220000,0.893484350000),
double3(0.950707200000,0.077285140000,0.921688380000),
double3(0.996408366667,0.075013860000,0.982462315000),
double3(0.981132066667,0.022323310000,0.962042950000),
double3(0.740561730000,0.362932620000,0.863439470000),
double3(0.857083083333,0.478282850000,0.893422450000),
double3(0.736156613333,0.485112900000,0.835234225000),
double3(0.861494833333,0.356101400000,0.921612830000),
double3(0.747677660000,0.062296150000,0.830310150000),
double3(0.849973533333,0.278913200000,0.926537425000),
double3(0.730848976667,0.285139530000,0.870444900000),
double3(0.866796056667,0.056080880000,0.886416525000),
double3(0.757474066667,0.202868520000,0.763078600000),
double3(0.752056550000,0.203274920000,0.690669450000),
double3(0.714071010000,0.159781770000,0.574001610000),
double3(0.870811533333,0.129653950000,0.752712280000),
double3(0.865318300000,0.130155070000,0.680291950000),
double3(0.698121323333,0.092128590000,0.513885450000),
double3(0.964353243333,0.075393720000,0.978340270000),
double3(0.929502646667,0.130601450000,0.939923465000),
double3(0.842260133333,0.202916250000,0.504052500000),
double3(0.961719166667,0.202949250000,0.937333225000),
double3(0.695532870000,0.220179530000,0.972476185000),
double3(0.817471843333,0.261988950000,0.616456200000),
double3(0.879827066667,0.291660950000,0.653147370000),
double3(0.949727176667,0.260944000000,0.640398415000),
double3(0.957244076667,0.200224850000,0.590632120000),
double3(0.895214666667,0.169735030000,0.553930500000),
double3(0.952280966667,0.166715965000,0.917333275000),
double3(0.957632666667,0.134906350000,0.856739650000),
double3(0.972626233333,0.207967490000,0.902467000000),
double3(0.945310353333,0.203454630000,0.864282050000),
double3(0.984948556667,0.139419200000,0.894924650000),
double3(0.924912513333,0.162497050000,0.879048615000),
double3(0.672015906667,0.180379110000,0.880161900000),
double3(0.945494453333,0.272003980000,0.840506650000),
double3(0.930476866667,0.291128200000,0.802321075000),
double3(0.984770233333,0.070862540000,0.918671965000),
double3(0.999911843333,0.051568880000,0.956753900000),
double3(0.988399146667,0.183876410000,0.799194800000),
double3(0.958980620000,0.172235475000,0.768850800000),
double3(0.967700300000,0.179377975000,0.729137750000),
double3(0.672231793333,0.198792265000,0.719444260000),
double3(0.701319613333,0.211263465000,0.749476535000),
double3(0.692757606667,0.204059930000,0.789211200000),
double3(0.941888986667,0.159004820000,0.960016220000),
double3(0.971353333333,0.170593990000,0.990336150000),
double3(0.962662800000,0.163454980000,0.530055525000),
double3(0.924778223333,0.144089610000,0.539777515000),
double3(0.895644433333,0.131666300000,0.509771285000),
double3(0.904174066667,0.138870100000,0.970027985000),
double3(0.952118656667,0.093030790000,0.832519600000),
double3(0.984143456667,0.078796870000,0.807089715000),
double3(0.979549050000,0.040225065000,0.784294130000),
double3(0.943314400000,0.015135970000,0.787252725000),
double3(0.911881586667,0.028327320000,0.813378780000),
double3(0.916349510000,0.066906750000,0.836183520000),
double3(0.978116153333,0.249844685000,0.926697400000),
double3(0.946055790000,0.264066750000,0.952082650000),
double3(0.950631366667,0.302621350000,0.974908000000),
double3(0.986882800000,0.327701150000,0.972025720000),
double3(0.685018260000,0.314519400000,0.945940750000),
double3(0.680565793333,0.275957020000,0.923105985000),
double3(0.716365376667,0.183788250000,0.883378050000),
double3(0.880565883333,0.159082415000,0.875840215000),
double3(0.977981200000,0.176158000000,0.841873765000),
double3(0.838478200000,0.040146350000,0.874919750000),
double3(0.759166956667,0.301068850000,0.881936250000),
double3(0.832707126667,0.495829880000,0.879057650000),
double3(0.764937660000,0.345385580000,0.877804250000),
double3(0.795234460000,0.475111500000,0.864837750000),
double3(0.802413373333,0.366098350000,0.892017275000),
double3(0.765294373333,0.499744920000,0.846364915000),
double3(0.832354146667,0.341469550000,0.910483600000),
double3(0.772061100000,0.043648540000,0.843261650000),
double3(0.825584466667,0.297566200000,0.913588315000),
double3(0.816865156667,0.163484125000,0.806970715000),
double3(0.741887513333,0.167526975000,0.516822415000),
double3(0.778076746667,0.187007280000,0.703826740000),
double3(0.780272146667,0.180419860000,0.953223375000),
double3(0.781256556667,0.187055975000,0.745298650000),
double3(0.808288980000,0.165969210000,0.679950030000),
double3(0.814436446667,0.166133925000,0.763455035000),
double3(0.844756666667,0.145892575000,0.739540620000),
double3(0.841662983333,0.145979375000,0.698238180000),
double3(0.701882646667,0.157206820000,0.995365620000),
double3(0.683169340000,0.116473630000,0.997183100000),
double3(0.978547400000,0.106915705000,0.977087200000),
double3(0.958876766667,0.138032110000,0.955438020000),
double3(0.977064600000,0.178811180000,0.953935000000),
double3(0.681766890000,0.188443975000,0.973813200000),
double3(0.851694643333,0.213429900000,0.582669420000),
double3(0.847787420000,0.248122350000,0.610699410000),
double3(0.883053383333,0.265077400000,0.631479935000),
double3(0.922463800000,0.247783125000,0.624278470000),
double3(0.926695666667,0.213561200000,0.596208325000),
double3(0.891509253333,0.196460440000,0.575388625000),
double3(0.778756100000,0.179065250000,0.996891650000),
double3(0.814404050000,0.192766590000,0.519207880000),
double3(0.814284246667,0.195056230000,0.560834335000),
double3(0.777912360000,0.181641755000,0.580658525000),
double3(0.742147376667,0.168628275000,0.558509420000),
double3(0.808140356667,0.063273785000,0.857363500000),
double3(0.789507756667,0.277941100000,0.899490950000),
double3(0.785804550000,0.430502750000,0.868531400000),
double3(0.811843306667,0.410707150000,0.888323635000),
double3(0.776049026667,0.181650340000,0.622733950000),
double3(0.807289293333,0.164899230000,0.637711080000),
double3(0.676058450000,0.107603735000,0.911990350000),
double3(0.737171450000,0.159265130000,0.862680225000),
double3(0.859759733333,0.183605475000,0.896538050000),
double3(0.864895233333,0.150235550000,0.843125250000),
double3(0.732035953333,0.192635060000,0.916093000000),
double3(0.920865953333,0.235272700000,0.847228825000),
double3(0.843549113333,0.138990315000,0.821986650000),
double3(0.802401833333,0.209390650000,0.938003720000),
double3(0.791549323333,0.183808550000,0.829858550000),
double3(0.757935216667,0.154733700000,0.930586515000),
double3(0.774136673333,0.690888900000,0.412310630000),
double3(0.822843960000,0.650762630000,0.346274020000),
double3(0.979573600000,0.765628200000,0.337640075000),
double3(0.699998180000,0.542816935000,0.454180630000),
double3(0.929304566667,0.657548785000,0.275940925000),
double3(0.945025186667,0.670015665000,0.205896435000),
double3(0.678875963333,0.704537915000,0.188722520000),
double3(0.730412283333,0.726839200000,0.242005885000),
double3(0.715217153333,0.715217320000,0.311882675000),
double3(0.667709113333,0.685237510000,0.483218450000),
double3(0.985373500000,0.672777310000,0.053274870000),
double3(0.918160233333,0.638331190000,0.070504250000),
double3(0.866538700000,0.616129800000,0.017271520000),
double3(0.941398766667,0.796098085000,0.365597935000),
double3(0.881679333333,0.627750485000,0.447375030000),
double3(0.679310480000,0.597608945000,0.304780300000),
double3(0.670800803333,0.529722415000,0.264418485000),
double3(0.939786133333,0.985263050000,0.269634700000),
double3(0.884144823333,0.508493015000,0.316189950000),
double3(0.892259500000,0.575622595000,0.357144950000),
double3(0.917546700000,0.745257540000,0.454338520000),
double3(0.926016550000,0.813116850000,0.494746625000),
double3(0.990392733333,0.857558600000,0.489668050000),
double3(0.712766410000,0.834345350000,0.443190850000),
double3(0.897058983333,0.799940550000,0.304784950000),
double3(0.704692006667,0.767244700000,0.402184130000),
double3(0.949322733333,0.820316525000,0.296966730000),
double3(0.934003810000,0.767558750000,0.276711050000),
double3(0.988750616667,0.546849220000,0.393484350000),
double3(0.950707200000,0.577285140000,0.421688380000),
double3(0.996408366667,0.575013860000,0.482462315000),
double3(0.981132066667,0.522323310000,0.462042950000),
double3(0.740561730000,0.862932620000,0.363439470000),
double3(0.857083083333,0.978282850000,0.393422450000),
double3(0.736156613333,0.985112900000,0.335234225000),
double3(0.861494833333,0.856101400000,0.421612830000),
double3(0.747677660000,0.562296150000,0.330310150000),
double3(0.849973533333,0.778913200000,0.426537425000),
double3(0.730848976667,0.785139530000,0.370444900000),
double3(0.866796056667,0.556080880000,0.386416525000),
double3(0.757474066667,0.702868520000,0.263078600000),
double3(0.752056550000,0.703274920000,0.190669450000),
double3(0.714071010000,0.659781770000,0.074001610000),
double3(0.870811533333,0.629653950000,0.252712280000),
double3(0.865318300000,0.630155070000,0.180291950000),
double3(0.698121323333,0.592128590000,0.013885450000),
double3(0.964353243333,0.575393720000,0.478340270000),
double3(0.929502646667,0.630601450000,0.439923465000),
double3(0.842260133333,0.702916250000,0.004052500000),
double3(0.961719166667,0.702949250000,0.437333225000),
double3(0.695532870000,0.720179530000,0.472476185000),
double3(0.817471843333,0.761988950000,0.116456200000),
double3(0.879827066667,0.791660950000,0.153147370000),
double3(0.949727176667,0.760944000000,0.140398415000),
double3(0.957244076667,0.700224850000,0.090632120000),
double3(0.895214666667,0.669735030000,0.053930500000),
double3(0.952280966667,0.666715965000,0.417333275000),
double3(0.957632666667,0.634906350000,0.356739650000),
double3(0.972626233333,0.707967490000,0.402467000000),
double3(0.945310353333,0.703454630000,0.364282050000),
double3(0.984948556667,0.639419200000,0.394924650000),
double3(0.924912513333,0.662497050000,0.379048615000),
double3(0.672015906667,0.680379110000,0.380161900000),
double3(0.945494453333,0.772003980000,0.340506650000),
double3(0.930476866667,0.791128200000,0.302321075000),
double3(0.984770233333,0.570862540000,0.418671965000),
double3(0.999911843333,0.551568880000,0.456753900000),
double3(0.988399146667,0.683876410000,0.299194800000),
double3(0.958980620000,0.672235475000,0.268850800000),
double3(0.967700300000,0.679377975000,0.229137750000),
double3(0.672231793333,0.698792265000,0.219444260000),
double3(0.701319613333,0.711263465000,0.249476535000),
double3(0.692757606667,0.704059930000,0.289211200000),
double3(0.941888986667,0.659004820000,0.460016220000),
double3(0.971353333333,0.670593990000,0.490336150000),
double3(0.962662800000,0.663454980000,0.030055525000),
double3(0.924778223333,0.644089610000,0.039777515000),
double3(0.895644433333,0.631666300000,0.009771285000),
double3(0.904174066667,0.638870100000,0.470027985000),
double3(0.952118656667,0.593030790000,0.332519600000),
double3(0.984143456667,0.578796870000,0.307089715000),
double3(0.979549050000,0.540225065000,0.284294130000),
double3(0.943314400000,0.515135970000,0.287252725000),
double3(0.911881586667,0.528327320000,0.313378780000),
double3(0.916349510000,0.566906750000,0.336183520000),
double3(0.978116153333,0.749844685000,0.426697400000),
double3(0.946055790000,0.764066750000,0.452082650000),
double3(0.950631366667,0.802621350000,0.474908000000),
double3(0.986882800000,0.827701150000,0.472025720000),
double3(0.685018260000,0.814519400000,0.445940750000),
double3(0.680565793333,0.775957020000,0.423105985000),
double3(0.716365376667,0.683788250000,0.383378050000),
double3(0.880565883333,0.659082415000,0.375840215000),
double3(0.977981200000,0.676158000000,0.341873765000),
double3(0.838478200000,0.540146350000,0.374919750000),
double3(0.759166956667,0.801068850000,0.381936250000),
double3(0.832707126667,0.995829880000,0.379057650000),
double3(0.764937660000,0.845385580000,0.377804250000),
double3(0.795234460000,0.975111500000,0.364837750000),
double3(0.802413373333,0.866098350000,0.392017275000),
double3(0.765294373333,0.999744920000,0.346364915000),
double3(0.832354146667,0.841469550000,0.410483600000),
double3(0.772061100000,0.543648540000,0.343261650000),
double3(0.825584466667,0.797566200000,0.413588315000),
double3(0.816865156667,0.663484125000,0.306970715000),
double3(0.741887513333,0.667526975000,0.016822415000),
double3(0.778076746667,0.687007280000,0.203826740000),
double3(0.780272146667,0.680419860000,0.453223375000),
double3(0.781256556667,0.687055975000,0.245298650000),
double3(0.808288980000,0.665969210000,0.179950030000),
double3(0.814436446667,0.666133925000,0.263455035000),
double3(0.844756666667,0.645892575000,0.239540620000),
double3(0.841662983333,0.645979375000,0.198238180000),
double3(0.701882646667,0.657206820000,0.495365620000),
double3(0.683169340000,0.616473630000,0.497183100000),
double3(0.978547400000,0.606915705000,0.477087200000),
double3(0.958876766667,0.638032110000,0.455438020000),
double3(0.977064600000,0.678811180000,0.453935000000),
double3(0.681766890000,0.688443975000,0.473813200000),
double3(0.851694643333,0.713429900000,0.082669420000),
double3(0.847787420000,0.748122350000,0.110699410000),
double3(0.883053383333,0.765077400000,0.131479935000),
double3(0.922463800000,0.747783125000,0.124278470000),
double3(0.926695666667,0.713561200000,0.096208325000),
double3(0.891509253333,0.696460440000,0.075388625000),
double3(0.778756100000,0.679065250000,0.496891650000),
double3(0.814404050000,0.692766590000,0.019207880000),
double3(0.814284246667,0.695056230000,0.060834335000),
double3(0.777912360000,0.681641755000,0.080658525000),
double3(0.742147376667,0.668628275000,0.058509420000),
double3(0.808140356667,0.563273785000,0.357363500000),
double3(0.789507756667,0.777941100000,0.399490950000),
double3(0.785804550000,0.930502750000,0.368531400000),
double3(0.811843306667,0.910707150000,0.388323635000),
double3(0.776049026667,0.681650340000,0.122733950000),
double3(0.807289293333,0.664899230000,0.137711080000),
double3(0.676058450000,0.607603735000,0.411990350000),
double3(0.737171450000,0.659265130000,0.362680225000),
double3(0.859759733333,0.683605475000,0.396538050000),
double3(0.864895233333,0.650235550000,0.343125250000),
double3(0.732035953333,0.692635060000,0.416093000000),
double3(0.920865953333,0.735272700000,0.347228825000),
double3(0.843549113333,0.638990315000,0.321986650000),
double3(0.802401833333,0.709390650000,0.438003720000),
double3(0.791549323333,0.683808550000,0.329858550000),
double3(0.757935216667,0.654733700000,0.430586515000),
double3(0.774136673333,0.690888900000,0.912310630000),
double3(0.822843960000,0.650762630000,0.846274020000),
double3(0.979573600000,0.765628200000,0.837640075000),
double3(0.699998180000,0.542816935000,0.954180630000),
double3(0.929304566667,0.657548785000,0.775940925000),
double3(0.945025186667,0.670015665000,0.705896435000),
double3(0.678875963333,0.704537915000,0.688722520000),
double3(0.730412283333,0.726839200000,0.742005885000),
double3(0.715217153333,0.715217320000,0.811882675000),
double3(0.667709113333,0.685237510000,0.983218450000),
double3(0.985373500000,0.672777310000,0.553274870000),
double3(0.918160233333,0.638331190000,0.570504250000),
double3(0.866538700000,0.616129800000,0.517271520000),
double3(0.941398766667,0.796098085000,0.865597935000),
double3(0.881679333333,0.627750485000,0.947375030000),
double3(0.679310480000,0.597608945000,0.804780300000),
double3(0.670800803333,0.529722415000,0.764418485000),
double3(0.939786133333,0.985263050000,0.769634700000),
double3(0.884144823333,0.508493015000,0.816189950000),
double3(0.892259500000,0.575622595000,0.857144950000),
double3(0.917546700000,0.745257540000,0.954338520000),
double3(0.926016550000,0.813116850000,0.994746625000),
double3(0.990392733333,0.857558600000,0.989668050000),
double3(0.712766410000,0.834345350000,0.943190850000),
double3(0.897058983333,0.799940550000,0.804784950000),
double3(0.704692006667,0.767244700000,0.902184130000),
double3(0.949322733333,0.820316525000,0.796966730000),
double3(0.934003810000,0.767558750000,0.776711050000),
double3(0.988750616667,0.546849220000,0.893484350000),
double3(0.950707200000,0.577285140000,0.921688380000),
double3(0.996408366667,0.575013860000,0.982462315000),
double3(0.981132066667,0.522323310000,0.962042950000),
double3(0.740561730000,0.862932620000,0.863439470000),
double3(0.857083083333,0.978282850000,0.893422450000),
double3(0.736156613333,0.985112900000,0.835234225000),
double3(0.861494833333,0.856101400000,0.921612830000),
double3(0.747677660000,0.562296150000,0.830310150000),
double3(0.849973533333,0.778913200000,0.926537425000),
double3(0.730848976667,0.785139530000,0.870444900000),
double3(0.866796056667,0.556080880000,0.886416525000),
double3(0.757474066667,0.702868520000,0.763078600000),
double3(0.752056550000,0.703274920000,0.690669450000),
double3(0.714071010000,0.659781770000,0.574001610000),
double3(0.870811533333,0.629653950000,0.752712280000),
double3(0.865318300000,0.630155070000,0.680291950000),
double3(0.698121323333,0.592128590000,0.513885450000),
double3(0.964353243333,0.575393720000,0.978340270000),
double3(0.929502646667,0.630601450000,0.939923465000),
double3(0.842260133333,0.702916250000,0.504052500000),
double3(0.961719166667,0.702949250000,0.937333225000),
double3(0.695532870000,0.720179530000,0.972476185000),
double3(0.817471843333,0.761988950000,0.616456200000),
double3(0.879827066667,0.791660950000,0.653147370000),
double3(0.949727176667,0.760944000000,0.640398415000),
double3(0.957244076667,0.700224850000,0.590632120000),
double3(0.895214666667,0.669735030000,0.553930500000),
double3(0.952280966667,0.666715965000,0.917333275000),
double3(0.957632666667,0.634906350000,0.856739650000),
double3(0.972626233333,0.707967490000,0.902467000000),
double3(0.945310353333,0.703454630000,0.864282050000),
double3(0.984948556667,0.639419200000,0.894924650000),
double3(0.924912513333,0.662497050000,0.879048615000),
double3(0.672015906667,0.680379110000,0.880161900000),
double3(0.945494453333,0.772003980000,0.840506650000),
double3(0.930476866667,0.791128200000,0.802321075000),
double3(0.984770233333,0.570862540000,0.918671965000),
double3(0.999911843333,0.551568880000,0.956753900000),
double3(0.988399146667,0.683876410000,0.799194800000),
double3(0.958980620000,0.672235475000,0.768850800000),
double3(0.967700300000,0.679377975000,0.729137750000),
double3(0.672231793333,0.698792265000,0.719444260000),
double3(0.701319613333,0.711263465000,0.749476535000),
double3(0.692757606667,0.704059930000,0.789211200000),
double3(0.941888986667,0.659004820000,0.960016220000),
double3(0.971353333333,0.670593990000,0.990336150000),
double3(0.962662800000,0.663454980000,0.530055525000),
double3(0.924778223333,0.644089610000,0.539777515000),
double3(0.895644433333,0.631666300000,0.509771285000),
double3(0.904174066667,0.638870100000,0.970027985000),
double3(0.952118656667,0.593030790000,0.832519600000),
double3(0.984143456667,0.578796870000,0.807089715000),
double3(0.979549050000,0.540225065000,0.784294130000),
double3(0.943314400000,0.515135970000,0.787252725000),
double3(0.911881586667,0.528327320000,0.813378780000),
double3(0.916349510000,0.566906750000,0.836183520000),
double3(0.978116153333,0.749844685000,0.926697400000),
double3(0.946055790000,0.764066750000,0.952082650000),
double3(0.950631366667,0.802621350000,0.974908000000),
double3(0.986882800000,0.827701150000,0.972025720000),
double3(0.685018260000,0.814519400000,0.945940750000),
double3(0.680565793333,0.775957020000,0.923105985000),
double3(0.716365376667,0.683788250000,0.883378050000),
double3(0.880565883333,0.659082415000,0.875840215000),
double3(0.977981200000,0.676158000000,0.841873765000),
double3(0.838478200000,0.540146350000,0.874919750000),
double3(0.759166956667,0.801068850000,0.881936250000),
double3(0.832707126667,0.995829880000,0.879057650000),
double3(0.764937660000,0.845385580000,0.877804250000),
double3(0.795234460000,0.975111500000,0.864837750000),
double3(0.802413373333,0.866098350000,0.892017275000),
double3(0.765294373333,0.999744920000,0.846364915000),
double3(0.832354146667,0.841469550000,0.910483600000),
double3(0.772061100000,0.543648540000,0.843261650000),
double3(0.825584466667,0.797566200000,0.913588315000),
double3(0.816865156667,0.663484125000,0.806970715000),
double3(0.741887513333,0.667526975000,0.516822415000),
double3(0.778076746667,0.687007280000,0.703826740000),
double3(0.780272146667,0.680419860000,0.953223375000),
double3(0.781256556667,0.687055975000,0.745298650000),
double3(0.808288980000,0.665969210000,0.679950030000),
double3(0.814436446667,0.666133925000,0.763455035000),
double3(0.844756666667,0.645892575000,0.739540620000),
double3(0.841662983333,0.645979375000,0.698238180000),
double3(0.701882646667,0.657206820000,0.995365620000),
double3(0.683169340000,0.616473630000,0.997183100000),
double3(0.978547400000,0.606915705000,0.977087200000),
double3(0.958876766667,0.638032110000,0.955438020000),
double3(0.977064600000,0.678811180000,0.953935000000),
double3(0.681766890000,0.688443975000,0.973813200000),
double3(0.851694643333,0.713429900000,0.582669420000),
double3(0.847787420000,0.748122350000,0.610699410000),
double3(0.883053383333,0.765077400000,0.631479935000),
double3(0.922463800000,0.747783125000,0.624278470000),
double3(0.926695666667,0.713561200000,0.596208325000),
double3(0.891509253333,0.696460440000,0.575388625000),
double3(0.778756100000,0.679065250000,0.996891650000),
double3(0.814404050000,0.692766590000,0.519207880000),
double3(0.814284246667,0.695056230000,0.560834335000),
double3(0.777912360000,0.681641755000,0.580658525000),
double3(0.742147376667,0.668628275000,0.558509420000),
double3(0.808140356667,0.563273785000,0.857363500000),
double3(0.789507756667,0.777941100000,0.899490950000),
double3(0.785804550000,0.930502750000,0.868531400000),
double3(0.811843306667,0.910707150000,0.888323635000),
double3(0.776049026667,0.681650340000,0.622733950000),
double3(0.807289293333,0.664899230000,0.637711080000),
double3(0.676058450000,0.607603735000,0.911990350000),
double3(0.737171450000,0.659265130000,0.862680225000),
double3(0.859759733333,0.683605475000,0.896538050000),
double3(0.864895233333,0.650235550000,0.843125250000),
double3(0.732035953333,0.692635060000,0.916093000000),
double3(0.920865953333,0.735272700000,0.847228825000),
double3(0.843549113333,0.638990315000,0.821986650000),
double3(0.802401833333,0.709390650000,0.938003720000),
double3(0.791549323333,0.683808550000,0.829858550000),
double3(0.757935216667,0.654733700000,0.930586515000),
