[double3(12.697320000000,0.000000000000,0.000000000000),double3(1.849078578344,13.561865088796,0.000000000000),double3(4.146395109147,0.126871460141,14.707139987487)]

double3(0.109512190000,0.391258550000,0.438229550000),
double3(0.236730280000,0.373371035000,0.410840480000),
double3(0.298783050000,0.290114000000,0.103106730000),
double3(0.029315335000,0.352671385000,0.253873200000),
double3(0.151368720000,0.377115935000,0.077561450000),
double3(0.192361830000,0.366148900000,0.272397220000),
double3(0.475812165000,0.414350700000,0.122992635000),
double3(0.366751520000,0.321420400000,0.227498800000),
double3(0.357420550000,0.298924350000,0.153329970000),
double3(0.477579050000,0.388209015000,0.200552650000),
double3(0.243585110000,0.297177800000,0.051627410000),
double3(0.199418320000,0.224558725000,0.089714885000),
double3(0.173876800000,0.251798250000,0.043268090000),
double3(0.134810270000,0.265317050000,0.100849540000),
double3(0.082611540000,0.333431700000,0.306199820000),
double3(0.133708600000,0.259401530000,0.322914420000),
double3(0.174259690000,0.254956900000,0.264715880000),
double3(0.101975570000,0.246279565000,0.279229670000),
double3(0.234725790000,0.124673105000,0.399557085000),
double3(0.110389995000,0.140748750000,0.449469850000),
double3(0.021845875000,0.006013630000,0.437916500000),
double3(0.423408250000,0.024921955000,0.440533900000),
double3(0.337599950000,0.496665715000,0.437487150000),
double3(0.478238015000,0.300782025000,0.404110075000),
double3(0.422775800000,0.239823925000,0.393516400000),
double3(0.020336985000,0.355274020000,0.420588200000),
double3(0.321637630000,0.262184085000,0.404672535000),
double3(0.286139725000,0.432487250000,0.429552150000),
double3(0.211295130000,0.313688900000,0.120271905000),
double3(0.117719225000,0.334987880000,0.236296775000),
double3(0.262741750000,0.304356150000,0.129624070000),
double3(0.067125350000,0.349846750000,0.226560200000),
double3(0.281770150000,0.354098150000,0.301577400000),
double3(0.064739915000,0.407014800000,0.047143535000),
double3(0.279323950000,0.344075550000,0.255563320000),
double3(0.063914890000,0.395970670000,0.094622700000),
double3(0.320726635000,0.311835650000,0.179772950000),
double3(0.015605270000,0.383852125000,0.173516675000),
double3(0.326177650000,0.325405900000,0.221672475000),
double3(0.014694995000,0.399502700000,0.129573165000),
double3(0.227422460000,0.348051400000,0.247474000000),
double3(0.113309285000,0.375925150000,0.103831125000),
double3(0.220566780000,0.330507220000,0.207489060000),
double3(0.114328850000,0.355972100000,0.146435110000),
double3(0.268227430000,0.315247475000,0.172155650000),
double3(0.065388605000,0.363027630000,0.182346790000),
double3(0.167534530000,0.332456700000,0.200361685000),
double3(0.164174185000,0.333550200000,0.154997200000),
double3(0.177208380000,0.258211000000,0.077983810000),
double3(0.132656040000,0.267333950000,0.287181900000),
double3(0.186405065000,0.196305720000,0.415338150000),
double3(0.158703225000,0.069115230000,0.433677000000),
double3(0.163784450000,0.291374475000,0.419362300000),
double3(0.181310050000,0.474040650000,0.429611550000),
double3(0.168489380000,0.025489570000,0.432056665000),
double3(0.176615730000,0.239932030000,0.416934950000),
double3(0.150946260000,0.121098145000,0.433990550000),
double3(0.194169370000,0.144323550000,0.415039925000),
double3(0.443225115000,0.487179000000,0.435890400000),
double3(0.346806950000,0.289290520000,0.408813270000),
double3(0.403254350000,0.276880400000,0.402893335000),
double3(0.434752950000,0.312352850000,0.409104600000),
double3(0.410243870000,0.361261000000,0.419637700000),
double3(0.352845800000,0.372478900000,0.423338450000),
double3(0.440727850000,0.399617150000,0.424946000000),
double3(0.413923830000,0.448740570000,0.431438415000),
double3(0.358226030000,0.459157375000,0.433120520000),
double3(0.328257500000,0.421631000000,0.429152580000),
double3(0.496979775000,0.391426900000,0.424229950000),
double3(0.498659075000,0.476708200000,0.434447765000),
double3(0.207031610000,0.299883200000,0.077018535000),
double3(0.117445075000,0.319648200000,0.281586100000),
double3(0.023804365000,0.429626880000,0.428945950000),
double3(0.322487600000,0.335785420000,0.419637950000),
double3(0.327183050000,0.344396770000,0.312870200000),
double3(0.019651650000,0.418804170000,0.035704975000),
double3(0.236377670000,0.365670085000,0.332039900000),
double3(0.110457055000,0.397530825000,0.016535280000),
double3(0.203250365000,0.317528280000,0.402062250000),
double3(0.141847270000,0.447892425000,0.446917535000),
double3(0.113467960000,0.309975150000,0.438762100000),
double3(0.231629700000,0.455445500000,0.410217675000),
double3(0.109512190000,0.391258550000,0.938229550000),
double3(0.236730280000,0.373371035000,0.910840480000),
double3(0.298783050000,0.290114000000,0.603106730000),
double3(0.029315335000,0.352671385000,0.753873200000),
double3(0.151368720000,0.377115935000,0.577561450000),
double3(0.192361830000,0.366148900000,0.772397220000),
double3(0.475812165000,0.414350700000,0.622992635000),
double3(0.366751520000,0.321420400000,0.727498800000),
double3(0.357420550000,0.298924350000,0.653329970000),
double3(0.477579050000,0.388209015000,0.700552650000),
double3(0.243585110000,0.297177800000,0.551627410000),
double3(0.199418320000,0.224558725000,0.589714885000),
double3(0.173876800000,0.251798250000,0.543268090000),
double3(0.134810270000,0.265317050000,0.600849540000),
double3(0.082611540000,0.333431700000,0.806199820000),
double3(0.133708600000,0.259401530000,0.822914420000),
double3(0.174259690000,0.254956900000,0.764715880000),
double3(0.101975570000,0.246279565000,0.779229670000),
double3(0.234725790000,0.124673105000,0.899557085000),
double3(0.110389995000,0.140748750000,0.949469850000),
double3(0.021845875000,0.006013630000,0.937916500000),
double3(0.423408250000,0.024921955000,0.940533900000),
double3(0.337599950000,0.496665715000,0.937487150000),
double3(0.478238015000,0.300782025000,0.904110075000),
double3(0.422775800000,0.239823925000,0.893516400000),
double3(0.020336985000,0.355274020000,0.920588200000),
double3(0.321637630000,0.262184085000,0.904672535000),
double3(0.286139725000,0.432487250000,0.929552150000),
double3(0.211295130000,0.313688900000,0.620271905000),
double3(0.117719225000,0.334987880000,0.736296775000),
double3(0.262741750000,0.304356150000,0.629624070000),
double3(0.067125350000,0.349846750000,0.726560200000),
double3(0.281770150000,0.354098150000,0.801577400000),
double3(0.064739915000,0.407014800000,0.547143535000),
double3(0.279323950000,0.344075550000,0.755563320000),
double3(0.063914890000,0.395970670000,0.594622700000),
double3(0.320726635000,0.311835650000,0.679772950000),
double3(0.015605270000,0.383852125000,0.673516675000),
double3(0.326177650000,0.325405900000,0.721672475000),
double3(0.014694995000,0.399502700000,0.629573165000),
double3(0.227422460000,0.348051400000,0.747474000000),
double3(0.113309285000,0.375925150000,0.603831125000),
double3(0.220566780000,0.330507220000,0.707489060000),
double3(0.114328850000,0.355972100000,0.646435110000),
double3(0.268227430000,0.315247475000,0.672155650000),
double3(0.065388605000,0.363027630000,0.682346790000),
double3(0.167534530000,0.332456700000,0.700361685000),
double3(0.164174185000,0.333550200000,0.654997200000),
double3(0.177208380000,0.258211000000,0.577983810000),
double3(0.132656040000,0.267333950000,0.787181900000),
double3(0.186405065000,0.196305720000,0.915338150000),
double3(0.158703225000,0.069115230000,0.933677000000),
double3(0.163784450000,0.291374475000,0.919362300000),
double3(0.181310050000,0.474040650000,0.929611550000),
double3(0.168489380000,0.025489570000,0.932056665000),
double3(0.176615730000,0.239932030000,0.916934950000),
double3(0.150946260000,0.121098145000,0.933990550000),
double3(0.194169370000,0.144323550000,0.915039925000),
double3(0.443225115000,0.487179000000,0.935890400000),
double3(0.346806950000,0.289290520000,0.908813270000),
double3(0.403254350000,0.276880400000,0.902893335000),
double3(0.434752950000,0.312352850000,0.909104600000),
double3(0.410243870000,0.361261000000,0.919637700000),
double3(0.352845800000,0.372478900000,0.923338450000),
double3(0.440727850000,0.399617150000,0.924946000000),
double3(0.413923830000,0.448740570000,0.931438415000),
double3(0.358226030000,0.459157375000,0.933120520000),
double3(0.328257500000,0.421631000000,0.929152580000),
double3(0.496979775000,0.391426900000,0.924229950000),
double3(0.498659075000,0.476708200000,0.934447765000),
double3(0.207031610000,0.299883200000,0.577018535000),
double3(0.117445075000,0.319648200000,0.781586100000),
double3(0.023804365000,0.429626880000,0.928945950000),
double3(0.322487600000,0.335785420000,0.919637950000),
double3(0.327183050000,0.344396770000,0.812870200000),
double3(0.019651650000,0.418804170000,0.535704975000),
double3(0.236377670000,0.365670085000,0.832039900000),
double3(0.110457055000,0.397530825000,0.516535280000),
double3(0.203250365000,0.317528280000,0.902062250000),
double3(0.141847270000,0.447892425000,0.946917535000),
double3(0.113467960000,0.309975150000,0.938762100000),
double3(0.231629700000,0.455445500000,0.910217675000),
double3(0.109512190000,0.891258550000,0.438229550000),
double3(0.236730280000,0.873371035000,0.410840480000),
double3(0.298783050000,0.790114000000,0.103106730000),
double3(0.029315335000,0.852671385000,0.253873200000),
double3(0.151368720000,0.877115935000,0.077561450000),
double3(0.192361830000,0.866148900000,0.272397220000),
double3(0.475812165000,0.914350700000,0.122992635000),
double3(0.366751520000,0.821420400000,0.227498800000),
double3(0.357420550000,0.798924350000,0.153329970000),
double3(0.477579050000,0.888209015000,0.200552650000),
double3(0.243585110000,0.797177800000,0.051627410000),
double3(0.199418320000,0.724558725000,0.089714885000),
double3(0.173876800000,0.751798250000,0.043268090000),
double3(0.134810270000,0.765317050000,0.100849540000),
double3(0.082611540000,0.833431700000,0.306199820000),
double3(0.133708600000,0.759401530000,0.322914420000),
double3(0.174259690000,0.754956900000,0.264715880000),
double3(0.101975570000,0.746279565000,0.279229670000),
double3(0.234725790000,0.624673105000,0.399557085000),
double3(0.110389995000,0.640748750000,0.449469850000),
double3(0.021845875000,0.506013630000,0.437916500000),
double3(0.423408250000,0.524921955000,0.440533900000),
double3(0.337599950000,0.996665715000,0.437487150000),
double3(0.478238015000,0.800782025000,0.404110075000),
double3(0.422775800000,0.739823925000,0.393516400000),
double3(0.020336985000,0.855274020000,0.420588200000),
double3(0.321637630000,0.762184085000,0.404672535000),
double3(0.286139725000,0.932487250000,0.429552150000),
double3(0.211295130000,0.813688900000,0.120271905000),
double3(0.117719225000,0.834987880000,0.236296775000),
double3(0.262741750000,0.804356150000,0.129624070000),
double3(0.067125350000,0.849846750000,0.226560200000),
double3(0.281770150000,0.854098150000,0.301577400000),
double3(0.064739915000,0.907014800000,0.047143535000),
double3(0.279323950000,0.844075550000,0.255563320000),
double3(0.063914890000,0.895970670000,0.094622700000),
double3(0.320726635000,0.811835650000,0.179772950000),
double3(0.015605270000,0.883852125000,0.173516675000),
double3(0.326177650000,0.825405900000,0.221672475000),
double3(0.014694995000,0.899502700000,0.129573165000),
double3(0.227422460000,0.848051400000,0.247474000000),
double3(0.113309285000,0.875925150000,0.103831125000),
double3(0.220566780000,0.830507220000,0.207489060000),
double3(0.114328850000,0.855972100000,0.146435110000),
double3(0.268227430000,0.815247475000,0.172155650000),
double3(0.065388605000,0.863027630000,0.182346790000),
double3(0.167534530000,0.832456700000,0.200361685000),
double3(0.164174185000,0.833550200000,0.154997200000),
double3(0.177208380000,0.758211000000,0.077983810000),
double3(0.132656040000,0.767333950000,0.287181900000),
double3(0.186405065000,0.696305720000,0.415338150000),
double3(0.158703225000,0.569115230000,0.433677000000),
double3(0.163784450000,0.791374475000,0.419362300000),
double3(0.181310050000,0.974040650000,0.429611550000),
double3(0.168489380000,0.525489570000,0.432056665000),
double3(0.176615730000,0.739932030000,0.416934950000),
double3(0.150946260000,0.621098145000,0.433990550000),
double3(0.194169370000,0.644323550000,0.415039925000),
double3(0.443225115000,0.987179000000,0.435890400000),
double3(0.346806950000,0.789290520000,0.408813270000),
double3(0.403254350000,0.776880400000,0.402893335000),
double3(0.434752950000,0.812352850000,0.409104600000),
double3(0.410243870000,0.861261000000,0.419637700000),
double3(0.352845800000,0.872478900000,0.423338450000),
double3(0.440727850000,0.899617150000,0.424946000000),
double3(0.413923830000,0.948740570000,0.431438415000),
double3(0.358226030000,0.959157375000,0.433120520000),
double3(0.328257500000,0.921631000000,0.429152580000),
double3(0.496979775000,0.891426900000,0.424229950000),
double3(0.498659075000,0.976708200000,0.434447765000),
double3(0.207031610000,0.799883200000,0.077018535000),
double3(0.117445075000,0.819648200000,0.281586100000),
double3(0.023804365000,0.929626880000,0.428945950000),
double3(0.322487600000,0.835785420000,0.419637950000),
double3(0.327183050000,0.844396770000,0.312870200000),
double3(0.019651650000,0.918804170000,0.035704975000),
double3(0.236377670000,0.865670085000,0.332039900000),
double3(0.110457055000,0.897530825000,0.016535280000),
double3(0.203250365000,0.817528280000,0.402062250000),
double3(0.141847270000,0.947892425000,0.446917535000),
double3(0.113467960000,0.809975150000,0.438762100000),
double3(0.231629700000,0.955445500000,0.410217675000),
double3(0.109512190000,0.891258550000,0.938229550000),
double3(0.236730280000,0.873371035000,0.910840480000),
double3(0.298783050000,0.790114000000,0.603106730000),
double3(0.029315335000,0.852671385000,0.753873200000),
double3(0.151368720000,0.877115935000,0.577561450000),
double3(0.192361830000,0.866148900000,0.772397220000),
double3(0.475812165000,0.914350700000,0.622992635000),
double3(0.366751520000,0.821420400000,0.727498800000),
double3(0.357420550000,0.798924350000,0.653329970000),
double3(0.477579050000,0.888209015000,0.700552650000),
double3(0.243585110000,0.797177800000,0.551627410000),
double3(0.199418320000,0.724558725000,0.589714885000),
double3(0.173876800000,0.751798250000,0.543268090000),
double3(0.134810270000,0.765317050000,0.600849540000),
double3(0.082611540000,0.833431700000,0.806199820000),
double3(0.133708600000,0.759401530000,0.822914420000),
double3(0.174259690000,0.754956900000,0.764715880000),
double3(0.101975570000,0.746279565000,0.779229670000),
double3(0.234725790000,0.624673105000,0.899557085000),
double3(0.110389995000,0.640748750000,0.949469850000),
double3(0.021845875000,0.506013630000,0.937916500000),
double3(0.423408250000,0.524921955000,0.940533900000),
double3(0.337599950000,0.996665715000,0.937487150000),
double3(0.478238015000,0.800782025000,0.904110075000),
double3(0.422775800000,0.739823925000,0.893516400000),
double3(0.020336985000,0.855274020000,0.920588200000),
double3(0.321637630000,0.762184085000,0.904672535000),
double3(0.286139725000,0.932487250000,0.929552150000),
double3(0.211295130000,0.813688900000,0.620271905000),
double3(0.117719225000,0.834987880000,0.736296775000),
double3(0.262741750000,0.804356150000,0.629624070000),
double3(0.067125350000,0.849846750000,0.726560200000),
double3(0.281770150000,0.854098150000,0.801577400000),
double3(0.064739915000,0.907014800000,0.547143535000),
double3(0.279323950000,0.844075550000,0.755563320000),
double3(0.063914890000,0.895970670000,0.594622700000),
double3(0.320726635000,0.811835650000,0.679772950000),
double3(0.015605270000,0.883852125000,0.673516675000),
double3(0.326177650000,0.825405900000,0.721672475000),
double3(0.014694995000,0.899502700000,0.629573165000),
double3(0.227422460000,0.848051400000,0.747474000000),
double3(0.113309285000,0.875925150000,0.603831125000),
double3(0.220566780000,0.830507220000,0.707489060000),
double3(0.114328850000,0.855972100000,0.646435110000),
double3(0.268227430000,0.815247475000,0.672155650000),
double3(0.065388605000,0.863027630000,0.682346790000),
double3(0.167534530000,0.832456700000,0.700361685000),
double3(0.164174185000,0.833550200000,0.654997200000),
double3(0.177208380000,0.758211000000,0.577983810000),
double3(0.132656040000,0.767333950000,0.787181900000),
double3(0.186405065000,0.696305720000,0.915338150000),
double3(0.158703225000,0.569115230000,0.933677000000),
double3(0.163784450000,0.791374475000,0.919362300000),
double3(0.181310050000,0.974040650000,0.929611550000),
double3(0.168489380000,0.525489570000,0.932056665000),
double3(0.176615730000,0.739932030000,0.916934950000),
double3(0.150946260000,0.621098145000,0.933990550000),
double3(0.194169370000,0.644323550000,0.915039925000),
double3(0.443225115000,0.987179000000,0.935890400000),
double3(0.346806950000,0.789290520000,0.908813270000),
double3(0.403254350000,0.776880400000,0.902893335000),
double3(0.434752950000,0.812352850000,0.909104600000),
double3(0.410243870000,0.861261000000,0.919637700000),
double3(0.352845800000,0.872478900000,0.923338450000),
double3(0.440727850000,0.899617150000,0.924946000000),
double3(0.413923830000,0.948740570000,0.931438415000),
double3(0.358226030000,0.959157375000,0.933120520000),
double3(0.328257500000,0.921631000000,0.929152580000),
double3(0.496979775000,0.891426900000,0.924229950000),
double3(0.498659075000,0.976708200000,0.934447765000),
double3(0.207031610000,0.799883200000,0.577018535000),
double3(0.117445075000,0.819648200000,0.781586100000),
double3(0.023804365000,0.929626880000,0.928945950000),
double3(0.322487600000,0.835785420000,0.919637950000),
double3(0.327183050000,0.844396770000,0.812870200000),
double3(0.019651650000,0.918804170000,0.535704975000),
double3(0.236377670000,0.865670085000,0.832039900000),
double3(0.110457055000,0.897530825000,0.516535280000),
double3(0.203250365000,0.817528280000,0.902062250000),
double3(0.141847270000,0.947892425000,0.946917535000),
double3(0.113467960000,0.809975150000,0.938762100000),
double3(0.231629700000,0.955445500000,0.910217675000),
double3(0.609512190000,0.391258550000,0.438229550000),
double3(0.736730280000,0.373371035000,0.410840480000),
double3(0.798783050000,0.290114000000,0.103106730000),
double3(0.529315335000,0.352671385000,0.253873200000),
double3(0.651368720000,0.377115935000,0.077561450000),
double3(0.692361830000,0.366148900000,0.272397220000),
double3(0.975812165000,0.414350700000,0.122992635000),
double3(0.866751520000,0.321420400000,0.227498800000),
double3(0.857420550000,0.298924350000,0.153329970000),
double3(0.977579050000,0.388209015000,0.200552650000),
double3(0.743585110000,0.297177800000,0.051627410000),
double3(0.699418320000,0.224558725000,0.089714885000),
double3(0.673876800000,0.251798250000,0.043268090000),
double3(0.634810270000,0.265317050000,0.100849540000),
double3(0.582611540000,0.333431700000,0.306199820000),
double3(0.633708600000,0.259401530000,0.322914420000),
double3(0.674259690000,0.254956900000,0.264715880000),
double3(0.601975570000,0.246279565000,0.279229670000),
double3(0.734725790000,0.124673105000,0.399557085000),
double3(0.610389995000,0.140748750000,0.449469850000),
double3(0.521845875000,0.006013630000,0.437916500000),
double3(0.923408250000,0.024921955000,0.440533900000),
double3(0.837599950000,0.496665715000,0.437487150000),
double3(0.978238015000,0.300782025000,0.404110075000),
double3(0.922775800000,0.239823925000,0.393516400000),
double3(0.520336985000,0.355274020000,0.420588200000),
double3(0.821637630000,0.262184085000,0.404672535000),
double3(0.786139725000,0.432487250000,0.429552150000),
double3(0.711295130000,0.313688900000,0.120271905000),
double3(0.617719225000,0.334987880000,0.236296775000),
double3(0.762741750000,0.304356150000,0.129624070000),
double3(0.567125350000,0.349846750000,0.226560200000),
double3(0.781770150000,0.354098150000,0.301577400000),
double3(0.564739915000,0.407014800000,0.047143535000),
double3(0.779323950000,0.344075550000,0.255563320000),
double3(0.563914890000,0.395970670000,0.094622700000),
double3(0.820726635000,0.311835650000,0.179772950000),
double3(0.515605270000,0.383852125000,0.173516675000),
double3(0.826177650000,0.325405900000,0.221672475000),
double3(0.514694995000,0.399502700000,0.129573165000),
double3(0.727422460000,0.348051400000,0.247474000000),
double3(0.613309285000,0.375925150000,0.103831125000),
double3(0.720566780000,0.330507220000,0.207489060000),
double3(0.614328850000,0.355972100000,0.146435110000),
double3(0.768227430000,0.315247475000,0.172155650000),
double3(0.565388605000,0.363027630000,0.182346790000),
double3(0.667534530000,0.332456700000,0.200361685000),
double3(0.664174185000,0.333550200000,0.154997200000),
double3(0.677208380000,0.258211000000,0.077983810000),
double3(0.632656040000,0.267333950000,0.287181900000),
double3(0.686405065000,0.196305720000,0.415338150000),
double3(0.658703225000,0.069115230000,0.433677000000),
double3(0.663784450000,0.291374475000,0.419362300000),
double3(0.681310050000,0.474040650000,0.429611550000),
double3(0.668489380000,0.025489570000,0.432056665000),
double3(0.676615730000,0.239932030000,0.416934950000),
double3(0.650946260000,0.121098145000,0.433990550000),
double3(0.694169370000,0.144323550000,0.415039925000),
double3(0.943225115000,0.487179000000,0.435890400000),
double3(0.846806950000,0.289290520000,0.408813270000),
double3(0.903254350000,0.276880400000,0.402893335000),
double3(0.934752950000,0.312352850000,0.409104600000),
double3(0.910243870000,0.361261000000,0.419637700000),
double3(0.852845800000,0.372478900000,0.423338450000),
double3(0.940727850000,0.399617150000,0.424946000000),
double3(0.913923830000,0.448740570000,0.431438415000),
double3(0.858226030000,0.459157375000,0.433120520000),
double3(0.828257500000,0.421631000000,0.429152580000),
double3(0.996979775000,0.391426900000,0.424229950000),
double3(0.998659075000,0.476708200000,0.434447765000),
double3(0.707031610000,0.299883200000,0.077018535000),
double3(0.617445075000,0.319648200000,0.281586100000),
double3(0.523804365000,0.429626880000,0.428945950000),
double3(0.822487600000,0.335785420000,0.419637950000),
double3(0.827183050000,0.344396770000,0.312870200000),
double3(0.519651650000,0.418804170000,0.035704975000),
double3(0.736377670000,0.365670085000,0.332039900000),
double3(0.610457055000,0.397530825000,0.016535280000),
double3(0.703250365000,0.317528280000,0.402062250000),
double3(0.641847270000,0.447892425000,0.446917535000),
double3(0.613467960000,0.309975150000,0.438762100000),
double3(0.731629700000,0.455445500000,0.410217675000),
double3(0.609512190000,0.391258550000,0.938229550000),
double3(0.736730280000,0.373371035000,0.910840480000),
double3(0.798783050000,0.290114000000,0.603106730000),
double3(0.529315335000,0.352671385000,0.753873200000),
double3(0.651368720000,0.377115935000,0.577561450000),
double3(0.692361830000,0.366148900000,0.772397220000),
double3(0.975812165000,0.414350700000,0.622992635000),
double3(0.866751520000,0.321420400000,0.727498800000),
double3(0.857420550000,0.298924350000,0.653329970000),
double3(0.977579050000,0.388209015000,0.700552650000),
double3(0.743585110000,0.297177800000,0.551627410000),
double3(0.699418320000,0.224558725000,0.589714885000),
double3(0.673876800000,0.251798250000,0.543268090000),
double3(0.634810270000,0.265317050000,0.600849540000),
double3(0.582611540000,0.333431700000,0.806199820000),
double3(0.633708600000,0.259401530000,0.822914420000),
double3(0.674259690000,0.254956900000,0.764715880000),
double3(0.601975570000,0.246279565000,0.779229670000),
double3(0.734725790000,0.124673105000,0.899557085000),
double3(0.610389995000,0.140748750000,0.949469850000),
double3(0.521845875000,0.006013630000,0.937916500000),
double3(0.923408250000,0.024921955000,0.940533900000),
double3(0.837599950000,0.496665715000,0.937487150000),
double3(0.978238015000,0.300782025000,0.904110075000),
double3(0.922775800000,0.239823925000,0.893516400000),
double3(0.520336985000,0.355274020000,0.920588200000),
double3(0.821637630000,0.262184085000,0.904672535000),
double3(0.786139725000,0.432487250000,0.929552150000),
double3(0.711295130000,0.313688900000,0.620271905000),
double3(0.617719225000,0.334987880000,0.736296775000),
double3(0.762741750000,0.304356150000,0.629624070000),
double3(0.567125350000,0.349846750000,0.726560200000),
double3(0.781770150000,0.354098150000,0.801577400000),
double3(0.564739915000,0.407014800000,0.547143535000),
double3(0.779323950000,0.344075550000,0.755563320000),
double3(0.563914890000,0.395970670000,0.594622700000),
double3(0.820726635000,0.311835650000,0.679772950000),
double3(0.515605270000,0.383852125000,0.673516675000),
double3(0.826177650000,0.325405900000,0.721672475000),
double3(0.514694995000,0.399502700000,0.629573165000),
double3(0.727422460000,0.348051400000,0.747474000000),
double3(0.613309285000,0.375925150000,0.603831125000),
double3(0.720566780000,0.330507220000,0.707489060000),
double3(0.614328850000,0.355972100000,0.646435110000),
double3(0.768227430000,0.315247475000,0.672155650000),
double3(0.565388605000,0.363027630000,0.682346790000),
double3(0.667534530000,0.332456700000,0.700361685000),
double3(0.664174185000,0.333550200000,0.654997200000),
double3(0.677208380000,0.258211000000,0.577983810000),
double3(0.632656040000,0.267333950000,0.787181900000),
double3(0.686405065000,0.196305720000,0.915338150000),
double3(0.658703225000,0.069115230000,0.933677000000),
double3(0.663784450000,0.291374475000,0.919362300000),
double3(0.681310050000,0.474040650000,0.929611550000),
double3(0.668489380000,0.025489570000,0.932056665000),
double3(0.676615730000,0.239932030000,0.916934950000),
double3(0.650946260000,0.121098145000,0.933990550000),
double3(0.694169370000,0.144323550000,0.915039925000),
double3(0.943225115000,0.487179000000,0.935890400000),
double3(0.846806950000,0.289290520000,0.908813270000),
double3(0.903254350000,0.276880400000,0.902893335000),
double3(0.934752950000,0.312352850000,0.909104600000),
double3(0.910243870000,0.361261000000,0.919637700000),
double3(0.852845800000,0.372478900000,0.923338450000),
double3(0.940727850000,0.399617150000,0.924946000000),
double3(0.913923830000,0.448740570000,0.931438415000),
double3(0.858226030000,0.459157375000,0.933120520000),
double3(0.828257500000,0.421631000000,0.929152580000),
double3(0.996979775000,0.391426900000,0.924229950000),
double3(0.998659075000,0.476708200000,0.934447765000),
double3(0.707031610000,0.299883200000,0.577018535000),
double3(0.617445075000,0.319648200000,0.781586100000),
double3(0.523804365000,0.429626880000,0.928945950000),
double3(0.822487600000,0.335785420000,0.919637950000),
double3(0.827183050000,0.344396770000,0.812870200000),
double3(0.519651650000,0.418804170000,0.535704975000),
double3(0.736377670000,0.365670085000,0.832039900000),
double3(0.610457055000,0.397530825000,0.516535280000),
double3(0.703250365000,0.317528280000,0.902062250000),
double3(0.641847270000,0.447892425000,0.946917535000),
double3(0.613467960000,0.309975150000,0.938762100000),
double3(0.731629700000,0.455445500000,0.910217675000),
double3(0.609512190000,0.891258550000,0.438229550000),
double3(0.736730280000,0.873371035000,0.410840480000),
double3(0.798783050000,0.790114000000,0.103106730000),
double3(0.529315335000,0.852671385000,0.253873200000),
double3(0.651368720000,0.877115935000,0.077561450000),
double3(0.692361830000,0.866148900000,0.272397220000),
double3(0.975812165000,0.914350700000,0.122992635000),
double3(0.866751520000,0.821420400000,0.227498800000),
double3(0.857420550000,0.798924350000,0.153329970000),
double3(0.977579050000,0.888209015000,0.200552650000),
double3(0.743585110000,0.797177800000,0.051627410000),
double3(0.699418320000,0.724558725000,0.089714885000),
double3(0.673876800000,0.751798250000,0.043268090000),
double3(0.634810270000,0.765317050000,0.100849540000),
double3(0.582611540000,0.833431700000,0.306199820000),
double3(0.633708600000,0.759401530000,0.322914420000),
double3(0.674259690000,0.754956900000,0.264715880000),
double3(0.601975570000,0.746279565000,0.279229670000),
double3(0.734725790000,0.624673105000,0.399557085000),
double3(0.610389995000,0.640748750000,0.449469850000),
double3(0.521845875000,0.506013630000,0.437916500000),
double3(0.923408250000,0.524921955000,0.440533900000),
double3(0.837599950000,0.996665715000,0.437487150000),
double3(0.978238015000,0.800782025000,0.404110075000),
double3(0.922775800000,0.739823925000,0.393516400000),
double3(0.520336985000,0.855274020000,0.420588200000),
double3(0.821637630000,0.762184085000,0.404672535000),
double3(0.786139725000,0.932487250000,0.429552150000),
double3(0.711295130000,0.813688900000,0.120271905000),
double3(0.617719225000,0.834987880000,0.236296775000),
double3(0.762741750000,0.804356150000,0.129624070000),
double3(0.567125350000,0.849846750000,0.226560200000),
double3(0.781770150000,0.854098150000,0.301577400000),
double3(0.564739915000,0.907014800000,0.047143535000),
double3(0.779323950000,0.844075550000,0.255563320000),
double3(0.563914890000,0.895970670000,0.094622700000),
double3(0.820726635000,0.811835650000,0.179772950000),
double3(0.515605270000,0.883852125000,0.173516675000),
double3(0.826177650000,0.825405900000,0.221672475000),
double3(0.514694995000,0.899502700000,0.129573165000),
double3(0.727422460000,0.848051400000,0.247474000000),
double3(0.613309285000,0.875925150000,0.103831125000),
double3(0.720566780000,0.830507220000,0.207489060000),
double3(0.614328850000,0.855972100000,0.146435110000),
double3(0.768227430000,0.815247475000,0.172155650000),
double3(0.565388605000,0.863027630000,0.182346790000),
double3(0.667534530000,0.832456700000,0.200361685000),
double3(0.664174185000,0.833550200000,0.154997200000),
double3(0.677208380000,0.758211000000,0.077983810000),
double3(0.632656040000,0.767333950000,0.287181900000),
double3(0.686405065000,0.696305720000,0.415338150000),
double3(0.658703225000,0.569115230000,0.433677000000),
double3(0.663784450000,0.791374475000,0.419362300000),
double3(0.681310050000,0.974040650000,0.429611550000),
double3(0.668489380000,0.525489570000,0.432056665000),
double3(0.676615730000,0.739932030000,0.416934950000),
double3(0.650946260000,0.621098145000,0.433990550000),
double3(0.694169370000,0.644323550000,0.415039925000),
double3(0.943225115000,0.987179000000,0.435890400000),
double3(0.846806950000,0.789290520000,0.408813270000),
double3(0.903254350000,0.776880400000,0.402893335000),
double3(0.934752950000,0.812352850000,0.409104600000),
double3(0.910243870000,0.861261000000,0.419637700000),
double3(0.852845800000,0.872478900000,0.423338450000),
double3(0.940727850000,0.899617150000,0.424946000000),
double3(0.913923830000,0.948740570000,0.431438415000),
double3(0.858226030000,0.959157375000,0.433120520000),
double3(0.828257500000,0.921631000000,0.429152580000),
double3(0.996979775000,0.891426900000,0.424229950000),
double3(0.998659075000,0.976708200000,0.434447765000),
double3(0.707031610000,0.799883200000,0.077018535000),
double3(0.617445075000,0.819648200000,0.281586100000),
double3(0.523804365000,0.929626880000,0.428945950000),
double3(0.822487600000,0.835785420000,0.419637950000),
double3(0.827183050000,0.844396770000,0.312870200000),
double3(0.519651650000,0.918804170000,0.035704975000),
double3(0.736377670000,0.865670085000,0.332039900000),
double3(0.610457055000,0.897530825000,0.016535280000),
double3(0.703250365000,0.817528280000,0.402062250000),
double3(0.641847270000,0.947892425000,0.446917535000),
double3(0.613467960000,0.809975150000,0.438762100000),
double3(0.731629700000,0.955445500000,0.410217675000),
double3(0.609512190000,0.891258550000,0.938229550000),
double3(0.736730280000,0.873371035000,0.910840480000),
double3(0.798783050000,0.790114000000,0.603106730000),
double3(0.529315335000,0.852671385000,0.753873200000),
double3(0.651368720000,0.877115935000,0.577561450000),
double3(0.692361830000,0.866148900000,0.772397220000),
double3(0.975812165000,0.914350700000,0.622992635000),
double3(0.866751520000,0.821420400000,0.727498800000),
double3(0.857420550000,0.798924350000,0.653329970000),
double3(0.977579050000,0.888209015000,0.700552650000),
double3(0.743585110000,0.797177800000,0.551627410000),
double3(0.699418320000,0.724558725000,0.589714885000),
double3(0.673876800000,0.751798250000,0.543268090000),
double3(0.634810270000,0.765317050000,0.600849540000),
double3(0.582611540000,0.833431700000,0.806199820000),
double3(0.633708600000,0.759401530000,0.822914420000),
double3(0.674259690000,0.754956900000,0.764715880000),
double3(0.601975570000,0.746279565000,0.779229670000),
double3(0.734725790000,0.624673105000,0.899557085000),
double3(0.610389995000,0.640748750000,0.949469850000),
double3(0.521845875000,0.506013630000,0.937916500000),
double3(0.923408250000,0.524921955000,0.940533900000),
double3(0.837599950000,0.996665715000,0.937487150000),
double3(0.978238015000,0.800782025000,0.904110075000),
double3(0.922775800000,0.739823925000,0.893516400000),
double3(0.520336985000,0.855274020000,0.920588200000),
double3(0.821637630000,0.762184085000,0.904672535000),
double3(0.786139725000,0.932487250000,0.929552150000),
double3(0.711295130000,0.813688900000,0.620271905000),
double3(0.617719225000,0.834987880000,0.736296775000),
double3(0.762741750000,0.804356150000,0.629624070000),
double3(0.567125350000,0.849846750000,0.726560200000),
double3(0.781770150000,0.854098150000,0.801577400000),
double3(0.564739915000,0.907014800000,0.547143535000),
double3(0.779323950000,0.844075550000,0.755563320000),
double3(0.563914890000,0.895970670000,0.594622700000),
double3(0.820726635000,0.811835650000,0.679772950000),
double3(0.515605270000,0.883852125000,0.673516675000),
double3(0.826177650000,0.825405900000,0.721672475000),
double3(0.514694995000,0.899502700000,0.629573165000),
double3(0.727422460000,0.848051400000,0.747474000000),
double3(0.613309285000,0.875925150000,0.603831125000),
double3(0.720566780000,0.830507220000,0.707489060000),
double3(0.614328850000,0.855972100000,0.646435110000),
double3(0.768227430000,0.815247475000,0.672155650000),
double3(0.565388605000,0.863027630000,0.682346790000),
double3(0.667534530000,0.832456700000,0.700361685000),
double3(0.664174185000,0.833550200000,0.654997200000),
double3(0.677208380000,0.758211000000,0.577983810000),
double3(0.632656040000,0.767333950000,0.787181900000),
double3(0.686405065000,0.696305720000,0.915338150000),
double3(0.658703225000,0.569115230000,0.933677000000),
double3(0.663784450000,0.791374475000,0.919362300000),
double3(0.681310050000,0.974040650000,0.929611550000),
double3(0.668489380000,0.525489570000,0.932056665000),
double3(0.676615730000,0.739932030000,0.916934950000),
double3(0.650946260000,0.621098145000,0.933990550000),
double3(0.694169370000,0.644323550000,0.915039925000),
double3(0.943225115000,0.987179000000,0.935890400000),
double3(0.846806950000,0.789290520000,0.908813270000),
double3(0.903254350000,0.776880400000,0.902893335000),
double3(0.934752950000,0.812352850000,0.909104600000),
double3(0.910243870000,0.861261000000,0.919637700000),
double3(0.852845800000,0.872478900000,0.923338450000),
double3(0.940727850000,0.899617150000,0.924946000000),
double3(0.913923830000,0.948740570000,0.931438415000),
double3(0.858226030000,0.959157375000,0.933120520000),
double3(0.828257500000,0.921631000000,0.929152580000),
double3(0.996979775000,0.891426900000,0.924229950000),
double3(0.998659075000,0.976708200000,0.934447765000),
double3(0.707031610000,0.799883200000,0.577018535000),
double3(0.617445075000,0.819648200000,0.781586100000),
double3(0.523804365000,0.929626880000,0.928945950000),
double3(0.822487600000,0.835785420000,0.919637950000),
double3(0.827183050000,0.844396770000,0.812870200000),
double3(0.519651650000,0.918804170000,0.535704975000),
double3(0.736377670000,0.865670085000,0.832039900000),
double3(0.610457055000,0.897530825000,0.516535280000),
double3(0.703250365000,0.817528280000,0.902062250000),
double3(0.641847270000,0.947892425000,0.946917535000),
double3(0.613467960000,0.809975150000,0.938762100000),
double3(0.731629700000,0.955445500000,0.910217675000),
