[double3(21.994490000000,0.000000000000,0.000000000000),double3(3.574751188190,21.897277891670,0.000000000000),double3(10.393317644717,7.491827575746,18.180716684028)]

double3(0.137688490000,0.267249165000,0.057920185000),
double3(0.103556045000,0.206532540000,0.063594260000),
double3(0.173950300000,0.197911750000,0.068790785000),
double3(0.105894950000,0.206772900000,0.134071515000),
double3(0.413182320000,0.474309000000,0.345667250000),
double3(0.388807415000,0.429524050000,0.327037800000),
double3(0.335554780000,0.471618115000,0.367215150000),
double3(0.383441200000,0.004775225000,0.289215400000),
double3(0.229786025000,0.081310510000,0.208624650000),
double3(0.243995085000,0.174820915000,0.233476670000),
double3(0.293269600000,0.106756060000,0.191708400000),
double3(0.179837450000,0.149720565000,0.249527735000),
double3(0.200983600000,0.084507950000,0.278979630000),
double3(0.272459120000,0.171802415000,0.162518100000),
double3(0.146154950000,0.119938450000,0.151715665000),
double3(0.352548035000,0.091212990000,0.270022800000),
double3(0.272436100000,0.156572950000,0.080234980000),
double3(0.256784150000,0.185612485000,0.103249035000),
double3(0.288379500000,0.231551690000,0.044438860000),
double3(0.316660950000,0.199399575000,0.055739520000),
double3(0.304328320000,0.203177200000,0.020981750000),
double3(0.232126010000,0.044586530000,0.321225165000),
double3(0.229602590000,0.064469935000,0.351243500000),
double3(0.191158325000,0.019472170000,0.405237650000),
double3(0.174507735000,0.036460520000,0.371776670000),
double3(0.195557685000,0.497448830000,0.377019250000),
double3(0.199946180000,0.138434990000,0.480010180000),
double3(0.323248200000,0.056039780000,0.426846535000),
double3(0.167973785000,0.157756580000,0.031190155000),
double3(0.354395775000,0.041277245000,0.373348150000),
double3(0.229751050000,0.091072025000,0.108164610000),
double3(0.201921060000,0.037672060000,0.148118800000),
double3(0.193588360000,0.036278540000,0.112769665000),
double3(0.168738365000,0.062458280000,0.137585880000),
double3(0.269125580000,0.113451355000,0.319316475000),
double3(0.238311275000,0.073902650000,0.319649665000),
double3(0.224182365000,0.066977820000,0.367189230000),
double3(0.255996500000,0.040905735000,0.346444430000),
double3(0.303516180000,0.107349085000,0.000096085000),
double3(0.291185050000,0.093237885000,0.048751115000),
double3(0.318960875000,0.069162370000,0.022600590000),
double3(0.256223530000,0.046133855000,0.061849595000),
double3(0.272477400000,0.055340290000,0.014576375000),
double3(0.270199850000,0.147777720000,0.396742375000),
double3(0.273226975000,0.162182690000,0.351472525000),
double3(0.233690560000,0.165574730000,0.389697450000),
double3(0.231571065000,0.119655340000,0.369939200000),
double3(0.221139015000,0.106537060000,0.416805500000),
double3(0.049434050000,0.283363600000,0.191123770000),
double3(0.468908350000,0.401794880000,0.219152700000),
double3(0.072261450000,0.262510925000,0.141977475000),
double3(0.444112630000,0.425565700000,0.267020750000),
double3(0.046989160000,0.359795600000,0.049759530000),
double3(0.491911100000,0.356309475000,0.052762550000),
double3(0.473531550000,0.336686850000,0.102128485000),
double3(0.001379900000,0.313974200000,0.074019590000),
double3(0.494967370000,0.324949300000,0.346596720000),
double3(0.441837965000,0.298855900000,0.398405880000),
double3(0.443221900000,0.292780400000,0.360106250000),
double3(0.418158770000,0.325168950000,0.374258900000),
double3(0.043410795000,0.393660600000,0.138767420000),
double3(0.049154935000,0.409544600000,0.092078100000),
double3(0.015850880000,0.424751100000,0.125545900000),
double3(0.494261680000,0.384062530000,0.110702105000),
double3(0.481354400000,0.373989400000,0.157629100000),
double3(0.060134770000,0.334043680000,0.245481600000),
double3(0.049353955000,0.330555320000,0.291365770000),
double3(0.061295770000,0.294599700000,0.279626350000),
double3(0.497736150000,0.293710680000,0.315888525000),
double3(0.008601440000,0.297344300000,0.271422500000),
double3(0.472667515000,0.341050775000,0.467029125000),
double3(0.044995395000,0.428548900000,0.444625250000),
double3(0.045359130000,0.342447670000,0.435650350000),
double3(0.471471150000,0.427639125000,0.475305800000),
double3(0.470177350000,0.360117900000,0.021605075000),
double3(0.047008810000,0.409716935000,0.389570980000),
double3(0.385547950000,0.401852650000,0.419544815000),
double3(0.127092900000,0.314088285000,0.492537300000),
double3(0.009101670000,0.387838300000,0.334899275000),
double3(0.016390815000,0.423195100000,0.341884820000),
double3(0.051503730000,0.451567250000,0.275018780000),
double3(0.068152935000,0.411903085000,0.293145270000),
double3(0.044705675000,0.416711800000,0.267388850000),
double3(0.497018875000,0.314693850000,0.065551220000),
double3(0.015674755000,0.337355165000,0.079849540000),
double3(0.472216100000,0.311806025000,0.143638200000),
double3(0.451641050000,0.330940350000,0.113893690000),
double3(0.455043400000,0.286598680000,0.131324230000),
double3(0.214599190000,0.164388510000,0.083138220000),
double3(0.288019800000,0.038774395000,0.336111700000),
double3(0.267591800000,0.116531535000,0.204652500000),
double3(0.205560880000,0.139919550000,0.236875900000),
double3(0.233048840000,0.102439070000,0.214302825000),
double3(0.240522190000,0.153977290000,0.227528380000),
double3(0.201902350000,0.146091760000,0.149335235000),
double3(0.283656120000,0.088028020000,0.283110470000),
double3(0.256536800000,0.152031035000,0.189022700000),
double3(0.216904490000,0.104323020000,0.252526150000),
double3(0.222067350000,0.137786525000,0.198919450000),
double3(0.251395075000,0.118515550000,0.242632900000),
double3(0.209030075000,0.144213915000,0.172748925000),
double3(0.268950650000,0.103728945000,0.265280785000),
double3(0.168152330000,0.131491660000,0.125631525000),
double3(0.334970625000,0.071824305000,0.293837725000),
double3(0.196546630000,0.145830125000,0.120481715000),
double3(0.300783250000,0.067310500000,0.303899750000),
double3(0.264347250000,0.182403835000,0.077217445000),
double3(0.295333835000,0.205590050000,0.047707540000),
double3(0.229996740000,0.040519880000,0.348502050000),
double3(0.195724665000,0.022250475000,0.377483220000),
double3(0.263797850000,0.356396615000,0.438230870000),
double3(0.247358550000,0.333960850000,0.474828500000),
double3(0.216597585000,0.291979580000,0.043309150000),
double3(0.294558735000,0.398377925000,0.369750250000),
double3(0.277853950000,0.375576825000,0.406938730000),
double3(0.233302460000,0.314780650000,0.006120680000),
double3(0.337657250000,0.051725245000,0.318551780000),
double3(0.171977730000,0.136451515000,0.096363250000),
double3(0.204670520000,0.128203170000,0.003775655000),
double3(0.313215000000,0.062757575000,0.407395000000),
double3(0.186265450000,0.138567450000,0.033328235000),
double3(0.330687400000,0.054078745000,0.376826350000),
double3(0.191348775000,0.124308290000,0.065195380000),
double3(0.318186520000,0.062157095000,0.350805135000),
double3(0.215721650000,0.098508880000,0.066313980000),
double3(0.287858150000,0.081037930000,0.355524630000),
double3(0.235951035000,0.090299785000,0.035055220000),
double3(0.271668435000,0.091903820000,0.385487950000),
double3(0.229928950000,0.104893195000,0.003931525000),
double3(0.283565650000,0.080856950000,0.412513650000),
double3(0.249460310000,0.096151560000,0.471892950000),
double3(0.265586950000,0.088675775000,0.445341600000),
double3(0.194631500000,0.052648145000,0.125668465000),
double3(0.246648460000,0.066461025000,0.341630815000),
double3(0.265044420000,0.066903750000,0.034830270000),
double3(0.296535730000,0.085283740000,0.026136935000),
double3(0.242794620000,0.116202215000,0.388719230000),
double3(0.255798130000,0.149843810000,0.381203620000),
double3(0.442228700000,0.400164650000,0.335203900000),
double3(0.068031185000,0.288603125000,0.077315875000),
double3(0.044874210000,0.296405650000,0.167584500000),
double3(0.470983250000,0.389351600000,0.244487350000),
double3(0.057740590000,0.284766950000,0.139220600000),
double3(0.456699850000,0.402528820000,0.271901350000),
double3(0.052562045000,0.301755700000,0.107618140000),
double3(0.457769630000,0.385687100000,0.305741450000),
double3(0.033454490000,0.331450450000,0.105619135000),
double3(0.473639350000,0.354306670000,0.311372450000),
double3(0.021352095000,0.343292250000,0.134411780000),
double3(0.490195630000,0.342320025000,0.282426450000),
double3(0.026731180000,0.325221420000,0.165679620000),
double3(0.488113200000,0.359828550000,0.249173210000),
double3(0.013867950000,0.336526150000,0.195808300000),
double3(0.002405310000,0.347213180000,0.219957725000),
double3(0.496773650000,0.338541565000,0.076127345000),
double3(0.442335200000,0.311603850000,0.370938450000),
double3(0.004294120000,0.376209350000,0.131270100000),
double3(0.029754480000,0.402552425000,0.121295325000),
double3(0.009872135000,0.310816100000,0.287086600000),
double3(0.047458035000,0.318029400000,0.275168200000),
double3(0.479940115000,0.030894485000,0.286373350000),
double3(0.031279625000,0.158140950000,0.125543120000),
double3(0.020381130000,0.130826580000,0.159953625000),
double3(0.011157295000,0.107865950000,0.188951015000),
double3(0.000304540000,0.081052660000,0.222863225000),
double3(0.490975020000,0.058132575000,0.251899000000),
double3(0.454425550000,0.415361850000,0.341283600000),
double3(0.057206710000,0.291321935000,0.071776985000),
double3(0.028606115000,0.361767700000,0.444499285000),
double3(0.488364550000,0.408304450000,0.466678250000),
double3(0.489086865000,0.360808520000,0.462006900000),
double3(0.028408490000,0.409113900000,0.449355600000),
double3(0.455903700000,0.407843600000,0.399653250000),
double3(0.058981485000,0.335667250000,0.012494025000),
double3(0.029928760000,0.398403550000,0.419535280000),
double3(0.487297300000,0.371478450000,0.491660565000),
double3(0.490496300000,0.397294200000,0.437279500000),
double3(0.026725835000,0.372530730000,0.473937900000),
double3(0.470825075000,0.405649950000,0.416878100000),
double3(0.045441995000,0.354264450000,0.494627450000),
double3(0.404791830000,0.403205425000,0.392532675000),
double3(0.107520870000,0.303473200000,0.020561515000),
double3(0.439721315000,0.406893520000,0.379056635000),
double3(0.073496135000,0.311665400000,0.034333825000),
double3(0.013061085000,0.415242500000,0.322937000000),
double3(0.046394890000,0.424446100000,0.287368835000),
double3(0.002639825000,0.313886000000,0.087752820000),
double3(0.468271375000,0.310498250000,0.121304035000),
double3(0.197329715000,0.161084590000,0.066480830000),
double3(0.168578250000,0.140908910000,0.092782930000),
double3(0.342601350000,0.047783265000,0.319258100000),
double3(0.313849865000,0.027607575000,0.345560225000),
double3(0.219905450000,0.079319620000,0.098671435000),
double3(0.273892075000,0.088932270000,0.330227900000),
double3(0.472019300000,0.334273935000,0.346515000000),
double3(0.026238125000,0.350168250000,0.075158600000),
double3(0.428787750000,0.416610300000,0.332543900000),
double3(0.398160515000,0.409266380000,0.364188050000),
double3(0.112177665000,0.279911815000,0.048451900000),
double3(0.081550465000,0.272567950000,0.080095950000),
double3(0.237059625000,0.191158085000,0.067200160000),
double3(0.257090030000,0.020934180000,0.353765700000),
double3(0.281383065000,0.426483950000,0.359703185000),
double3(0.188716710000,0.300016650000,0.065998970000),
double3(0.322439650000,0.390340850000,0.347060380000),
double3(0.229773330000,0.263873520000,0.053356230000),
double3(0.328618230000,0.066601410000,0.291079135000),
double3(0.181605100000,0.122452835000,0.123340845000),
double3(0.362385150000,0.029233705000,0.320077850000),
double3(0.147838190000,0.159820510000,0.094342170000),
double3(0.443069100000,0.379770250000,0.366708250000),
double3(0.067710385000,0.309369950000,0.045598210000),
double3(0.429733100000,0.431272475000,0.327654100000),
double3(0.081046395000,0.257867725000,0.084652370000),
double3(0.499086300000,0.005980880000,0.289789170000),
double3(0.451155350000,0.031771760000,0.313281800000),
double3(0.060157040000,0.157354850000,0.098715760000),
double3(0.012192470000,0.183162600000,0.122223885000),
double3(0.130271970000,0.219617590000,0.081095025000),
double3(0.380243600000,0.470053450000,0.332286300000),
double3(0.485749800000,0.432117580000,0.315390900000),
double3(0.022390935000,0.286216450000,0.096315500000),
double3(0.137688490000,0.267249165000,0.557920185000),
double3(0.103556045000,0.206532540000,0.563594260000),
double3(0.173950300000,0.197911750000,0.568790785000),
double3(0.105894950000,0.206772900000,0.634071515000),
double3(0.413182320000,0.474309000000,0.845667250000),
double3(0.388807415000,0.429524050000,0.827037800000),
double3(0.335554780000,0.471618115000,0.867215150000),
double3(0.383441200000,0.004775225000,0.789215400000),
double3(0.229786025000,0.081310510000,0.708624650000),
double3(0.243995085000,0.174820915000,0.733476670000),
double3(0.293269600000,0.106756060000,0.691708400000),
double3(0.179837450000,0.149720565000,0.749527735000),
double3(0.200983600000,0.084507950000,0.778979630000),
double3(0.272459120000,0.171802415000,0.662518100000),
double3(0.146154950000,0.119938450000,0.651715665000),
double3(0.352548035000,0.091212990000,0.770022800000),
double3(0.272436100000,0.156572950000,0.580234980000),
double3(0.256784150000,0.185612485000,0.603249035000),
double3(0.288379500000,0.231551690000,0.544438860000),
double3(0.316660950000,0.199399575000,0.555739520000),
double3(0.304328320000,0.203177200000,0.520981750000),
double3(0.232126010000,0.044586530000,0.821225165000),
double3(0.229602590000,0.064469935000,0.851243500000),
double3(0.191158325000,0.019472170000,0.905237650000),
double3(0.174507735000,0.036460520000,0.871776670000),
double3(0.195557685000,0.497448830000,0.877019250000),
double3(0.199946180000,0.138434990000,0.980010180000),
double3(0.323248200000,0.056039780000,0.926846535000),
double3(0.167973785000,0.157756580000,0.531190155000),
double3(0.354395775000,0.041277245000,0.873348150000),
double3(0.229751050000,0.091072025000,0.608164610000),
double3(0.201921060000,0.037672060000,0.648118800000),
double3(0.193588360000,0.036278540000,0.612769665000),
double3(0.168738365000,0.062458280000,0.637585880000),
double3(0.269125580000,0.113451355000,0.819316475000),
double3(0.238311275000,0.073902650000,0.819649665000),
double3(0.224182365000,0.066977820000,0.867189230000),
double3(0.255996500000,0.040905735000,0.846444430000),
double3(0.303516180000,0.107349085000,0.500096085000),
double3(0.291185050000,0.093237885000,0.548751115000),
double3(0.318960875000,0.069162370000,0.522600590000),
double3(0.256223530000,0.046133855000,0.561849595000),
double3(0.272477400000,0.055340290000,0.514576375000),
double3(0.270199850000,0.147777720000,0.896742375000),
double3(0.273226975000,0.162182690000,0.851472525000),
double3(0.233690560000,0.165574730000,0.889697450000),
double3(0.231571065000,0.119655340000,0.869939200000),
double3(0.221139015000,0.106537060000,0.916805500000),
double3(0.049434050000,0.283363600000,0.691123770000),
double3(0.468908350000,0.401794880000,0.719152700000),
double3(0.072261450000,0.262510925000,0.641977475000),
double3(0.444112630000,0.425565700000,0.767020750000),
double3(0.046989160000,0.359795600000,0.549759530000),
double3(0.491911100000,0.356309475000,0.552762550000),
double3(0.473531550000,0.336686850000,0.602128485000),
double3(0.001379900000,0.313974200000,0.574019590000),
double3(0.494967370000,0.324949300000,0.846596720000),
double3(0.441837965000,0.298855900000,0.898405880000),
double3(0.443221900000,0.292780400000,0.860106250000),
double3(0.418158770000,0.325168950000,0.874258900000),
double3(0.043410795000,0.393660600000,0.638767420000),
double3(0.049154935000,0.409544600000,0.592078100000),
double3(0.015850880000,0.424751100000,0.625545900000),
double3(0.494261680000,0.384062530000,0.610702105000),
double3(0.481354400000,0.373989400000,0.657629100000),
double3(0.060134770000,0.334043680000,0.745481600000),
double3(0.049353955000,0.330555320000,0.791365770000),
double3(0.061295770000,0.294599700000,0.779626350000),
double3(0.497736150000,0.293710680000,0.815888525000),
double3(0.008601440000,0.297344300000,0.771422500000),
double3(0.472667515000,0.341050775000,0.967029125000),
double3(0.044995395000,0.428548900000,0.944625250000),
double3(0.045359130000,0.342447670000,0.935650350000),
double3(0.471471150000,0.427639125000,0.975305800000),
double3(0.470177350000,0.360117900000,0.521605075000),
double3(0.047008810000,0.409716935000,0.889570980000),
double3(0.385547950000,0.401852650000,0.919544815000),
double3(0.127092900000,0.314088285000,0.992537300000),
double3(0.009101670000,0.387838300000,0.834899275000),
double3(0.016390815000,0.423195100000,0.841884820000),
double3(0.051503730000,0.451567250000,0.775018780000),
double3(0.068152935000,0.411903085000,0.793145270000),
double3(0.044705675000,0.416711800000,0.767388850000),
double3(0.497018875000,0.314693850000,0.565551220000),
double3(0.015674755000,0.337355165000,0.579849540000),
double3(0.472216100000,0.311806025000,0.643638200000),
double3(0.451641050000,0.330940350000,0.613893690000),
double3(0.455043400000,0.286598680000,0.631324230000),
double3(0.214599190000,0.164388510000,0.583138220000),
double3(0.288019800000,0.038774395000,0.836111700000),
double3(0.267591800000,0.116531535000,0.704652500000),
double3(0.205560880000,0.139919550000,0.736875900000),
double3(0.233048840000,0.102439070000,0.714302825000),
double3(0.240522190000,0.153977290000,0.727528380000),
double3(0.201902350000,0.146091760000,0.649335235000),
double3(0.283656120000,0.088028020000,0.783110470000),
double3(0.256536800000,0.152031035000,0.689022700000),
double3(0.216904490000,0.104323020000,0.752526150000),
double3(0.222067350000,0.137786525000,0.698919450000),
double3(0.251395075000,0.118515550000,0.742632900000),
double3(0.209030075000,0.144213915000,0.672748925000),
double3(0.268950650000,0.103728945000,0.765280785000),
double3(0.168152330000,0.131491660000,0.625631525000),
double3(0.334970625000,0.071824305000,0.793837725000),
double3(0.196546630000,0.145830125000,0.620481715000),
double3(0.300783250000,0.067310500000,0.803899750000),
double3(0.264347250000,0.182403835000,0.577217445000),
double3(0.295333835000,0.205590050000,0.547707540000),
double3(0.229996740000,0.040519880000,0.848502050000),
double3(0.195724665000,0.022250475000,0.877483220000),
double3(0.263797850000,0.356396615000,0.938230870000),
double3(0.247358550000,0.333960850000,0.974828500000),
double3(0.216597585000,0.291979580000,0.543309150000),
double3(0.294558735000,0.398377925000,0.869750250000),
double3(0.277853950000,0.375576825000,0.906938730000),
double3(0.233302460000,0.314780650000,0.506120680000),
double3(0.337657250000,0.051725245000,0.818551780000),
double3(0.171977730000,0.136451515000,0.596363250000),
double3(0.204670520000,0.128203170000,0.503775655000),
double3(0.313215000000,0.062757575000,0.907395000000),
double3(0.186265450000,0.138567450000,0.533328235000),
double3(0.330687400000,0.054078745000,0.876826350000),
double3(0.191348775000,0.124308290000,0.565195380000),
double3(0.318186520000,0.062157095000,0.850805135000),
double3(0.215721650000,0.098508880000,0.566313980000),
double3(0.287858150000,0.081037930000,0.855524630000),
double3(0.235951035000,0.090299785000,0.535055220000),
double3(0.271668435000,0.091903820000,0.885487950000),
double3(0.229928950000,0.104893195000,0.503931525000),
double3(0.283565650000,0.080856950000,0.912513650000),
double3(0.249460310000,0.096151560000,0.971892950000),
double3(0.265586950000,0.088675775000,0.945341600000),
double3(0.194631500000,0.052648145000,0.625668465000),
double3(0.246648460000,0.066461025000,0.841630815000),
double3(0.265044420000,0.066903750000,0.534830270000),
double3(0.296535730000,0.085283740000,0.526136935000),
double3(0.242794620000,0.116202215000,0.888719230000),
double3(0.255798130000,0.149843810000,0.881203620000),
double3(0.442228700000,0.400164650000,0.835203900000),
double3(0.068031185000,0.288603125000,0.577315875000),
double3(0.044874210000,0.296405650000,0.667584500000),
double3(0.470983250000,0.389351600000,0.744487350000),
double3(0.057740590000,0.284766950000,0.639220600000),
double3(0.456699850000,0.402528820000,0.771901350000),
double3(0.052562045000,0.301755700000,0.607618140000),
double3(0.457769630000,0.385687100000,0.805741450000),
double3(0.033454490000,0.331450450000,0.605619135000),
double3(0.473639350000,0.354306670000,0.811372450000),
double3(0.021352095000,0.343292250000,0.634411780000),
double3(0.490195630000,0.342320025000,0.782426450000),
double3(0.026731180000,0.325221420000,0.665679620000),
double3(0.488113200000,0.359828550000,0.749173210000),
double3(0.013867950000,0.336526150000,0.695808300000),
double3(0.002405310000,0.347213180000,0.719957725000),
double3(0.496773650000,0.338541565000,0.576127345000),
double3(0.442335200000,0.311603850000,0.870938450000),
double3(0.004294120000,0.376209350000,0.631270100000),
double3(0.029754480000,0.402552425000,0.621295325000),
double3(0.009872135000,0.310816100000,0.787086600000),
double3(0.047458035000,0.318029400000,0.775168200000),
double3(0.479940115000,0.030894485000,0.786373350000),
double3(0.031279625000,0.158140950000,0.625543120000),
double3(0.020381130000,0.130826580000,0.659953625000),
double3(0.011157295000,0.107865950000,0.688951015000),
double3(0.000304540000,0.081052660000,0.722863225000),
double3(0.490975020000,0.058132575000,0.751899000000),
double3(0.454425550000,0.415361850000,0.841283600000),
double3(0.057206710000,0.291321935000,0.571776985000),
double3(0.028606115000,0.361767700000,0.944499285000),
double3(0.488364550000,0.408304450000,0.966678250000),
double3(0.489086865000,0.360808520000,0.962006900000),
double3(0.028408490000,0.409113900000,0.949355600000),
double3(0.455903700000,0.407843600000,0.899653250000),
double3(0.058981485000,0.335667250000,0.512494025000),
double3(0.029928760000,0.398403550000,0.919535280000),
double3(0.487297300000,0.371478450000,0.991660565000),
double3(0.490496300000,0.397294200000,0.937279500000),
double3(0.026725835000,0.372530730000,0.973937900000),
double3(0.470825075000,0.405649950000,0.916878100000),
double3(0.045441995000,0.354264450000,0.994627450000),
double3(0.404791830000,0.403205425000,0.892532675000),
double3(0.107520870000,0.303473200000,0.520561515000),
double3(0.439721315000,0.406893520000,0.879056635000),
double3(0.073496135000,0.311665400000,0.534333825000),
double3(0.013061085000,0.415242500000,0.822937000000),
double3(0.046394890000,0.424446100000,0.787368835000),
double3(0.002639825000,0.313886000000,0.587752820000),
double3(0.468271375000,0.310498250000,0.621304035000),
double3(0.197329715000,0.161084590000,0.566480830000),
double3(0.168578250000,0.140908910000,0.592782930000),
double3(0.342601350000,0.047783265000,0.819258100000),
double3(0.313849865000,0.027607575000,0.845560225000),
double3(0.219905450000,0.079319620000,0.598671435000),
double3(0.273892075000,0.088932270000,0.830227900000),
double3(0.472019300000,0.334273935000,0.846515000000),
double3(0.026238125000,0.350168250000,0.575158600000),
double3(0.428787750000,0.416610300000,0.832543900000),
double3(0.398160515000,0.409266380000,0.864188050000),
double3(0.112177665000,0.279911815000,0.548451900000),
double3(0.081550465000,0.272567950000,0.580095950000),
double3(0.237059625000,0.191158085000,0.567200160000),
double3(0.257090030000,0.020934180000,0.853765700000),
double3(0.281383065000,0.426483950000,0.859703185000),
double3(0.188716710000,0.300016650000,0.565998970000),
double3(0.322439650000,0.390340850000,0.847060380000),
double3(0.229773330000,0.263873520000,0.553356230000),
double3(0.328618230000,0.066601410000,0.791079135000),
double3(0.181605100000,0.122452835000,0.623340845000),
double3(0.362385150000,0.029233705000,0.820077850000),
double3(0.147838190000,0.159820510000,0.594342170000),
double3(0.443069100000,0.379770250000,0.866708250000),
double3(0.067710385000,0.309369950000,0.545598210000),
double3(0.429733100000,0.431272475000,0.827654100000),
double3(0.081046395000,0.257867725000,0.584652370000),
double3(0.499086300000,0.005980880000,0.789789170000),
double3(0.451155350000,0.031771760000,0.813281800000),
double3(0.060157040000,0.157354850000,0.598715760000),
double3(0.012192470000,0.183162600000,0.622223885000),
double3(0.130271970000,0.219617590000,0.581095025000),
double3(0.380243600000,0.470053450000,0.832286300000),
double3(0.485749800000,0.432117580000,0.815390900000),
double3(0.022390935000,0.286216450000,0.596315500000),
double3(0.137688490000,0.767249165000,0.057920185000),
double3(0.103556045000,0.706532540000,0.063594260000),
double3(0.173950300000,0.697911750000,0.068790785000),
double3(0.105894950000,0.706772900000,0.134071515000),
double3(0.413182320000,0.974309000000,0.345667250000),
double3(0.388807415000,0.929524050000,0.327037800000),
double3(0.335554780000,0.971618115000,0.367215150000),
double3(0.383441200000,0.504775225000,0.289215400000),
double3(0.229786025000,0.581310510000,0.208624650000),
double3(0.243995085000,0.674820915000,0.233476670000),
double3(0.293269600000,0.606756060000,0.191708400000),
double3(0.179837450000,0.649720565000,0.249527735000),
double3(0.200983600000,0.584507950000,0.278979630000),
double3(0.272459120000,0.671802415000,0.162518100000),
double3(0.146154950000,0.619938450000,0.151715665000),
double3(0.352548035000,0.591212990000,0.270022800000),
double3(0.272436100000,0.656572950000,0.080234980000),
double3(0.256784150000,0.685612485000,0.103249035000),
double3(0.288379500000,0.731551690000,0.044438860000),
double3(0.316660950000,0.699399575000,0.055739520000),
double3(0.304328320000,0.703177200000,0.020981750000),
double3(0.232126010000,0.544586530000,0.321225165000),
double3(0.229602590000,0.564469935000,0.351243500000),
double3(0.191158325000,0.519472170000,0.405237650000),
double3(0.174507735000,0.536460520000,0.371776670000),
double3(0.195557685000,0.997448830000,0.377019250000),
double3(0.199946180000,0.638434990000,0.480010180000),
double3(0.323248200000,0.556039780000,0.426846535000),
double3(0.167973785000,0.657756580000,0.031190155000),
double3(0.354395775000,0.541277245000,0.373348150000),
double3(0.229751050000,0.591072025000,0.108164610000),
double3(0.201921060000,0.537672060000,0.148118800000),
double3(0.193588360000,0.536278540000,0.112769665000),
double3(0.168738365000,0.562458280000,0.137585880000),
double3(0.269125580000,0.613451355000,0.319316475000),
double3(0.238311275000,0.573902650000,0.319649665000),
double3(0.224182365000,0.566977820000,0.367189230000),
double3(0.255996500000,0.540905735000,0.346444430000),
double3(0.303516180000,0.607349085000,0.000096085000),
double3(0.291185050000,0.593237885000,0.048751115000),
double3(0.318960875000,0.569162370000,0.022600590000),
double3(0.256223530000,0.546133855000,0.061849595000),
double3(0.272477400000,0.555340290000,0.014576375000),
double3(0.270199850000,0.647777720000,0.396742375000),
double3(0.273226975000,0.662182690000,0.351472525000),
double3(0.233690560000,0.665574730000,0.389697450000),
double3(0.231571065000,0.619655340000,0.369939200000),
double3(0.221139015000,0.606537060000,0.416805500000),
double3(0.049434050000,0.783363600000,0.191123770000),
double3(0.468908350000,0.901794880000,0.219152700000),
double3(0.072261450000,0.762510925000,0.141977475000),
double3(0.444112630000,0.925565700000,0.267020750000),
double3(0.046989160000,0.859795600000,0.049759530000),
double3(0.491911100000,0.856309475000,0.052762550000),
double3(0.473531550000,0.836686850000,0.102128485000),
double3(0.001379900000,0.813974200000,0.074019590000),
double3(0.494967370000,0.824949300000,0.346596720000),
double3(0.441837965000,0.798855900000,0.398405880000),
double3(0.443221900000,0.792780400000,0.360106250000),
double3(0.418158770000,0.825168950000,0.374258900000),
double3(0.043410795000,0.893660600000,0.138767420000),
double3(0.049154935000,0.909544600000,0.092078100000),
double3(0.015850880000,0.924751100000,0.125545900000),
double3(0.494261680000,0.884062530000,0.110702105000),
double3(0.481354400000,0.873989400000,0.157629100000),
double3(0.060134770000,0.834043680000,0.245481600000),
double3(0.049353955000,0.830555320000,0.291365770000),
double3(0.061295770000,0.794599700000,0.279626350000),
double3(0.497736150000,0.793710680000,0.315888525000),
double3(0.008601440000,0.797344300000,0.271422500000),
double3(0.472667515000,0.841050775000,0.467029125000),
double3(0.044995395000,0.928548900000,0.444625250000),
double3(0.045359130000,0.842447670000,0.435650350000),
double3(0.471471150000,0.927639125000,0.475305800000),
double3(0.470177350000,0.860117900000,0.021605075000),
double3(0.047008810000,0.909716935000,0.389570980000),
double3(0.385547950000,0.901852650000,0.419544815000),
double3(0.127092900000,0.814088285000,0.492537300000),
double3(0.009101670000,0.887838300000,0.334899275000),
double3(0.016390815000,0.923195100000,0.341884820000),
double3(0.051503730000,0.951567250000,0.275018780000),
double3(0.068152935000,0.911903085000,0.293145270000),
double3(0.044705675000,0.916711800000,0.267388850000),
double3(0.497018875000,0.814693850000,0.065551220000),
double3(0.015674755000,0.837355165000,0.079849540000),
double3(0.472216100000,0.811806025000,0.143638200000),
double3(0.451641050000,0.830940350000,0.113893690000),
double3(0.455043400000,0.786598680000,0.131324230000),
double3(0.214599190000,0.664388510000,0.083138220000),
double3(0.288019800000,0.538774395000,0.336111700000),
double3(0.267591800000,0.616531535000,0.204652500000),
double3(0.205560880000,0.639919550000,0.236875900000),
double3(0.233048840000,0.602439070000,0.214302825000),
double3(0.240522190000,0.653977290000,0.227528380000),
double3(0.201902350000,0.646091760000,0.149335235000),
double3(0.283656120000,0.588028020000,0.283110470000),
double3(0.256536800000,0.652031035000,0.189022700000),
double3(0.216904490000,0.604323020000,0.252526150000),
double3(0.222067350000,0.637786525000,0.198919450000),
double3(0.251395075000,0.618515550000,0.242632900000),
double3(0.209030075000,0.644213915000,0.172748925000),
double3(0.268950650000,0.603728945000,0.265280785000),
double3(0.168152330000,0.631491660000,0.125631525000),
double3(0.334970625000,0.571824305000,0.293837725000),
double3(0.196546630000,0.645830125000,0.120481715000),
double3(0.300783250000,0.567310500000,0.303899750000),
double3(0.264347250000,0.682403835000,0.077217445000),
double3(0.295333835000,0.705590050000,0.047707540000),
double3(0.229996740000,0.540519880000,0.348502050000),
double3(0.195724665000,0.522250475000,0.377483220000),
double3(0.263797850000,0.856396615000,0.438230870000),
double3(0.247358550000,0.833960850000,0.474828500000),
double3(0.216597585000,0.791979580000,0.043309150000),
double3(0.294558735000,0.898377925000,0.369750250000),
double3(0.277853950000,0.875576825000,0.406938730000),
double3(0.233302460000,0.814780650000,0.006120680000),
double3(0.337657250000,0.551725245000,0.318551780000),
double3(0.171977730000,0.636451515000,0.096363250000),
double3(0.204670520000,0.628203170000,0.003775655000),
double3(0.313215000000,0.562757575000,0.407395000000),
double3(0.186265450000,0.638567450000,0.033328235000),
double3(0.330687400000,0.554078745000,0.376826350000),
double3(0.191348775000,0.624308290000,0.065195380000),
double3(0.318186520000,0.562157095000,0.350805135000),
double3(0.215721650000,0.598508880000,0.066313980000),
double3(0.287858150000,0.581037930000,0.355524630000),
double3(0.235951035000,0.590299785000,0.035055220000),
double3(0.271668435000,0.591903820000,0.385487950000),
double3(0.229928950000,0.604893195000,0.003931525000),
double3(0.283565650000,0.580856950000,0.412513650000),
double3(0.249460310000,0.596151560000,0.471892950000),
double3(0.265586950000,0.588675775000,0.445341600000),
double3(0.194631500000,0.552648145000,0.125668465000),
double3(0.246648460000,0.566461025000,0.341630815000),
double3(0.265044420000,0.566903750000,0.034830270000),
double3(0.296535730000,0.585283740000,0.026136935000),
double3(0.242794620000,0.616202215000,0.388719230000),
double3(0.255798130000,0.649843810000,0.381203620000),
double3(0.442228700000,0.900164650000,0.335203900000),
double3(0.068031185000,0.788603125000,0.077315875000),
double3(0.044874210000,0.796405650000,0.167584500000),
double3(0.470983250000,0.889351600000,0.244487350000),
double3(0.057740590000,0.784766950000,0.139220600000),
double3(0.456699850000,0.902528820000,0.271901350000),
double3(0.052562045000,0.801755700000,0.107618140000),
double3(0.457769630000,0.885687100000,0.305741450000),
double3(0.033454490000,0.831450450000,0.105619135000),
double3(0.473639350000,0.854306670000,0.311372450000),
double3(0.021352095000,0.843292250000,0.134411780000),
double3(0.490195630000,0.842320025000,0.282426450000),
double3(0.026731180000,0.825221420000,0.165679620000),
double3(0.488113200000,0.859828550000,0.249173210000),
double3(0.013867950000,0.836526150000,0.195808300000),
double3(0.002405310000,0.847213180000,0.219957725000),
double3(0.496773650000,0.838541565000,0.076127345000),
double3(0.442335200000,0.811603850000,0.370938450000),
double3(0.004294120000,0.876209350000,0.131270100000),
double3(0.029754480000,0.902552425000,0.121295325000),
double3(0.009872135000,0.810816100000,0.287086600000),
double3(0.047458035000,0.818029400000,0.275168200000),
double3(0.479940115000,0.530894485000,0.286373350000),
double3(0.031279625000,0.658140950000,0.125543120000),
double3(0.020381130000,0.630826580000,0.159953625000),
double3(0.011157295000,0.607865950000,0.188951015000),
double3(0.000304540000,0.581052660000,0.222863225000),
double3(0.490975020000,0.558132575000,0.251899000000),
double3(0.454425550000,0.915361850000,0.341283600000),
double3(0.057206710000,0.791321935000,0.071776985000),
double3(0.028606115000,0.861767700000,0.444499285000),
double3(0.488364550000,0.908304450000,0.466678250000),
double3(0.489086865000,0.860808520000,0.462006900000),
double3(0.028408490000,0.909113900000,0.449355600000),
double3(0.455903700000,0.907843600000,0.399653250000),
double3(0.058981485000,0.835667250000,0.012494025000),
double3(0.029928760000,0.898403550000,0.419535280000),
double3(0.487297300000,0.871478450000,0.491660565000),
double3(0.490496300000,0.897294200000,0.437279500000),
double3(0.026725835000,0.872530730000,0.473937900000),
double3(0.470825075000,0.905649950000,0.416878100000),
double3(0.045441995000,0.854264450000,0.494627450000),
double3(0.404791830000,0.903205425000,0.392532675000),
double3(0.107520870000,0.803473200000,0.020561515000),
double3(0.439721315000,0.906893520000,0.379056635000),
double3(0.073496135000,0.811665400000,0.034333825000),
double3(0.013061085000,0.915242500000,0.322937000000),
double3(0.046394890000,0.924446100000,0.287368835000),
double3(0.002639825000,0.813886000000,0.087752820000),
double3(0.468271375000,0.810498250000,0.121304035000),
double3(0.197329715000,0.661084590000,0.066480830000),
double3(0.168578250000,0.640908910000,0.092782930000),
double3(0.342601350000,0.547783265000,0.319258100000),
double3(0.313849865000,0.527607575000,0.345560225000),
double3(0.219905450000,0.579319620000,0.098671435000),
double3(0.273892075000,0.588932270000,0.330227900000),
double3(0.472019300000,0.834273935000,0.346515000000),
double3(0.026238125000,0.850168250000,0.075158600000),
double3(0.428787750000,0.916610300000,0.332543900000),
double3(0.398160515000,0.909266380000,0.364188050000),
double3(0.112177665000,0.779911815000,0.048451900000),
double3(0.081550465000,0.772567950000,0.080095950000),
double3(0.237059625000,0.691158085000,0.067200160000),
double3(0.257090030000,0.520934180000,0.353765700000),
double3(0.281383065000,0.926483950000,0.359703185000),
double3(0.188716710000,0.800016650000,0.065998970000),
double3(0.322439650000,0.890340850000,0.347060380000),
double3(0.229773330000,0.763873520000,0.053356230000),
double3(0.328618230000,0.566601410000,0.291079135000),
double3(0.181605100000,0.622452835000,0.123340845000),
double3(0.362385150000,0.529233705000,0.320077850000),
double3(0.147838190000,0.659820510000,0.094342170000),
double3(0.443069100000,0.879770250000,0.366708250000),
double3(0.067710385000,0.809369950000,0.045598210000),
double3(0.429733100000,0.931272475000,0.327654100000),
double3(0.081046395000,0.757867725000,0.084652370000),
double3(0.499086300000,0.505980880000,0.289789170000),
double3(0.451155350000,0.531771760000,0.313281800000),
double3(0.060157040000,0.657354850000,0.098715760000),
double3(0.012192470000,0.683162600000,0.122223885000),
double3(0.130271970000,0.719617590000,0.081095025000),
double3(0.380243600000,0.970053450000,0.332286300000),
double3(0.485749800000,0.932117580000,0.315390900000),
double3(0.022390935000,0.786216450000,0.096315500000),
double3(0.137688490000,0.767249165000,0.557920185000),
double3(0.103556045000,0.706532540000,0.563594260000),
double3(0.173950300000,0.697911750000,0.568790785000),
double3(0.105894950000,0.706772900000,0.634071515000),
double3(0.413182320000,0.974309000000,0.845667250000),
double3(0.388807415000,0.929524050000,0.827037800000),
double3(0.335554780000,0.971618115000,0.867215150000),
double3(0.383441200000,0.504775225000,0.789215400000),
double3(0.229786025000,0.581310510000,0.708624650000),
double3(0.243995085000,0.674820915000,0.733476670000),
double3(0.293269600000,0.606756060000,0.691708400000),
double3(0.179837450000,0.649720565000,0.749527735000),
double3(0.200983600000,0.584507950000,0.778979630000),
double3(0.272459120000,0.671802415000,0.662518100000),
double3(0.146154950000,0.619938450000,0.651715665000),
double3(0.352548035000,0.591212990000,0.770022800000),
double3(0.272436100000,0.656572950000,0.580234980000),
double3(0.256784150000,0.685612485000,0.603249035000),
double3(0.288379500000,0.731551690000,0.544438860000),
double3(0.316660950000,0.699399575000,0.555739520000),
double3(0.304328320000,0.703177200000,0.520981750000),
double3(0.232126010000,0.544586530000,0.821225165000),
double3(0.229602590000,0.564469935000,0.851243500000),
double3(0.191158325000,0.519472170000,0.905237650000),
double3(0.174507735000,0.536460520000,0.871776670000),
double3(0.195557685000,0.997448830000,0.877019250000),
double3(0.199946180000,0.638434990000,0.980010180000),
double3(0.323248200000,0.556039780000,0.926846535000),
double3(0.167973785000,0.657756580000,0.531190155000),
double3(0.354395775000,0.541277245000,0.873348150000),
double3(0.229751050000,0.591072025000,0.608164610000),
double3(0.201921060000,0.537672060000,0.648118800000),
double3(0.193588360000,0.536278540000,0.612769665000),
double3(0.168738365000,0.562458280000,0.637585880000),
double3(0.269125580000,0.613451355000,0.819316475000),
double3(0.238311275000,0.573902650000,0.819649665000),
double3(0.224182365000,0.566977820000,0.867189230000),
double3(0.255996500000,0.540905735000,0.846444430000),
double3(0.303516180000,0.607349085000,0.500096085000),
double3(0.291185050000,0.593237885000,0.548751115000),
double3(0.318960875000,0.569162370000,0.522600590000),
double3(0.256223530000,0.546133855000,0.561849595000),
double3(0.272477400000,0.555340290000,0.514576375000),
double3(0.270199850000,0.647777720000,0.896742375000),
double3(0.273226975000,0.662182690000,0.851472525000),
double3(0.233690560000,0.665574730000,0.889697450000),
double3(0.231571065000,0.619655340000,0.869939200000),
double3(0.221139015000,0.606537060000,0.916805500000),
double3(0.049434050000,0.783363600000,0.691123770000),
double3(0.468908350000,0.901794880000,0.719152700000),
double3(0.072261450000,0.762510925000,0.641977475000),
double3(0.444112630000,0.925565700000,0.767020750000),
double3(0.046989160000,0.859795600000,0.549759530000),
double3(0.491911100000,0.856309475000,0.552762550000),
double3(0.473531550000,0.836686850000,0.602128485000),
double3(0.001379900000,0.813974200000,0.574019590000),
double3(0.494967370000,0.824949300000,0.846596720000),
double3(0.441837965000,0.798855900000,0.898405880000),
double3(0.443221900000,0.792780400000,0.860106250000),
double3(0.418158770000,0.825168950000,0.874258900000),
double3(0.043410795000,0.893660600000,0.638767420000),
double3(0.049154935000,0.909544600000,0.592078100000),
double3(0.015850880000,0.924751100000,0.625545900000),
double3(0.494261680000,0.884062530000,0.610702105000),
double3(0.481354400000,0.873989400000,0.657629100000),
double3(0.060134770000,0.834043680000,0.745481600000),
double3(0.049353955000,0.830555320000,0.791365770000),
double3(0.061295770000,0.794599700000,0.779626350000),
double3(0.497736150000,0.793710680000,0.815888525000),
double3(0.008601440000,0.797344300000,0.771422500000),
double3(0.472667515000,0.841050775000,0.967029125000),
double3(0.044995395000,0.928548900000,0.944625250000),
double3(0.045359130000,0.842447670000,0.935650350000),
double3(0.471471150000,0.927639125000,0.975305800000),
double3(0.470177350000,0.860117900000,0.521605075000),
double3(0.047008810000,0.909716935000,0.889570980000),
double3(0.385547950000,0.901852650000,0.919544815000),
double3(0.127092900000,0.814088285000,0.992537300000),
double3(0.009101670000,0.887838300000,0.834899275000),
double3(0.016390815000,0.923195100000,0.841884820000),
double3(0.051503730000,0.951567250000,0.775018780000),
double3(0.068152935000,0.911903085000,0.793145270000),
double3(0.044705675000,0.916711800000,0.767388850000),
double3(0.497018875000,0.814693850000,0.565551220000),
double3(0.015674755000,0.837355165000,0.579849540000),
double3(0.472216100000,0.811806025000,0.643638200000),
double3(0.451641050000,0.830940350000,0.613893690000),
double3(0.455043400000,0.786598680000,0.631324230000),
double3(0.214599190000,0.664388510000,0.583138220000),
double3(0.288019800000,0.538774395000,0.836111700000),
double3(0.267591800000,0.616531535000,0.704652500000),
double3(0.205560880000,0.639919550000,0.736875900000),
double3(0.233048840000,0.602439070000,0.714302825000),
double3(0.240522190000,0.653977290000,0.727528380000),
double3(0.201902350000,0.646091760000,0.649335235000),
double3(0.283656120000,0.588028020000,0.783110470000),
double3(0.256536800000,0.652031035000,0.689022700000),
double3(0.216904490000,0.604323020000,0.752526150000),
double3(0.222067350000,0.637786525000,0.698919450000),
double3(0.251395075000,0.618515550000,0.742632900000),
double3(0.209030075000,0.644213915000,0.672748925000),
double3(0.268950650000,0.603728945000,0.765280785000),
double3(0.168152330000,0.631491660000,0.625631525000),
double3(0.334970625000,0.571824305000,0.793837725000),
double3(0.196546630000,0.645830125000,0.620481715000),
double3(0.300783250000,0.567310500000,0.803899750000),
double3(0.264347250000,0.682403835000,0.577217445000),
double3(0.295333835000,0.705590050000,0.547707540000),
double3(0.229996740000,0.540519880000,0.848502050000),
double3(0.195724665000,0.522250475000,0.877483220000),
double3(0.263797850000,0.856396615000,0.938230870000),
double3(0.247358550000,0.833960850000,0.974828500000),
double3(0.216597585000,0.791979580000,0.543309150000),
double3(0.294558735000,0.898377925000,0.869750250000),
double3(0.277853950000,0.875576825000,0.906938730000),
double3(0.233302460000,0.814780650000,0.506120680000),
double3(0.337657250000,0.551725245000,0.818551780000),
double3(0.171977730000,0.636451515000,0.596363250000),
double3(0.204670520000,0.628203170000,0.503775655000),
double3(0.313215000000,0.562757575000,0.907395000000),
double3(0.186265450000,0.638567450000,0.533328235000),
double3(0.330687400000,0.554078745000,0.876826350000),
double3(0.191348775000,0.624308290000,0.565195380000),
double3(0.318186520000,0.562157095000,0.850805135000),
double3(0.215721650000,0.598508880000,0.566313980000),
double3(0.287858150000,0.581037930000,0.855524630000),
double3(0.235951035000,0.590299785000,0.535055220000),
double3(0.271668435000,0.591903820000,0.885487950000),
double3(0.229928950000,0.604893195000,0.503931525000),
double3(0.283565650000,0.580856950000,0.912513650000),
double3(0.249460310000,0.596151560000,0.971892950000),
double3(0.265586950000,0.588675775000,0.945341600000),
double3(0.194631500000,0.552648145000,0.625668465000),
double3(0.246648460000,0.566461025000,0.841630815000),
double3(0.265044420000,0.566903750000,0.534830270000),
double3(0.296535730000,0.585283740000,0.526136935000),
double3(0.242794620000,0.616202215000,0.888719230000),
double3(0.255798130000,0.649843810000,0.881203620000),
double3(0.442228700000,0.900164650000,0.835203900000),
double3(0.068031185000,0.788603125000,0.577315875000),
double3(0.044874210000,0.796405650000,0.667584500000),
double3(0.470983250000,0.889351600000,0.744487350000),
double3(0.057740590000,0.784766950000,0.639220600000),
double3(0.456699850000,0.902528820000,0.771901350000),
double3(0.052562045000,0.801755700000,0.607618140000),
double3(0.457769630000,0.885687100000,0.805741450000),
double3(0.033454490000,0.831450450000,0.605619135000),
double3(0.473639350000,0.854306670000,0.811372450000),
double3(0.021352095000,0.843292250000,0.634411780000),
double3(0.490195630000,0.842320025000,0.782426450000),
double3(0.026731180000,0.825221420000,0.665679620000),
double3(0.488113200000,0.859828550000,0.749173210000),
double3(0.013867950000,0.836526150000,0.695808300000),
double3(0.002405310000,0.847213180000,0.719957725000),
double3(0.496773650000,0.838541565000,0.576127345000),
double3(0.442335200000,0.811603850000,0.870938450000),
double3(0.004294120000,0.876209350000,0.631270100000),
double3(0.029754480000,0.902552425000,0.621295325000),
double3(0.009872135000,0.810816100000,0.787086600000),
double3(0.047458035000,0.818029400000,0.775168200000),
double3(0.479940115000,0.530894485000,0.786373350000),
double3(0.031279625000,0.658140950000,0.625543120000),
double3(0.020381130000,0.630826580000,0.659953625000),
double3(0.011157295000,0.607865950000,0.688951015000),
double3(0.000304540000,0.581052660000,0.722863225000),
double3(0.490975020000,0.558132575000,0.751899000000),
double3(0.454425550000,0.915361850000,0.841283600000),
double3(0.057206710000,0.791321935000,0.571776985000),
double3(0.028606115000,0.861767700000,0.944499285000),
double3(0.488364550000,0.908304450000,0.966678250000),
double3(0.489086865000,0.860808520000,0.962006900000),
double3(0.028408490000,0.909113900000,0.949355600000),
double3(0.455903700000,0.907843600000,0.899653250000),
double3(0.058981485000,0.835667250000,0.512494025000),
double3(0.029928760000,0.898403550000,0.919535280000),
double3(0.487297300000,0.871478450000,0.991660565000),
double3(0.490496300000,0.897294200000,0.937279500000),
double3(0.026725835000,0.872530730000,0.973937900000),
double3(0.470825075000,0.905649950000,0.916878100000),
double3(0.045441995000,0.854264450000,0.994627450000),
double3(0.404791830000,0.903205425000,0.892532675000),
double3(0.107520870000,0.803473200000,0.520561515000),
double3(0.439721315000,0.906893520000,0.879056635000),
double3(0.073496135000,0.811665400000,0.534333825000),
double3(0.013061085000,0.915242500000,0.822937000000),
double3(0.046394890000,0.924446100000,0.787368835000),
double3(0.002639825000,0.813886000000,0.587752820000),
double3(0.468271375000,0.810498250000,0.621304035000),
double3(0.197329715000,0.661084590000,0.566480830000),
double3(0.168578250000,0.640908910000,0.592782930000),
double3(0.342601350000,0.547783265000,0.819258100000),
double3(0.313849865000,0.527607575000,0.845560225000),
double3(0.219905450000,0.579319620000,0.598671435000),
double3(0.273892075000,0.588932270000,0.830227900000),
double3(0.472019300000,0.834273935000,0.846515000000),
double3(0.026238125000,0.850168250000,0.575158600000),
double3(0.428787750000,0.916610300000,0.832543900000),
double3(0.398160515000,0.909266380000,0.864188050000),
double3(0.112177665000,0.779911815000,0.548451900000),
double3(0.081550465000,0.772567950000,0.580095950000),
double3(0.237059625000,0.691158085000,0.567200160000),
double3(0.257090030000,0.520934180000,0.853765700000),
double3(0.281383065000,0.926483950000,0.859703185000),
double3(0.188716710000,0.800016650000,0.565998970000),
double3(0.322439650000,0.890340850000,0.847060380000),
double3(0.229773330000,0.763873520000,0.553356230000),
double3(0.328618230000,0.566601410000,0.791079135000),
double3(0.181605100000,0.622452835000,0.623340845000),
double3(0.362385150000,0.529233705000,0.820077850000),
double3(0.147838190000,0.659820510000,0.594342170000),
double3(0.443069100000,0.879770250000,0.866708250000),
double3(0.067710385000,0.809369950000,0.545598210000),
double3(0.429733100000,0.931272475000,0.827654100000),
double3(0.081046395000,0.757867725000,0.584652370000),
double3(0.499086300000,0.505980880000,0.789789170000),
double3(0.451155350000,0.531771760000,0.813281800000),
double3(0.060157040000,0.657354850000,0.598715760000),
double3(0.012192470000,0.683162600000,0.622223885000),
double3(0.130271970000,0.719617590000,0.581095025000),
double3(0.380243600000,0.970053450000,0.832286300000),
double3(0.485749800000,0.932117580000,0.815390900000),
double3(0.022390935000,0.786216450000,0.596315500000),
double3(0.637688490000,0.267249165000,0.057920185000),
double3(0.603556045000,0.206532540000,0.063594260000),
double3(0.673950300000,0.197911750000,0.068790785000),
double3(0.605894950000,0.206772900000,0.134071515000),
double3(0.913182320000,0.474309000000,0.345667250000),
double3(0.888807415000,0.429524050000,0.327037800000),
double3(0.835554780000,0.471618115000,0.367215150000),
double3(0.883441200000,0.004775225000,0.289215400000),
double3(0.729786025000,0.081310510000,0.208624650000),
double3(0.743995085000,0.174820915000,0.233476670000),
double3(0.793269600000,0.106756060000,0.191708400000),
double3(0.679837450000,0.149720565000,0.249527735000),
double3(0.700983600000,0.084507950000,0.278979630000),
double3(0.772459120000,0.171802415000,0.162518100000),
double3(0.646154950000,0.119938450000,0.151715665000),
double3(0.852548035000,0.091212990000,0.270022800000),
double3(0.772436100000,0.156572950000,0.080234980000),
double3(0.756784150000,0.185612485000,0.103249035000),
double3(0.788379500000,0.231551690000,0.044438860000),
double3(0.816660950000,0.199399575000,0.055739520000),
double3(0.804328320000,0.203177200000,0.020981750000),
double3(0.732126010000,0.044586530000,0.321225165000),
double3(0.729602590000,0.064469935000,0.351243500000),
double3(0.691158325000,0.019472170000,0.405237650000),
double3(0.674507735000,0.036460520000,0.371776670000),
double3(0.695557685000,0.497448830000,0.377019250000),
double3(0.699946180000,0.138434990000,0.480010180000),
double3(0.823248200000,0.056039780000,0.426846535000),
double3(0.667973785000,0.157756580000,0.031190155000),
double3(0.854395775000,0.041277245000,0.373348150000),
double3(0.729751050000,0.091072025000,0.108164610000),
double3(0.701921060000,0.037672060000,0.148118800000),
double3(0.693588360000,0.036278540000,0.112769665000),
double3(0.668738365000,0.062458280000,0.137585880000),
double3(0.769125580000,0.113451355000,0.319316475000),
double3(0.738311275000,0.073902650000,0.319649665000),
double3(0.724182365000,0.066977820000,0.367189230000),
double3(0.755996500000,0.040905735000,0.346444430000),
double3(0.803516180000,0.107349085000,0.000096085000),
double3(0.791185050000,0.093237885000,0.048751115000),
double3(0.818960875000,0.069162370000,0.022600590000),
double3(0.756223530000,0.046133855000,0.061849595000),
double3(0.772477400000,0.055340290000,0.014576375000),
double3(0.770199850000,0.147777720000,0.396742375000),
double3(0.773226975000,0.162182690000,0.351472525000),
double3(0.733690560000,0.165574730000,0.389697450000),
double3(0.731571065000,0.119655340000,0.369939200000),
double3(0.721139015000,0.106537060000,0.416805500000),
double3(0.549434050000,0.283363600000,0.191123770000),
double3(0.968908350000,0.401794880000,0.219152700000),
double3(0.572261450000,0.262510925000,0.141977475000),
double3(0.944112630000,0.425565700000,0.267020750000),
double3(0.546989160000,0.359795600000,0.049759530000),
double3(0.991911100000,0.356309475000,0.052762550000),
double3(0.973531550000,0.336686850000,0.102128485000),
double3(0.501379900000,0.313974200000,0.074019590000),
double3(0.994967370000,0.324949300000,0.346596720000),
double3(0.941837965000,0.298855900000,0.398405880000),
double3(0.943221900000,0.292780400000,0.360106250000),
double3(0.918158770000,0.325168950000,0.374258900000),
double3(0.543410795000,0.393660600000,0.138767420000),
double3(0.549154935000,0.409544600000,0.092078100000),
double3(0.515850880000,0.424751100000,0.125545900000),
double3(0.994261680000,0.384062530000,0.110702105000),
double3(0.981354400000,0.373989400000,0.157629100000),
double3(0.560134770000,0.334043680000,0.245481600000),
double3(0.549353955000,0.330555320000,0.291365770000),
double3(0.561295770000,0.294599700000,0.279626350000),
double3(0.997736150000,0.293710680000,0.315888525000),
double3(0.508601440000,0.297344300000,0.271422500000),
double3(0.972667515000,0.341050775000,0.467029125000),
double3(0.544995395000,0.428548900000,0.444625250000),
double3(0.545359130000,0.342447670000,0.435650350000),
double3(0.971471150000,0.427639125000,0.475305800000),
double3(0.970177350000,0.360117900000,0.021605075000),
double3(0.547008810000,0.409716935000,0.389570980000),
double3(0.885547950000,0.401852650000,0.419544815000),
double3(0.627092900000,0.314088285000,0.492537300000),
double3(0.509101670000,0.387838300000,0.334899275000),
double3(0.516390815000,0.423195100000,0.341884820000),
double3(0.551503730000,0.451567250000,0.275018780000),
double3(0.568152935000,0.411903085000,0.293145270000),
double3(0.544705675000,0.416711800000,0.267388850000),
double3(0.997018875000,0.314693850000,0.065551220000),
double3(0.515674755000,0.337355165000,0.079849540000),
double3(0.972216100000,0.311806025000,0.143638200000),
double3(0.951641050000,0.330940350000,0.113893690000),
double3(0.955043400000,0.286598680000,0.131324230000),
double3(0.714599190000,0.164388510000,0.083138220000),
double3(0.788019800000,0.038774395000,0.336111700000),
double3(0.767591800000,0.116531535000,0.204652500000),
double3(0.705560880000,0.139919550000,0.236875900000),
double3(0.733048840000,0.102439070000,0.214302825000),
double3(0.740522190000,0.153977290000,0.227528380000),
double3(0.701902350000,0.146091760000,0.149335235000),
double3(0.783656120000,0.088028020000,0.283110470000),
double3(0.756536800000,0.152031035000,0.189022700000),
double3(0.716904490000,0.104323020000,0.252526150000),
double3(0.722067350000,0.137786525000,0.198919450000),
double3(0.751395075000,0.118515550000,0.242632900000),
double3(0.709030075000,0.144213915000,0.172748925000),
double3(0.768950650000,0.103728945000,0.265280785000),
double3(0.668152330000,0.131491660000,0.125631525000),
double3(0.834970625000,0.071824305000,0.293837725000),
double3(0.696546630000,0.145830125000,0.120481715000),
double3(0.800783250000,0.067310500000,0.303899750000),
double3(0.764347250000,0.182403835000,0.077217445000),
double3(0.795333835000,0.205590050000,0.047707540000),
double3(0.729996740000,0.040519880000,0.348502050000),
double3(0.695724665000,0.022250475000,0.377483220000),
double3(0.763797850000,0.356396615000,0.438230870000),
double3(0.747358550000,0.333960850000,0.474828500000),
double3(0.716597585000,0.291979580000,0.043309150000),
double3(0.794558735000,0.398377925000,0.369750250000),
double3(0.777853950000,0.375576825000,0.406938730000),
double3(0.733302460000,0.314780650000,0.006120680000),
double3(0.837657250000,0.051725245000,0.318551780000),
double3(0.671977730000,0.136451515000,0.096363250000),
double3(0.704670520000,0.128203170000,0.003775655000),
double3(0.813215000000,0.062757575000,0.407395000000),
double3(0.686265450000,0.138567450000,0.033328235000),
double3(0.830687400000,0.054078745000,0.376826350000),
double3(0.691348775000,0.124308290000,0.065195380000),
double3(0.818186520000,0.062157095000,0.350805135000),
double3(0.715721650000,0.098508880000,0.066313980000),
double3(0.787858150000,0.081037930000,0.355524630000),
double3(0.735951035000,0.090299785000,0.035055220000),
double3(0.771668435000,0.091903820000,0.385487950000),
double3(0.729928950000,0.104893195000,0.003931525000),
double3(0.783565650000,0.080856950000,0.412513650000),
double3(0.749460310000,0.096151560000,0.471892950000),
double3(0.765586950000,0.088675775000,0.445341600000),
double3(0.694631500000,0.052648145000,0.125668465000),
double3(0.746648460000,0.066461025000,0.341630815000),
double3(0.765044420000,0.066903750000,0.034830270000),
double3(0.796535730000,0.085283740000,0.026136935000),
double3(0.742794620000,0.116202215000,0.388719230000),
double3(0.755798130000,0.149843810000,0.381203620000),
double3(0.942228700000,0.400164650000,0.335203900000),
double3(0.568031185000,0.288603125000,0.077315875000),
double3(0.544874210000,0.296405650000,0.167584500000),
double3(0.970983250000,0.389351600000,0.244487350000),
double3(0.557740590000,0.284766950000,0.139220600000),
double3(0.956699850000,0.402528820000,0.271901350000),
double3(0.552562045000,0.301755700000,0.107618140000),
double3(0.957769630000,0.385687100000,0.305741450000),
double3(0.533454490000,0.331450450000,0.105619135000),
double3(0.973639350000,0.354306670000,0.311372450000),
double3(0.521352095000,0.343292250000,0.134411780000),
double3(0.990195630000,0.342320025000,0.282426450000),
double3(0.526731180000,0.325221420000,0.165679620000),
double3(0.988113200000,0.359828550000,0.249173210000),
double3(0.513867950000,0.336526150000,0.195808300000),
double3(0.502405310000,0.347213180000,0.219957725000),
double3(0.996773650000,0.338541565000,0.076127345000),
double3(0.942335200000,0.311603850000,0.370938450000),
double3(0.504294120000,0.376209350000,0.131270100000),
double3(0.529754480000,0.402552425000,0.121295325000),
double3(0.509872135000,0.310816100000,0.287086600000),
double3(0.547458035000,0.318029400000,0.275168200000),
double3(0.979940115000,0.030894485000,0.286373350000),
double3(0.531279625000,0.158140950000,0.125543120000),
double3(0.520381130000,0.130826580000,0.159953625000),
double3(0.511157295000,0.107865950000,0.188951015000),
double3(0.500304540000,0.081052660000,0.222863225000),
double3(0.990975020000,0.058132575000,0.251899000000),
double3(0.954425550000,0.415361850000,0.341283600000),
double3(0.557206710000,0.291321935000,0.071776985000),
double3(0.528606115000,0.361767700000,0.444499285000),
double3(0.988364550000,0.408304450000,0.466678250000),
double3(0.989086865000,0.360808520000,0.462006900000),
double3(0.528408490000,0.409113900000,0.449355600000),
double3(0.955903700000,0.407843600000,0.399653250000),
double3(0.558981485000,0.335667250000,0.012494025000),
double3(0.529928760000,0.398403550000,0.419535280000),
double3(0.987297300000,0.371478450000,0.491660565000),
double3(0.990496300000,0.397294200000,0.437279500000),
double3(0.526725835000,0.372530730000,0.473937900000),
double3(0.970825075000,0.405649950000,0.416878100000),
double3(0.545441995000,0.354264450000,0.494627450000),
double3(0.904791830000,0.403205425000,0.392532675000),
double3(0.607520870000,0.303473200000,0.020561515000),
double3(0.939721315000,0.406893520000,0.379056635000),
double3(0.573496135000,0.311665400000,0.034333825000),
double3(0.513061085000,0.415242500000,0.322937000000),
double3(0.546394890000,0.424446100000,0.287368835000),
double3(0.502639825000,0.313886000000,0.087752820000),
double3(0.968271375000,0.310498250000,0.121304035000),
double3(0.697329715000,0.161084590000,0.066480830000),
double3(0.668578250000,0.140908910000,0.092782930000),
double3(0.842601350000,0.047783265000,0.319258100000),
double3(0.813849865000,0.027607575000,0.345560225000),
double3(0.719905450000,0.079319620000,0.098671435000),
double3(0.773892075000,0.088932270000,0.330227900000),
double3(0.972019300000,0.334273935000,0.346515000000),
double3(0.526238125000,0.350168250000,0.075158600000),
double3(0.928787750000,0.416610300000,0.332543900000),
double3(0.898160515000,0.409266380000,0.364188050000),
double3(0.612177665000,0.279911815000,0.048451900000),
double3(0.581550465000,0.272567950000,0.080095950000),
double3(0.737059625000,0.191158085000,0.067200160000),
double3(0.757090030000,0.020934180000,0.353765700000),
double3(0.781383065000,0.426483950000,0.359703185000),
double3(0.688716710000,0.300016650000,0.065998970000),
double3(0.822439650000,0.390340850000,0.347060380000),
double3(0.729773330000,0.263873520000,0.053356230000),
double3(0.828618230000,0.066601410000,0.291079135000),
double3(0.681605100000,0.122452835000,0.123340845000),
double3(0.862385150000,0.029233705000,0.320077850000),
double3(0.647838190000,0.159820510000,0.094342170000),
double3(0.943069100000,0.379770250000,0.366708250000),
double3(0.567710385000,0.309369950000,0.045598210000),
double3(0.929733100000,0.431272475000,0.327654100000),
double3(0.581046395000,0.257867725000,0.084652370000),
double3(0.999086300000,0.005980880000,0.289789170000),
double3(0.951155350000,0.031771760000,0.313281800000),
double3(0.560157040000,0.157354850000,0.098715760000),
double3(0.512192470000,0.183162600000,0.122223885000),
double3(0.630271970000,0.219617590000,0.081095025000),
double3(0.880243600000,0.470053450000,0.332286300000),
double3(0.985749800000,0.432117580000,0.315390900000),
double3(0.522390935000,0.286216450000,0.096315500000),
double3(0.637688490000,0.267249165000,0.557920185000),
double3(0.603556045000,0.206532540000,0.563594260000),
double3(0.673950300000,0.197911750000,0.568790785000),
double3(0.605894950000,0.206772900000,0.634071515000),
double3(0.913182320000,0.474309000000,0.845667250000),
double3(0.888807415000,0.429524050000,0.827037800000),
double3(0.835554780000,0.471618115000,0.867215150000),
double3(0.883441200000,0.004775225000,0.789215400000),
double3(0.729786025000,0.081310510000,0.708624650000),
double3(0.743995085000,0.174820915000,0.733476670000),
double3(0.793269600000,0.106756060000,0.691708400000),
double3(0.679837450000,0.149720565000,0.749527735000),
double3(0.700983600000,0.084507950000,0.778979630000),
double3(0.772459120000,0.171802415000,0.662518100000),
double3(0.646154950000,0.119938450000,0.651715665000),
double3(0.852548035000,0.091212990000,0.770022800000),
double3(0.772436100000,0.156572950000,0.580234980000),
double3(0.756784150000,0.185612485000,0.603249035000),
double3(0.788379500000,0.231551690000,0.544438860000),
double3(0.816660950000,0.199399575000,0.555739520000),
double3(0.804328320000,0.203177200000,0.520981750000),
double3(0.732126010000,0.044586530000,0.821225165000),
double3(0.729602590000,0.064469935000,0.851243500000),
double3(0.691158325000,0.019472170000,0.905237650000),
double3(0.674507735000,0.036460520000,0.871776670000),
double3(0.695557685000,0.497448830000,0.877019250000),
double3(0.699946180000,0.138434990000,0.980010180000),
double3(0.823248200000,0.056039780000,0.926846535000),
double3(0.667973785000,0.157756580000,0.531190155000),
double3(0.854395775000,0.041277245000,0.873348150000),
double3(0.729751050000,0.091072025000,0.608164610000),
double3(0.701921060000,0.037672060000,0.648118800000),
double3(0.693588360000,0.036278540000,0.612769665000),
double3(0.668738365000,0.062458280000,0.637585880000),
double3(0.769125580000,0.113451355000,0.819316475000),
double3(0.738311275000,0.073902650000,0.819649665000),
double3(0.724182365000,0.066977820000,0.867189230000),
double3(0.755996500000,0.040905735000,0.846444430000),
double3(0.803516180000,0.107349085000,0.500096085000),
double3(0.791185050000,0.093237885000,0.548751115000),
double3(0.818960875000,0.069162370000,0.522600590000),
double3(0.756223530000,0.046133855000,0.561849595000),
double3(0.772477400000,0.055340290000,0.514576375000),
double3(0.770199850000,0.147777720000,0.896742375000),
double3(0.773226975000,0.162182690000,0.851472525000),
double3(0.733690560000,0.165574730000,0.889697450000),
double3(0.731571065000,0.119655340000,0.869939200000),
double3(0.721139015000,0.106537060000,0.916805500000),
double3(0.549434050000,0.283363600000,0.691123770000),
double3(0.968908350000,0.401794880000,0.719152700000),
double3(0.572261450000,0.262510925000,0.641977475000),
double3(0.944112630000,0.425565700000,0.767020750000),
double3(0.546989160000,0.359795600000,0.549759530000),
double3(0.991911100000,0.356309475000,0.552762550000),
double3(0.973531550000,0.336686850000,0.602128485000),
double3(0.501379900000,0.313974200000,0.574019590000),
double3(0.994967370000,0.324949300000,0.846596720000),
double3(0.941837965000,0.298855900000,0.898405880000),
double3(0.943221900000,0.292780400000,0.860106250000),
double3(0.918158770000,0.325168950000,0.874258900000),
double3(0.543410795000,0.393660600000,0.638767420000),
double3(0.549154935000,0.409544600000,0.592078100000),
double3(0.515850880000,0.424751100000,0.625545900000),
double3(0.994261680000,0.384062530000,0.610702105000),
double3(0.981354400000,0.373989400000,0.657629100000),
double3(0.560134770000,0.334043680000,0.745481600000),
double3(0.549353955000,0.330555320000,0.791365770000),
double3(0.561295770000,0.294599700000,0.779626350000),
double3(0.997736150000,0.293710680000,0.815888525000),
double3(0.508601440000,0.297344300000,0.771422500000),
double3(0.972667515000,0.341050775000,0.967029125000),
double3(0.544995395000,0.428548900000,0.944625250000),
double3(0.545359130000,0.342447670000,0.935650350000),
double3(0.971471150000,0.427639125000,0.975305800000),
double3(0.970177350000,0.360117900000,0.521605075000),
double3(0.547008810000,0.409716935000,0.889570980000),
double3(0.885547950000,0.401852650000,0.919544815000),
double3(0.627092900000,0.314088285000,0.992537300000),
double3(0.509101670000,0.387838300000,0.834899275000),
double3(0.516390815000,0.423195100000,0.841884820000),
double3(0.551503730000,0.451567250000,0.775018780000),
double3(0.568152935000,0.411903085000,0.793145270000),
double3(0.544705675000,0.416711800000,0.767388850000),
double3(0.997018875000,0.314693850000,0.565551220000),
double3(0.515674755000,0.337355165000,0.579849540000),
double3(0.972216100000,0.311806025000,0.643638200000),
double3(0.951641050000,0.330940350000,0.613893690000),
double3(0.955043400000,0.286598680000,0.631324230000),
double3(0.714599190000,0.164388510000,0.583138220000),
double3(0.788019800000,0.038774395000,0.836111700000),
double3(0.767591800000,0.116531535000,0.704652500000),
double3(0.705560880000,0.139919550000,0.736875900000),
double3(0.733048840000,0.102439070000,0.714302825000),
double3(0.740522190000,0.153977290000,0.727528380000),
double3(0.701902350000,0.146091760000,0.649335235000),
double3(0.783656120000,0.088028020000,0.783110470000),
double3(0.756536800000,0.152031035000,0.689022700000),
double3(0.716904490000,0.104323020000,0.752526150000),
double3(0.722067350000,0.137786525000,0.698919450000),
double3(0.751395075000,0.118515550000,0.742632900000),
double3(0.709030075000,0.144213915000,0.672748925000),
double3(0.768950650000,0.103728945000,0.765280785000),
double3(0.668152330000,0.131491660000,0.625631525000),
double3(0.834970625000,0.071824305000,0.793837725000),
double3(0.696546630000,0.145830125000,0.620481715000),
double3(0.800783250000,0.067310500000,0.803899750000),
double3(0.764347250000,0.182403835000,0.577217445000),
double3(0.795333835000,0.205590050000,0.547707540000),
double3(0.729996740000,0.040519880000,0.848502050000),
double3(0.695724665000,0.022250475000,0.877483220000),
double3(0.763797850000,0.356396615000,0.938230870000),
double3(0.747358550000,0.333960850000,0.974828500000),
double3(0.716597585000,0.291979580000,0.543309150000),
double3(0.794558735000,0.398377925000,0.869750250000),
double3(0.777853950000,0.375576825000,0.906938730000),
double3(0.733302460000,0.314780650000,0.506120680000),
double3(0.837657250000,0.051725245000,0.818551780000),
double3(0.671977730000,0.136451515000,0.596363250000),
double3(0.704670520000,0.128203170000,0.503775655000),
double3(0.813215000000,0.062757575000,0.907395000000),
double3(0.686265450000,0.138567450000,0.533328235000),
double3(0.830687400000,0.054078745000,0.876826350000),
double3(0.691348775000,0.124308290000,0.565195380000),
double3(0.818186520000,0.062157095000,0.850805135000),
double3(0.715721650000,0.098508880000,0.566313980000),
double3(0.787858150000,0.081037930000,0.855524630000),
double3(0.735951035000,0.090299785000,0.535055220000),
double3(0.771668435000,0.091903820000,0.885487950000),
double3(0.729928950000,0.104893195000,0.503931525000),
double3(0.783565650000,0.080856950000,0.912513650000),
double3(0.749460310000,0.096151560000,0.971892950000),
double3(0.765586950000,0.088675775000,0.945341600000),
double3(0.694631500000,0.052648145000,0.625668465000),
double3(0.746648460000,0.066461025000,0.841630815000),
double3(0.765044420000,0.066903750000,0.534830270000),
double3(0.796535730000,0.085283740000,0.526136935000),
double3(0.742794620000,0.116202215000,0.888719230000),
double3(0.755798130000,0.149843810000,0.881203620000),
double3(0.942228700000,0.400164650000,0.835203900000),
double3(0.568031185000,0.288603125000,0.577315875000),
double3(0.544874210000,0.296405650000,0.667584500000),
double3(0.970983250000,0.389351600000,0.744487350000),
double3(0.557740590000,0.284766950000,0.639220600000),
double3(0.956699850000,0.402528820000,0.771901350000),
double3(0.552562045000,0.301755700000,0.607618140000),
double3(0.957769630000,0.385687100000,0.805741450000),
double3(0.533454490000,0.331450450000,0.605619135000),
double3(0.973639350000,0.354306670000,0.811372450000),
double3(0.521352095000,0.343292250000,0.634411780000),
double3(0.990195630000,0.342320025000,0.782426450000),
double3(0.526731180000,0.325221420000,0.665679620000),
double3(0.988113200000,0.359828550000,0.749173210000),
double3(0.513867950000,0.336526150000,0.695808300000),
double3(0.502405310000,0.347213180000,0.719957725000),
double3(0.996773650000,0.338541565000,0.576127345000),
double3(0.942335200000,0.311603850000,0.870938450000),
double3(0.504294120000,0.376209350000,0.631270100000),
double3(0.529754480000,0.402552425000,0.621295325000),
double3(0.509872135000,0.310816100000,0.787086600000),
double3(0.547458035000,0.318029400000,0.775168200000),
double3(0.979940115000,0.030894485000,0.786373350000),
double3(0.531279625000,0.158140950000,0.625543120000),
double3(0.520381130000,0.130826580000,0.659953625000),
double3(0.511157295000,0.107865950000,0.688951015000),
double3(0.500304540000,0.081052660000,0.722863225000),
double3(0.990975020000,0.058132575000,0.751899000000),
double3(0.954425550000,0.415361850000,0.841283600000),
double3(0.557206710000,0.291321935000,0.571776985000),
double3(0.528606115000,0.361767700000,0.944499285000),
double3(0.988364550000,0.408304450000,0.966678250000),
double3(0.989086865000,0.360808520000,0.962006900000),
double3(0.528408490000,0.409113900000,0.949355600000),
double3(0.955903700000,0.407843600000,0.899653250000),
double3(0.558981485000,0.335667250000,0.512494025000),
double3(0.529928760000,0.398403550000,0.919535280000),
double3(0.987297300000,0.371478450000,0.991660565000),
double3(0.990496300000,0.397294200000,0.937279500000),
double3(0.526725835000,0.372530730000,0.973937900000),
double3(0.970825075000,0.405649950000,0.916878100000),
double3(0.545441995000,0.354264450000,0.994627450000),
double3(0.904791830000,0.403205425000,0.892532675000),
double3(0.607520870000,0.303473200000,0.520561515000),
double3(0.939721315000,0.406893520000,0.879056635000),
double3(0.573496135000,0.311665400000,0.534333825000),
double3(0.513061085000,0.415242500000,0.822937000000),
double3(0.546394890000,0.424446100000,0.787368835000),
double3(0.502639825000,0.313886000000,0.587752820000),
double3(0.968271375000,0.310498250000,0.621304035000),
double3(0.697329715000,0.161084590000,0.566480830000),
double3(0.668578250000,0.140908910000,0.592782930000),
double3(0.842601350000,0.047783265000,0.819258100000),
double3(0.813849865000,0.027607575000,0.845560225000),
double3(0.719905450000,0.079319620000,0.598671435000),
double3(0.773892075000,0.088932270000,0.830227900000),
double3(0.972019300000,0.334273935000,0.846515000000),
double3(0.526238125000,0.350168250000,0.575158600000),
double3(0.928787750000,0.416610300000,0.832543900000),
double3(0.898160515000,0.409266380000,0.864188050000),
double3(0.612177665000,0.279911815000,0.548451900000),
double3(0.581550465000,0.272567950000,0.580095950000),
double3(0.737059625000,0.191158085000,0.567200160000),
double3(0.757090030000,0.020934180000,0.853765700000),
double3(0.781383065000,0.426483950000,0.859703185000),
double3(0.688716710000,0.300016650000,0.565998970000),
double3(0.822439650000,0.390340850000,0.847060380000),
double3(0.729773330000,0.263873520000,0.553356230000),
double3(0.828618230000,0.066601410000,0.791079135000),
double3(0.681605100000,0.122452835000,0.623340845000),
double3(0.862385150000,0.029233705000,0.820077850000),
double3(0.647838190000,0.159820510000,0.594342170000),
double3(0.943069100000,0.379770250000,0.866708250000),
double3(0.567710385000,0.309369950000,0.545598210000),
double3(0.929733100000,0.431272475000,0.827654100000),
double3(0.581046395000,0.257867725000,0.584652370000),
double3(0.999086300000,0.005980880000,0.789789170000),
double3(0.951155350000,0.031771760000,0.813281800000),
double3(0.560157040000,0.157354850000,0.598715760000),
double3(0.512192470000,0.183162600000,0.622223885000),
double3(0.630271970000,0.219617590000,0.581095025000),
double3(0.880243600000,0.470053450000,0.832286300000),
double3(0.985749800000,0.432117580000,0.815390900000),
double3(0.522390935000,0.286216450000,0.596315500000),
double3(0.637688490000,0.767249165000,0.057920185000),
double3(0.603556045000,0.706532540000,0.063594260000),
double3(0.673950300000,0.697911750000,0.068790785000),
double3(0.605894950000,0.706772900000,0.134071515000),
double3(0.913182320000,0.974309000000,0.345667250000),
double3(0.888807415000,0.929524050000,0.327037800000),
double3(0.835554780000,0.971618115000,0.367215150000),
double3(0.883441200000,0.504775225000,0.289215400000),
double3(0.729786025000,0.581310510000,0.208624650000),
double3(0.743995085000,0.674820915000,0.233476670000),
double3(0.793269600000,0.606756060000,0.191708400000),
double3(0.679837450000,0.649720565000,0.249527735000),
double3(0.700983600000,0.584507950000,0.278979630000),
double3(0.772459120000,0.671802415000,0.162518100000),
double3(0.646154950000,0.619938450000,0.151715665000),
double3(0.852548035000,0.591212990000,0.270022800000),
double3(0.772436100000,0.656572950000,0.080234980000),
double3(0.756784150000,0.685612485000,0.103249035000),
double3(0.788379500000,0.731551690000,0.044438860000),
double3(0.816660950000,0.699399575000,0.055739520000),
double3(0.804328320000,0.703177200000,0.020981750000),
double3(0.732126010000,0.544586530000,0.321225165000),
double3(0.729602590000,0.564469935000,0.351243500000),
double3(0.691158325000,0.519472170000,0.405237650000),
double3(0.674507735000,0.536460520000,0.371776670000),
double3(0.695557685000,0.997448830000,0.377019250000),
double3(0.699946180000,0.638434990000,0.480010180000),
double3(0.823248200000,0.556039780000,0.426846535000),
double3(0.667973785000,0.657756580000,0.031190155000),
double3(0.854395775000,0.541277245000,0.373348150000),
double3(0.729751050000,0.591072025000,0.108164610000),
double3(0.701921060000,0.537672060000,0.148118800000),
double3(0.693588360000,0.536278540000,0.112769665000),
double3(0.668738365000,0.562458280000,0.137585880000),
double3(0.769125580000,0.613451355000,0.319316475000),
double3(0.738311275000,0.573902650000,0.319649665000),
double3(0.724182365000,0.566977820000,0.367189230000),
double3(0.755996500000,0.540905735000,0.346444430000),
double3(0.803516180000,0.607349085000,0.000096085000),
double3(0.791185050000,0.593237885000,0.048751115000),
double3(0.818960875000,0.569162370000,0.022600590000),
double3(0.756223530000,0.546133855000,0.061849595000),
double3(0.772477400000,0.555340290000,0.014576375000),
double3(0.770199850000,0.647777720000,0.396742375000),
double3(0.773226975000,0.662182690000,0.351472525000),
double3(0.733690560000,0.665574730000,0.389697450000),
double3(0.731571065000,0.619655340000,0.369939200000),
double3(0.721139015000,0.606537060000,0.416805500000),
double3(0.549434050000,0.783363600000,0.191123770000),
double3(0.968908350000,0.901794880000,0.219152700000),
double3(0.572261450000,0.762510925000,0.141977475000),
double3(0.944112630000,0.925565700000,0.267020750000),
double3(0.546989160000,0.859795600000,0.049759530000),
double3(0.991911100000,0.856309475000,0.052762550000),
double3(0.973531550000,0.836686850000,0.102128485000),
double3(0.501379900000,0.813974200000,0.074019590000),
double3(0.994967370000,0.824949300000,0.346596720000),
double3(0.941837965000,0.798855900000,0.398405880000),
double3(0.943221900000,0.792780400000,0.360106250000),
double3(0.918158770000,0.825168950000,0.374258900000),
double3(0.543410795000,0.893660600000,0.138767420000),
double3(0.549154935000,0.909544600000,0.092078100000),
double3(0.515850880000,0.924751100000,0.125545900000),
double3(0.994261680000,0.884062530000,0.110702105000),
double3(0.981354400000,0.873989400000,0.157629100000),
double3(0.560134770000,0.834043680000,0.245481600000),
double3(0.549353955000,0.830555320000,0.291365770000),
double3(0.561295770000,0.794599700000,0.279626350000),
double3(0.997736150000,0.793710680000,0.315888525000),
double3(0.508601440000,0.797344300000,0.271422500000),
double3(0.972667515000,0.841050775000,0.467029125000),
double3(0.544995395000,0.928548900000,0.444625250000),
double3(0.545359130000,0.842447670000,0.435650350000),
double3(0.971471150000,0.927639125000,0.475305800000),
double3(0.970177350000,0.860117900000,0.021605075000),
double3(0.547008810000,0.909716935000,0.389570980000),
double3(0.885547950000,0.901852650000,0.419544815000),
double3(0.627092900000,0.814088285000,0.492537300000),
double3(0.509101670000,0.887838300000,0.334899275000),
double3(0.516390815000,0.923195100000,0.341884820000),
double3(0.551503730000,0.951567250000,0.275018780000),
double3(0.568152935000,0.911903085000,0.293145270000),
double3(0.544705675000,0.916711800000,0.267388850000),
double3(0.997018875000,0.814693850000,0.065551220000),
double3(0.515674755000,0.837355165000,0.079849540000),
double3(0.972216100000,0.811806025000,0.143638200000),
double3(0.951641050000,0.830940350000,0.113893690000),
double3(0.955043400000,0.786598680000,0.131324230000),
double3(0.714599190000,0.664388510000,0.083138220000),
double3(0.788019800000,0.538774395000,0.336111700000),
double3(0.767591800000,0.616531535000,0.204652500000),
double3(0.705560880000,0.639919550000,0.236875900000),
double3(0.733048840000,0.602439070000,0.214302825000),
double3(0.740522190000,0.653977290000,0.227528380000),
double3(0.701902350000,0.646091760000,0.149335235000),
double3(0.783656120000,0.588028020000,0.283110470000),
double3(0.756536800000,0.652031035000,0.189022700000),
double3(0.716904490000,0.604323020000,0.252526150000),
double3(0.722067350000,0.637786525000,0.198919450000),
double3(0.751395075000,0.618515550000,0.242632900000),
double3(0.709030075000,0.644213915000,0.172748925000),
double3(0.768950650000,0.603728945000,0.265280785000),
double3(0.668152330000,0.631491660000,0.125631525000),
double3(0.834970625000,0.571824305000,0.293837725000),
double3(0.696546630000,0.645830125000,0.120481715000),
double3(0.800783250000,0.567310500000,0.303899750000),
double3(0.764347250000,0.682403835000,0.077217445000),
double3(0.795333835000,0.705590050000,0.047707540000),
double3(0.729996740000,0.540519880000,0.348502050000),
double3(0.695724665000,0.522250475000,0.377483220000),
double3(0.763797850000,0.856396615000,0.438230870000),
double3(0.747358550000,0.833960850000,0.474828500000),
double3(0.716597585000,0.791979580000,0.043309150000),
double3(0.794558735000,0.898377925000,0.369750250000),
double3(0.777853950000,0.875576825000,0.406938730000),
double3(0.733302460000,0.814780650000,0.006120680000),
double3(0.837657250000,0.551725245000,0.318551780000),
double3(0.671977730000,0.636451515000,0.096363250000),
double3(0.704670520000,0.628203170000,0.003775655000),
double3(0.813215000000,0.562757575000,0.407395000000),
double3(0.686265450000,0.638567450000,0.033328235000),
double3(0.830687400000,0.554078745000,0.376826350000),
double3(0.691348775000,0.624308290000,0.065195380000),
double3(0.818186520000,0.562157095000,0.350805135000),
double3(0.715721650000,0.598508880000,0.066313980000),
double3(0.787858150000,0.581037930000,0.355524630000),
double3(0.735951035000,0.590299785000,0.035055220000),
double3(0.771668435000,0.591903820000,0.385487950000),
double3(0.729928950000,0.604893195000,0.003931525000),
double3(0.783565650000,0.580856950000,0.412513650000),
double3(0.749460310000,0.596151560000,0.471892950000),
double3(0.765586950000,0.588675775000,0.445341600000),
double3(0.694631500000,0.552648145000,0.125668465000),
double3(0.746648460000,0.566461025000,0.341630815000),
double3(0.765044420000,0.566903750000,0.034830270000),
double3(0.796535730000,0.585283740000,0.026136935000),
double3(0.742794620000,0.616202215000,0.388719230000),
double3(0.755798130000,0.649843810000,0.381203620000),
double3(0.942228700000,0.900164650000,0.335203900000),
double3(0.568031185000,0.788603125000,0.077315875000),
double3(0.544874210000,0.796405650000,0.167584500000),
double3(0.970983250000,0.889351600000,0.244487350000),
double3(0.557740590000,0.784766950000,0.139220600000),
double3(0.956699850000,0.902528820000,0.271901350000),
double3(0.552562045000,0.801755700000,0.107618140000),
double3(0.957769630000,0.885687100000,0.305741450000),
double3(0.533454490000,0.831450450000,0.105619135000),
double3(0.973639350000,0.854306670000,0.311372450000),
double3(0.521352095000,0.843292250000,0.134411780000),
double3(0.990195630000,0.842320025000,0.282426450000),
double3(0.526731180000,0.825221420000,0.165679620000),
double3(0.988113200000,0.859828550000,0.249173210000),
double3(0.513867950000,0.836526150000,0.195808300000),
double3(0.502405310000,0.847213180000,0.219957725000),
double3(0.996773650000,0.838541565000,0.076127345000),
double3(0.942335200000,0.811603850000,0.370938450000),
double3(0.504294120000,0.876209350000,0.131270100000),
double3(0.529754480000,0.902552425000,0.121295325000),
double3(0.509872135000,0.810816100000,0.287086600000),
double3(0.547458035000,0.818029400000,0.275168200000),
double3(0.979940115000,0.530894485000,0.286373350000),
double3(0.531279625000,0.658140950000,0.125543120000),
double3(0.520381130000,0.630826580000,0.159953625000),
double3(0.511157295000,0.607865950000,0.188951015000),
double3(0.500304540000,0.581052660000,0.222863225000),
double3(0.990975020000,0.558132575000,0.251899000000),
double3(0.954425550000,0.915361850000,0.341283600000),
double3(0.557206710000,0.791321935000,0.071776985000),
double3(0.528606115000,0.861767700000,0.444499285000),
double3(0.988364550000,0.908304450000,0.466678250000),
double3(0.989086865000,0.860808520000,0.462006900000),
double3(0.528408490000,0.909113900000,0.449355600000),
double3(0.955903700000,0.907843600000,0.399653250000),
double3(0.558981485000,0.835667250000,0.012494025000),
double3(0.529928760000,0.898403550000,0.419535280000),
double3(0.987297300000,0.871478450000,0.491660565000),
double3(0.990496300000,0.897294200000,0.437279500000),
double3(0.526725835000,0.872530730000,0.473937900000),
double3(0.970825075000,0.905649950000,0.416878100000),
double3(0.545441995000,0.854264450000,0.494627450000),
double3(0.904791830000,0.903205425000,0.392532675000),
double3(0.607520870000,0.803473200000,0.020561515000),
double3(0.939721315000,0.906893520000,0.379056635000),
double3(0.573496135000,0.811665400000,0.034333825000),
double3(0.513061085000,0.915242500000,0.322937000000),
double3(0.546394890000,0.924446100000,0.287368835000),
double3(0.502639825000,0.813886000000,0.087752820000),
double3(0.968271375000,0.810498250000,0.121304035000),
double3(0.697329715000,0.661084590000,0.066480830000),
double3(0.668578250000,0.640908910000,0.092782930000),
double3(0.842601350000,0.547783265000,0.319258100000),
double3(0.813849865000,0.527607575000,0.345560225000),
double3(0.719905450000,0.579319620000,0.098671435000),
double3(0.773892075000,0.588932270000,0.330227900000),
double3(0.972019300000,0.834273935000,0.346515000000),
double3(0.526238125000,0.850168250000,0.075158600000),
double3(0.928787750000,0.916610300000,0.332543900000),
double3(0.898160515000,0.909266380000,0.364188050000),
double3(0.612177665000,0.779911815000,0.048451900000),
double3(0.581550465000,0.772567950000,0.080095950000),
double3(0.737059625000,0.691158085000,0.067200160000),
double3(0.757090030000,0.520934180000,0.353765700000),
double3(0.781383065000,0.926483950000,0.359703185000),
double3(0.688716710000,0.800016650000,0.065998970000),
double3(0.822439650000,0.890340850000,0.347060380000),
double3(0.729773330000,0.763873520000,0.053356230000),
double3(0.828618230000,0.566601410000,0.291079135000),
double3(0.681605100000,0.622452835000,0.123340845000),
double3(0.862385150000,0.529233705000,0.320077850000),
double3(0.647838190000,0.659820510000,0.094342170000),
double3(0.943069100000,0.879770250000,0.366708250000),
double3(0.567710385000,0.809369950000,0.045598210000),
double3(0.929733100000,0.931272475000,0.327654100000),
double3(0.581046395000,0.757867725000,0.084652370000),
double3(0.999086300000,0.505980880000,0.289789170000),
double3(0.951155350000,0.531771760000,0.313281800000),
double3(0.560157040000,0.657354850000,0.098715760000),
double3(0.512192470000,0.683162600000,0.122223885000),
double3(0.630271970000,0.719617590000,0.081095025000),
double3(0.880243600000,0.970053450000,0.332286300000),
double3(0.985749800000,0.932117580000,0.315390900000),
double3(0.522390935000,0.786216450000,0.096315500000),
double3(0.637688490000,0.767249165000,0.557920185000),
double3(0.603556045000,0.706532540000,0.563594260000),
double3(0.673950300000,0.697911750000,0.568790785000),
double3(0.605894950000,0.706772900000,0.634071515000),
double3(0.913182320000,0.974309000000,0.845667250000),
double3(0.888807415000,0.929524050000,0.827037800000),
double3(0.835554780000,0.971618115000,0.867215150000),
double3(0.883441200000,0.504775225000,0.789215400000),
double3(0.729786025000,0.581310510000,0.708624650000),
double3(0.743995085000,0.674820915000,0.733476670000),
double3(0.793269600000,0.606756060000,0.691708400000),
double3(0.679837450000,0.649720565000,0.749527735000),
double3(0.700983600000,0.584507950000,0.778979630000),
double3(0.772459120000,0.671802415000,0.662518100000),
double3(0.646154950000,0.619938450000,0.651715665000),
double3(0.852548035000,0.591212990000,0.770022800000),
double3(0.772436100000,0.656572950000,0.580234980000),
double3(0.756784150000,0.685612485000,0.603249035000),
double3(0.788379500000,0.731551690000,0.544438860000),
double3(0.816660950000,0.699399575000,0.555739520000),
double3(0.804328320000,0.703177200000,0.520981750000),
double3(0.732126010000,0.544586530000,0.821225165000),
double3(0.729602590000,0.564469935000,0.851243500000),
double3(0.691158325000,0.519472170000,0.905237650000),
double3(0.674507735000,0.536460520000,0.871776670000),
double3(0.695557685000,0.997448830000,0.877019250000),
double3(0.699946180000,0.638434990000,0.980010180000),
double3(0.823248200000,0.556039780000,0.926846535000),
double3(0.667973785000,0.657756580000,0.531190155000),
double3(0.854395775000,0.541277245000,0.873348150000),
double3(0.729751050000,0.591072025000,0.608164610000),
double3(0.701921060000,0.537672060000,0.648118800000),
double3(0.693588360000,0.536278540000,0.612769665000),
double3(0.668738365000,0.562458280000,0.637585880000),
double3(0.769125580000,0.613451355000,0.819316475000),
double3(0.738311275000,0.573902650000,0.819649665000),
double3(0.724182365000,0.566977820000,0.867189230000),
double3(0.755996500000,0.540905735000,0.846444430000),
double3(0.803516180000,0.607349085000,0.500096085000),
double3(0.791185050000,0.593237885000,0.548751115000),
double3(0.818960875000,0.569162370000,0.522600590000),
double3(0.756223530000,0.546133855000,0.561849595000),
double3(0.772477400000,0.555340290000,0.514576375000),
double3(0.770199850000,0.647777720000,0.896742375000),
double3(0.773226975000,0.662182690000,0.851472525000),
double3(0.733690560000,0.665574730000,0.889697450000),
double3(0.731571065000,0.619655340000,0.869939200000),
double3(0.721139015000,0.606537060000,0.916805500000),
double3(0.549434050000,0.783363600000,0.691123770000),
double3(0.968908350000,0.901794880000,0.719152700000),
double3(0.572261450000,0.762510925000,0.641977475000),
double3(0.944112630000,0.925565700000,0.767020750000),
double3(0.546989160000,0.859795600000,0.549759530000),
double3(0.991911100000,0.856309475000,0.552762550000),
double3(0.973531550000,0.836686850000,0.602128485000),
double3(0.501379900000,0.813974200000,0.574019590000),
double3(0.994967370000,0.824949300000,0.846596720000),
double3(0.941837965000,0.798855900000,0.898405880000),
double3(0.943221900000,0.792780400000,0.860106250000),
double3(0.918158770000,0.825168950000,0.874258900000),
double3(0.543410795000,0.893660600000,0.638767420000),
double3(0.549154935000,0.909544600000,0.592078100000),
double3(0.515850880000,0.924751100000,0.625545900000),
double3(0.994261680000,0.884062530000,0.610702105000),
double3(0.981354400000,0.873989400000,0.657629100000),
double3(0.560134770000,0.834043680000,0.745481600000),
double3(0.549353955000,0.830555320000,0.791365770000),
double3(0.561295770000,0.794599700000,0.779626350000),
double3(0.997736150000,0.793710680000,0.815888525000),
double3(0.508601440000,0.797344300000,0.771422500000),
double3(0.972667515000,0.841050775000,0.967029125000),
double3(0.544995395000,0.928548900000,0.944625250000),
double3(0.545359130000,0.842447670000,0.935650350000),
double3(0.971471150000,0.927639125000,0.975305800000),
double3(0.970177350000,0.860117900000,0.521605075000),
double3(0.547008810000,0.909716935000,0.889570980000),
double3(0.885547950000,0.901852650000,0.919544815000),
double3(0.627092900000,0.814088285000,0.992537300000),
double3(0.509101670000,0.887838300000,0.834899275000),
double3(0.516390815000,0.923195100000,0.841884820000),
double3(0.551503730000,0.951567250000,0.775018780000),
double3(0.568152935000,0.911903085000,0.793145270000),
double3(0.544705675000,0.916711800000,0.767388850000),
double3(0.997018875000,0.814693850000,0.565551220000),
double3(0.515674755000,0.837355165000,0.579849540000),
double3(0.972216100000,0.811806025000,0.643638200000),
double3(0.951641050000,0.830940350000,0.613893690000),
double3(0.955043400000,0.786598680000,0.631324230000),
double3(0.714599190000,0.664388510000,0.583138220000),
double3(0.788019800000,0.538774395000,0.836111700000),
double3(0.767591800000,0.616531535000,0.704652500000),
double3(0.705560880000,0.639919550000,0.736875900000),
double3(0.733048840000,0.602439070000,0.714302825000),
double3(0.740522190000,0.653977290000,0.727528380000),
double3(0.701902350000,0.646091760000,0.649335235000),
double3(0.783656120000,0.588028020000,0.783110470000),
double3(0.756536800000,0.652031035000,0.689022700000),
double3(0.716904490000,0.604323020000,0.752526150000),
double3(0.722067350000,0.637786525000,0.698919450000),
double3(0.751395075000,0.618515550000,0.742632900000),
double3(0.709030075000,0.644213915000,0.672748925000),
double3(0.768950650000,0.603728945000,0.765280785000),
double3(0.668152330000,0.631491660000,0.625631525000),
double3(0.834970625000,0.571824305000,0.793837725000),
double3(0.696546630000,0.645830125000,0.620481715000),
double3(0.800783250000,0.567310500000,0.803899750000),
double3(0.764347250000,0.682403835000,0.577217445000),
double3(0.795333835000,0.705590050000,0.547707540000),
double3(0.729996740000,0.540519880000,0.848502050000),
double3(0.695724665000,0.522250475000,0.877483220000),
double3(0.763797850000,0.856396615000,0.938230870000),
double3(0.747358550000,0.833960850000,0.974828500000),
double3(0.716597585000,0.791979580000,0.543309150000),
double3(0.794558735000,0.898377925000,0.869750250000),
double3(0.777853950000,0.875576825000,0.906938730000),
double3(0.733302460000,0.814780650000,0.506120680000),
double3(0.837657250000,0.551725245000,0.818551780000),
double3(0.671977730000,0.636451515000,0.596363250000),
double3(0.704670520000,0.628203170000,0.503775655000),
double3(0.813215000000,0.562757575000,0.907395000000),
double3(0.686265450000,0.638567450000,0.533328235000),
double3(0.830687400000,0.554078745000,0.876826350000),
double3(0.691348775000,0.624308290000,0.565195380000),
double3(0.818186520000,0.562157095000,0.850805135000),
double3(0.715721650000,0.598508880000,0.566313980000),
double3(0.787858150000,0.581037930000,0.855524630000),
double3(0.735951035000,0.590299785000,0.535055220000),
double3(0.771668435000,0.591903820000,0.885487950000),
double3(0.729928950000,0.604893195000,0.503931525000),
double3(0.783565650000,0.580856950000,0.912513650000),
double3(0.749460310000,0.596151560000,0.971892950000),
double3(0.765586950000,0.588675775000,0.945341600000),
double3(0.694631500000,0.552648145000,0.625668465000),
double3(0.746648460000,0.566461025000,0.841630815000),
double3(0.765044420000,0.566903750000,0.534830270000),
double3(0.796535730000,0.585283740000,0.526136935000),
double3(0.742794620000,0.616202215000,0.888719230000),
double3(0.755798130000,0.649843810000,0.881203620000),
double3(0.942228700000,0.900164650000,0.835203900000),
double3(0.568031185000,0.788603125000,0.577315875000),
double3(0.544874210000,0.796405650000,0.667584500000),
double3(0.970983250000,0.889351600000,0.744487350000),
double3(0.557740590000,0.784766950000,0.639220600000),
double3(0.956699850000,0.902528820000,0.771901350000),
double3(0.552562045000,0.801755700000,0.607618140000),
double3(0.957769630000,0.885687100000,0.805741450000),
double3(0.533454490000,0.831450450000,0.605619135000),
double3(0.973639350000,0.854306670000,0.811372450000),
double3(0.521352095000,0.843292250000,0.634411780000),
double3(0.990195630000,0.842320025000,0.782426450000),
double3(0.526731180000,0.825221420000,0.665679620000),
double3(0.988113200000,0.859828550000,0.749173210000),
double3(0.513867950000,0.836526150000,0.695808300000),
double3(0.502405310000,0.847213180000,0.719957725000),
double3(0.996773650000,0.838541565000,0.576127345000),
double3(0.942335200000,0.811603850000,0.870938450000),
double3(0.504294120000,0.876209350000,0.631270100000),
double3(0.529754480000,0.902552425000,0.621295325000),
double3(0.509872135000,0.810816100000,0.787086600000),
double3(0.547458035000,0.818029400000,0.775168200000),
double3(0.979940115000,0.530894485000,0.786373350000),
double3(0.531279625000,0.658140950000,0.625543120000),
double3(0.520381130000,0.630826580000,0.659953625000),
double3(0.511157295000,0.607865950000,0.688951015000),
double3(0.500304540000,0.581052660000,0.722863225000),
double3(0.990975020000,0.558132575000,0.751899000000),
double3(0.954425550000,0.915361850000,0.841283600000),
double3(0.557206710000,0.791321935000,0.571776985000),
double3(0.528606115000,0.861767700000,0.944499285000),
double3(0.988364550000,0.908304450000,0.966678250000),
double3(0.989086865000,0.860808520000,0.962006900000),
double3(0.528408490000,0.909113900000,0.949355600000),
double3(0.955903700000,0.907843600000,0.899653250000),
double3(0.558981485000,0.835667250000,0.512494025000),
double3(0.529928760000,0.898403550000,0.919535280000),
double3(0.987297300000,0.871478450000,0.991660565000),
double3(0.990496300000,0.897294200000,0.937279500000),
double3(0.526725835000,0.872530730000,0.973937900000),
double3(0.970825075000,0.905649950000,0.916878100000),
double3(0.545441995000,0.854264450000,0.994627450000),
double3(0.904791830000,0.903205425000,0.892532675000),
double3(0.607520870000,0.803473200000,0.520561515000),
double3(0.939721315000,0.906893520000,0.879056635000),
double3(0.573496135000,0.811665400000,0.534333825000),
double3(0.513061085000,0.915242500000,0.822937000000),
double3(0.546394890000,0.924446100000,0.787368835000),
double3(0.502639825000,0.813886000000,0.587752820000),
double3(0.968271375000,0.810498250000,0.621304035000),
double3(0.697329715000,0.661084590000,0.566480830000),
double3(0.668578250000,0.640908910000,0.592782930000),
double3(0.842601350000,0.547783265000,0.819258100000),
double3(0.813849865000,0.527607575000,0.845560225000),
double3(0.719905450000,0.579319620000,0.598671435000),
double3(0.773892075000,0.588932270000,0.830227900000),
double3(0.972019300000,0.834273935000,0.846515000000),
double3(0.526238125000,0.850168250000,0.575158600000),
double3(0.928787750000,0.916610300000,0.832543900000),
double3(0.898160515000,0.909266380000,0.864188050000),
double3(0.612177665000,0.779911815000,0.548451900000),
double3(0.581550465000,0.772567950000,0.580095950000),
double3(0.737059625000,0.691158085000,0.567200160000),
double3(0.757090030000,0.520934180000,0.853765700000),
double3(0.781383065000,0.926483950000,0.859703185000),
double3(0.688716710000,0.800016650000,0.565998970000),
double3(0.822439650000,0.890340850000,0.847060380000),
double3(0.729773330000,0.763873520000,0.553356230000),
double3(0.828618230000,0.566601410000,0.791079135000),
double3(0.681605100000,0.622452835000,0.623340845000),
double3(0.862385150000,0.529233705000,0.820077850000),
double3(0.647838190000,0.659820510000,0.594342170000),
double3(0.943069100000,0.879770250000,0.866708250000),
double3(0.567710385000,0.809369950000,0.545598210000),
double3(0.929733100000,0.931272475000,0.827654100000),
double3(0.581046395000,0.757867725000,0.584652370000),
double3(0.999086300000,0.505980880000,0.789789170000),
double3(0.951155350000,0.531771760000,0.813281800000),
double3(0.560157040000,0.657354850000,0.598715760000),
double3(0.512192470000,0.683162600000,0.622223885000),
double3(0.630271970000,0.719617590000,0.581095025000),
double3(0.880243600000,0.970053450000,0.832286300000),
double3(0.985749800000,0.932117580000,0.815390900000),
double3(0.522390935000,0.786216450000,0.596315500000),
