[double3(10.271450000000,0.000000000000,0.000000000000),double3(1.093437852493,15.500270588826,0.000000000000),double3(0.146643600160,0.209759957464,16.602447408475)]

double3(0.376157520000,0.014166675000,0.087255800000),
double3(0.231097500000,0.020533260000,0.099785930000),
double3(0.323366580000,0.323040150000,0.145102680000),
double3(0.286671900000,0.211660460000,0.041780920000),
double3(0.296793100000,0.203414575000,0.173948125000),
double3(0.313245325000,0.331286050000,0.012935450000),
double3(0.277100150000,0.123728200000,0.171455785000),
double3(0.332938350000,0.410972415000,0.015427810000),
double3(0.343005330000,0.402736400000,0.147599385000),
double3(0.267033100000,0.131964300000,0.039284175000),
double3(0.132438185000,0.472047300000,0.461994700000),
double3(0.090207755000,0.047894620000,0.232634915000),
double3(0.476267370000,0.067600150000,0.222662510000),
double3(0.015977430000,0.479576200000,0.455132425000),
double3(0.386338350000,0.457345750000,0.215499385000),
double3(0.212188585000,0.034922715000,0.461328030000),
double3(0.414028200000,0.488491350000,0.477459800000),
double3(0.368409485000,0.466807485000,0.341431950000),
double3(0.175103440000,0.493060620000,0.284828400000),
double3(0.215324880000,0.007403570000,0.393589320000),
double3(0.189062550000,0.015890260000,0.214660225000),
double3(0.416635800000,0.459973250000,0.409397750000),
double3(0.220653130000,0.456355000000,0.347304750000),
double3(0.370072930000,0.431185575000,0.283253750000),
double3(0.273683370000,0.148013550000,0.069505090000),
double3(0.336355150000,0.386687070000,0.117378495000),
double3(0.284550950000,0.191932560000,0.070872875000),
double3(0.325487435000,0.342768050000,0.116010695000),
double3(0.292776465000,0.211638350000,0.107997680000),
double3(0.317262085000,0.323062300000,0.078885920000),
double3(0.290132730000,0.187393560000,0.143724265000),
double3(0.319905730000,0.347307100000,0.043159305000),
double3(0.279269300000,0.143468550000,0.142359660000),
double3(0.330769180000,0.391232135000,0.044523900000),
double3(0.190482440000,0.000964770000,0.103075950000),
double3(0.417025750000,0.031264755000,0.083579920000),
double3(0.476116850000,0.050210190000,0.160154950000),
double3(0.109490840000,0.028612975000,0.171458275000),
double3(0.132384090000,0.489228150000,0.024566340000),
double3(0.496758050000,0.499142950000,0.016268620000),
double3(0.004831685000,0.054804415000,0.197379725000),
double3(0.069958250000,0.043779010000,0.203024385000),
double3(0.103148220000,0.481792300000,0.488063050000),
double3(0.036692625000,0.486271200000,0.484100600000),
double3(0.082449650000,0.022999050000,0.131954165000),
double3(0.014080470000,0.032569830000,0.126566260000),
double3(0.024552250000,0.008330915000,0.054890945000),
double3(0.093580730000,0.002209500000,0.059388255000),
double3(0.121000670000,0.008806585000,0.098043040000),
double3(0.486371550000,0.023826815000,0.088476545000),
double3(0.312783100000,0.013724640000,0.474509900000),
double3(0.299950200000,0.003556340000,0.168596370000),
double3(0.229428025000,0.498721870000,0.229874210000),
double3(0.308454500000,0.025881395000,0.016710760000),
double3(0.290139675000,0.491116150000,0.210673735000),
double3(0.339999675000,0.465793075000,0.230196370000),
double3(0.258490850000,0.001882050000,0.411871550000),
double3(0.330610000000,0.450414630000,0.268909750000),
double3(0.272299400000,0.461804750000,0.289543700000),
double3(0.220773550000,0.484496830000,0.269386500000),
double3(0.257107400000,0.018628325000,0.450359850000),
double3(0.370417650000,0.492767485000,0.459325200000),
double3(0.371746100000,0.475968250000,0.420788525000),
double3(0.315566750000,0.479698400000,0.397149700000),
double3(0.268532850000,0.457467650000,0.333408030000),
double3(0.320660150000,0.465341900000,0.355463775000),
double3(0.198637450000,0.017422230000,0.189030425000),
double3(0.225757510000,0.480623125000,0.019890865000),
double3(0.406090350000,0.001056895000,0.000764105000),
double3(0.385722800000,0.072379150000,0.161429350000),
double3(0.271044670000,0.123767905000,0.105262235000),
double3(0.338993800000,0.410932720000,0.081621335000),
double3(0.303862750000,0.256538600000,0.109392920000),
double3(0.306175700000,0.278162000000,0.077490660000),
double3(0.213754865000,0.463319150000,0.113542170000),
double3(0.380383580000,0.000107145000,0.088924110000),
double3(0.393929600000,0.068790480000,0.072885560000),
double3(0.227300865000,0.032002480000,0.097503625000),
double3(0.249926950000,0.014460135000,0.146215690000),
double3(0.357540580000,0.495640785000,0.153490990000),
double3(0.251905620000,0.037984905000,0.031740130000),
double3(0.359519335000,0.019165540000,0.039015410000),
double3(0.376157520000,0.014166675000,0.587255800000),
double3(0.231097500000,0.020533260000,0.599785930000),
double3(0.323366580000,0.323040150000,0.645102680000),
double3(0.286671900000,0.211660460000,0.541780920000),
double3(0.296793100000,0.203414575000,0.673948125000),
double3(0.313245325000,0.331286050000,0.512935450000),
double3(0.277100150000,0.123728200000,0.671455785000),
double3(0.332938350000,0.410972415000,0.515427810000),
double3(0.343005330000,0.402736400000,0.647599385000),
double3(0.267033100000,0.131964300000,0.539284175000),
double3(0.132438185000,0.472047300000,0.961994700000),
double3(0.090207755000,0.047894620000,0.732634915000),
double3(0.476267370000,0.067600150000,0.722662510000),
double3(0.015977430000,0.479576200000,0.955132425000),
double3(0.386338350000,0.457345750000,0.715499385000),
double3(0.212188585000,0.034922715000,0.961328030000),
double3(0.414028200000,0.488491350000,0.977459800000),
double3(0.368409485000,0.466807485000,0.841431950000),
double3(0.175103440000,0.493060620000,0.784828400000),
double3(0.215324880000,0.007403570000,0.893589320000),
double3(0.189062550000,0.015890260000,0.714660225000),
double3(0.416635800000,0.459973250000,0.909397750000),
double3(0.220653130000,0.456355000000,0.847304750000),
double3(0.370072930000,0.431185575000,0.783253750000),
double3(0.273683370000,0.148013550000,0.569505090000),
double3(0.336355150000,0.386687070000,0.617378495000),
double3(0.284550950000,0.191932560000,0.570872875000),
double3(0.325487435000,0.342768050000,0.616010695000),
double3(0.292776465000,0.211638350000,0.607997680000),
double3(0.317262085000,0.323062300000,0.578885920000),
double3(0.290132730000,0.187393560000,0.643724265000),
double3(0.319905730000,0.347307100000,0.543159305000),
double3(0.279269300000,0.143468550000,0.642359660000),
double3(0.330769180000,0.391232135000,0.544523900000),
double3(0.190482440000,0.000964770000,0.603075950000),
double3(0.417025750000,0.031264755000,0.583579920000),
double3(0.476116850000,0.050210190000,0.660154950000),
double3(0.109490840000,0.028612975000,0.671458275000),
double3(0.132384090000,0.489228150000,0.524566340000),
double3(0.496758050000,0.499142950000,0.516268620000),
double3(0.004831685000,0.054804415000,0.697379725000),
double3(0.069958250000,0.043779010000,0.703024385000),
double3(0.103148220000,0.481792300000,0.988063050000),
double3(0.036692625000,0.486271200000,0.984100600000),
double3(0.082449650000,0.022999050000,0.631954165000),
double3(0.014080470000,0.032569830000,0.626566260000),
double3(0.024552250000,0.008330915000,0.554890945000),
double3(0.093580730000,0.002209500000,0.559388255000),
double3(0.121000670000,0.008806585000,0.598043040000),
double3(0.486371550000,0.023826815000,0.588476545000),
double3(0.312783100000,0.013724640000,0.974509900000),
double3(0.299950200000,0.003556340000,0.668596370000),
double3(0.229428025000,0.498721870000,0.729874210000),
double3(0.308454500000,0.025881395000,0.516710760000),
double3(0.290139675000,0.491116150000,0.710673735000),
double3(0.339999675000,0.465793075000,0.730196370000),
double3(0.258490850000,0.001882050000,0.911871550000),
double3(0.330610000000,0.450414630000,0.768909750000),
double3(0.272299400000,0.461804750000,0.789543700000),
double3(0.220773550000,0.484496830000,0.769386500000),
double3(0.257107400000,0.018628325000,0.950359850000),
double3(0.370417650000,0.492767485000,0.959325200000),
double3(0.371746100000,0.475968250000,0.920788525000),
double3(0.315566750000,0.479698400000,0.897149700000),
double3(0.268532850000,0.457467650000,0.833408030000),
double3(0.320660150000,0.465341900000,0.855463775000),
double3(0.198637450000,0.017422230000,0.689030425000),
double3(0.225757510000,0.480623125000,0.519890865000),
double3(0.406090350000,0.001056895000,0.500764105000),
double3(0.385722800000,0.072379150000,0.661429350000),
double3(0.271044670000,0.123767905000,0.605262235000),
double3(0.338993800000,0.410932720000,0.581621335000),
double3(0.303862750000,0.256538600000,0.609392920000),
double3(0.306175700000,0.278162000000,0.577490660000),
double3(0.213754865000,0.463319150000,0.613542170000),
double3(0.380383580000,0.000107145000,0.588924110000),
double3(0.393929600000,0.068790480000,0.572885560000),
double3(0.227300865000,0.032002480000,0.597503625000),
double3(0.249926950000,0.014460135000,0.646215690000),
double3(0.357540580000,0.495640785000,0.653490990000),
double3(0.251905620000,0.037984905000,0.531740130000),
double3(0.359519335000,0.019165540000,0.539015410000),
double3(0.376157520000,0.514166675000,0.087255800000),
double3(0.231097500000,0.520533260000,0.099785930000),
double3(0.323366580000,0.823040150000,0.145102680000),
double3(0.286671900000,0.711660460000,0.041780920000),
double3(0.296793100000,0.703414575000,0.173948125000),
double3(0.313245325000,0.831286050000,0.012935450000),
double3(0.277100150000,0.623728200000,0.171455785000),
double3(0.332938350000,0.910972415000,0.015427810000),
double3(0.343005330000,0.902736400000,0.147599385000),
double3(0.267033100000,0.631964300000,0.039284175000),
double3(0.132438185000,0.972047300000,0.461994700000),
double3(0.090207755000,0.547894620000,0.232634915000),
double3(0.476267370000,0.567600150000,0.222662510000),
double3(0.015977430000,0.979576200000,0.455132425000),
double3(0.386338350000,0.957345750000,0.215499385000),
double3(0.212188585000,0.534922715000,0.461328030000),
double3(0.414028200000,0.988491350000,0.477459800000),
double3(0.368409485000,0.966807485000,0.341431950000),
double3(0.175103440000,0.993060620000,0.284828400000),
double3(0.215324880000,0.507403570000,0.393589320000),
double3(0.189062550000,0.515890260000,0.214660225000),
double3(0.416635800000,0.959973250000,0.409397750000),
double3(0.220653130000,0.956355000000,0.347304750000),
double3(0.370072930000,0.931185575000,0.283253750000),
double3(0.273683370000,0.648013550000,0.069505090000),
double3(0.336355150000,0.886687070000,0.117378495000),
double3(0.284550950000,0.691932560000,0.070872875000),
double3(0.325487435000,0.842768050000,0.116010695000),
double3(0.292776465000,0.711638350000,0.107997680000),
double3(0.317262085000,0.823062300000,0.078885920000),
double3(0.290132730000,0.687393560000,0.143724265000),
double3(0.319905730000,0.847307100000,0.043159305000),
double3(0.279269300000,0.643468550000,0.142359660000),
double3(0.330769180000,0.891232135000,0.044523900000),
double3(0.190482440000,0.500964770000,0.103075950000),
double3(0.417025750000,0.531264755000,0.083579920000),
double3(0.476116850000,0.550210190000,0.160154950000),
double3(0.109490840000,0.528612975000,0.171458275000),
double3(0.132384090000,0.989228150000,0.024566340000),
double3(0.496758050000,0.999142950000,0.016268620000),
double3(0.004831685000,0.554804415000,0.197379725000),
double3(0.069958250000,0.543779010000,0.203024385000),
double3(0.103148220000,0.981792300000,0.488063050000),
double3(0.036692625000,0.986271200000,0.484100600000),
double3(0.082449650000,0.522999050000,0.131954165000),
double3(0.014080470000,0.532569830000,0.126566260000),
double3(0.024552250000,0.508330915000,0.054890945000),
double3(0.093580730000,0.502209500000,0.059388255000),
double3(0.121000670000,0.508806585000,0.098043040000),
double3(0.486371550000,0.523826815000,0.088476545000),
double3(0.312783100000,0.513724640000,0.474509900000),
double3(0.299950200000,0.503556340000,0.168596370000),
double3(0.229428025000,0.998721870000,0.229874210000),
double3(0.308454500000,0.525881395000,0.016710760000),
double3(0.290139675000,0.991116150000,0.210673735000),
double3(0.339999675000,0.965793075000,0.230196370000),
double3(0.258490850000,0.501882050000,0.411871550000),
double3(0.330610000000,0.950414630000,0.268909750000),
double3(0.272299400000,0.961804750000,0.289543700000),
double3(0.220773550000,0.984496830000,0.269386500000),
double3(0.257107400000,0.518628325000,0.450359850000),
double3(0.370417650000,0.992767485000,0.459325200000),
double3(0.371746100000,0.975968250000,0.420788525000),
double3(0.315566750000,0.979698400000,0.397149700000),
double3(0.268532850000,0.957467650000,0.333408030000),
double3(0.320660150000,0.965341900000,0.355463775000),
double3(0.198637450000,0.517422230000,0.189030425000),
double3(0.225757510000,0.980623125000,0.019890865000),
double3(0.406090350000,0.501056895000,0.000764105000),
double3(0.385722800000,0.572379150000,0.161429350000),
double3(0.271044670000,0.623767905000,0.105262235000),
double3(0.338993800000,0.910932720000,0.081621335000),
double3(0.303862750000,0.756538600000,0.109392920000),
double3(0.306175700000,0.778162000000,0.077490660000),
double3(0.213754865000,0.963319150000,0.113542170000),
double3(0.380383580000,0.500107145000,0.088924110000),
double3(0.393929600000,0.568790480000,0.072885560000),
double3(0.227300865000,0.532002480000,0.097503625000),
double3(0.249926950000,0.514460135000,0.146215690000),
double3(0.357540580000,0.995640785000,0.153490990000),
double3(0.251905620000,0.537984905000,0.031740130000),
double3(0.359519335000,0.519165540000,0.039015410000),
double3(0.376157520000,0.514166675000,0.587255800000),
double3(0.231097500000,0.520533260000,0.599785930000),
double3(0.323366580000,0.823040150000,0.645102680000),
double3(0.286671900000,0.711660460000,0.541780920000),
double3(0.296793100000,0.703414575000,0.673948125000),
double3(0.313245325000,0.831286050000,0.512935450000),
double3(0.277100150000,0.623728200000,0.671455785000),
double3(0.332938350000,0.910972415000,0.515427810000),
double3(0.343005330000,0.902736400000,0.647599385000),
double3(0.267033100000,0.631964300000,0.539284175000),
double3(0.132438185000,0.972047300000,0.961994700000),
double3(0.090207755000,0.547894620000,0.732634915000),
double3(0.476267370000,0.567600150000,0.722662510000),
double3(0.015977430000,0.979576200000,0.955132425000),
double3(0.386338350000,0.957345750000,0.715499385000),
double3(0.212188585000,0.534922715000,0.961328030000),
double3(0.414028200000,0.988491350000,0.977459800000),
double3(0.368409485000,0.966807485000,0.841431950000),
double3(0.175103440000,0.993060620000,0.784828400000),
double3(0.215324880000,0.507403570000,0.893589320000),
double3(0.189062550000,0.515890260000,0.714660225000),
double3(0.416635800000,0.959973250000,0.909397750000),
double3(0.220653130000,0.956355000000,0.847304750000),
double3(0.370072930000,0.931185575000,0.783253750000),
double3(0.273683370000,0.648013550000,0.569505090000),
double3(0.336355150000,0.886687070000,0.617378495000),
double3(0.284550950000,0.691932560000,0.570872875000),
double3(0.325487435000,0.842768050000,0.616010695000),
double3(0.292776465000,0.711638350000,0.607997680000),
double3(0.317262085000,0.823062300000,0.578885920000),
double3(0.290132730000,0.687393560000,0.643724265000),
double3(0.319905730000,0.847307100000,0.543159305000),
double3(0.279269300000,0.643468550000,0.642359660000),
double3(0.330769180000,0.891232135000,0.544523900000),
double3(0.190482440000,0.500964770000,0.603075950000),
double3(0.417025750000,0.531264755000,0.583579920000),
double3(0.476116850000,0.550210190000,0.660154950000),
double3(0.109490840000,0.528612975000,0.671458275000),
double3(0.132384090000,0.989228150000,0.524566340000),
double3(0.496758050000,0.999142950000,0.516268620000),
double3(0.004831685000,0.554804415000,0.697379725000),
double3(0.069958250000,0.543779010000,0.703024385000),
double3(0.103148220000,0.981792300000,0.988063050000),
double3(0.036692625000,0.986271200000,0.984100600000),
double3(0.082449650000,0.522999050000,0.631954165000),
double3(0.014080470000,0.532569830000,0.626566260000),
double3(0.024552250000,0.508330915000,0.554890945000),
double3(0.093580730000,0.502209500000,0.559388255000),
double3(0.121000670000,0.508806585000,0.598043040000),
double3(0.486371550000,0.523826815000,0.588476545000),
double3(0.312783100000,0.513724640000,0.974509900000),
double3(0.299950200000,0.503556340000,0.668596370000),
double3(0.229428025000,0.998721870000,0.729874210000),
double3(0.308454500000,0.525881395000,0.516710760000),
double3(0.290139675000,0.991116150000,0.710673735000),
double3(0.339999675000,0.965793075000,0.730196370000),
double3(0.258490850000,0.501882050000,0.911871550000),
double3(0.330610000000,0.950414630000,0.768909750000),
double3(0.272299400000,0.961804750000,0.789543700000),
double3(0.220773550000,0.984496830000,0.769386500000),
double3(0.257107400000,0.518628325000,0.950359850000),
double3(0.370417650000,0.992767485000,0.959325200000),
double3(0.371746100000,0.975968250000,0.920788525000),
double3(0.315566750000,0.979698400000,0.897149700000),
double3(0.268532850000,0.957467650000,0.833408030000),
double3(0.320660150000,0.965341900000,0.855463775000),
double3(0.198637450000,0.517422230000,0.689030425000),
double3(0.225757510000,0.980623125000,0.519890865000),
double3(0.406090350000,0.501056895000,0.500764105000),
double3(0.385722800000,0.572379150000,0.661429350000),
double3(0.271044670000,0.623767905000,0.605262235000),
double3(0.338993800000,0.910932720000,0.581621335000),
double3(0.303862750000,0.756538600000,0.609392920000),
double3(0.306175700000,0.778162000000,0.577490660000),
double3(0.213754865000,0.963319150000,0.613542170000),
double3(0.380383580000,0.500107145000,0.588924110000),
double3(0.393929600000,0.568790480000,0.572885560000),
double3(0.227300865000,0.532002480000,0.597503625000),
double3(0.249926950000,0.514460135000,0.646215690000),
double3(0.357540580000,0.995640785000,0.653490990000),
double3(0.251905620000,0.537984905000,0.531740130000),
double3(0.359519335000,0.519165540000,0.539015410000),
double3(0.876157520000,0.014166675000,0.087255800000),
double3(0.731097500000,0.020533260000,0.099785930000),
double3(0.823366580000,0.323040150000,0.145102680000),
double3(0.786671900000,0.211660460000,0.041780920000),
double3(0.796793100000,0.203414575000,0.173948125000),
double3(0.813245325000,0.331286050000,0.012935450000),
double3(0.777100150000,0.123728200000,0.171455785000),
double3(0.832938350000,0.410972415000,0.015427810000),
double3(0.843005330000,0.402736400000,0.147599385000),
double3(0.767033100000,0.131964300000,0.039284175000),
double3(0.632438185000,0.472047300000,0.461994700000),
double3(0.590207755000,0.047894620000,0.232634915000),
double3(0.976267370000,0.067600150000,0.222662510000),
double3(0.515977430000,0.479576200000,0.455132425000),
double3(0.886338350000,0.457345750000,0.215499385000),
double3(0.712188585000,0.034922715000,0.461328030000),
double3(0.914028200000,0.488491350000,0.477459800000),
double3(0.868409485000,0.466807485000,0.341431950000),
double3(0.675103440000,0.493060620000,0.284828400000),
double3(0.715324880000,0.007403570000,0.393589320000),
double3(0.689062550000,0.015890260000,0.214660225000),
double3(0.916635800000,0.459973250000,0.409397750000),
double3(0.720653130000,0.456355000000,0.347304750000),
double3(0.870072930000,0.431185575000,0.283253750000),
double3(0.773683370000,0.148013550000,0.069505090000),
double3(0.836355150000,0.386687070000,0.117378495000),
double3(0.784550950000,0.191932560000,0.070872875000),
double3(0.825487435000,0.342768050000,0.116010695000),
double3(0.792776465000,0.211638350000,0.107997680000),
double3(0.817262085000,0.323062300000,0.078885920000),
double3(0.790132730000,0.187393560000,0.143724265000),
double3(0.819905730000,0.347307100000,0.043159305000),
double3(0.779269300000,0.143468550000,0.142359660000),
double3(0.830769180000,0.391232135000,0.044523900000),
double3(0.690482440000,0.000964770000,0.103075950000),
double3(0.917025750000,0.031264755000,0.083579920000),
double3(0.976116850000,0.050210190000,0.160154950000),
double3(0.609490840000,0.028612975000,0.171458275000),
double3(0.632384090000,0.489228150000,0.024566340000),
double3(0.996758050000,0.499142950000,0.016268620000),
double3(0.504831685000,0.054804415000,0.197379725000),
double3(0.569958250000,0.043779010000,0.203024385000),
double3(0.603148220000,0.481792300000,0.488063050000),
double3(0.536692625000,0.486271200000,0.484100600000),
double3(0.582449650000,0.022999050000,0.131954165000),
double3(0.514080470000,0.032569830000,0.126566260000),
double3(0.524552250000,0.008330915000,0.054890945000),
double3(0.593580730000,0.002209500000,0.059388255000),
double3(0.621000670000,0.008806585000,0.098043040000),
double3(0.986371550000,0.023826815000,0.088476545000),
double3(0.812783100000,0.013724640000,0.474509900000),
double3(0.799950200000,0.003556340000,0.168596370000),
double3(0.729428025000,0.498721870000,0.229874210000),
double3(0.808454500000,0.025881395000,0.016710760000),
double3(0.790139675000,0.491116150000,0.210673735000),
double3(0.839999675000,0.465793075000,0.230196370000),
double3(0.758490850000,0.001882050000,0.411871550000),
double3(0.830610000000,0.450414630000,0.268909750000),
double3(0.772299400000,0.461804750000,0.289543700000),
double3(0.720773550000,0.484496830000,0.269386500000),
double3(0.757107400000,0.018628325000,0.450359850000),
double3(0.870417650000,0.492767485000,0.459325200000),
double3(0.871746100000,0.475968250000,0.420788525000),
double3(0.815566750000,0.479698400000,0.397149700000),
double3(0.768532850000,0.457467650000,0.333408030000),
double3(0.820660150000,0.465341900000,0.355463775000),
double3(0.698637450000,0.017422230000,0.189030425000),
double3(0.725757510000,0.480623125000,0.019890865000),
double3(0.906090350000,0.001056895000,0.000764105000),
double3(0.885722800000,0.072379150000,0.161429350000),
double3(0.771044670000,0.123767905000,0.105262235000),
double3(0.838993800000,0.410932720000,0.081621335000),
double3(0.803862750000,0.256538600000,0.109392920000),
double3(0.806175700000,0.278162000000,0.077490660000),
double3(0.713754865000,0.463319150000,0.113542170000),
double3(0.880383580000,0.000107145000,0.088924110000),
double3(0.893929600000,0.068790480000,0.072885560000),
double3(0.727300865000,0.032002480000,0.097503625000),
double3(0.749926950000,0.014460135000,0.146215690000),
double3(0.857540580000,0.495640785000,0.153490990000),
double3(0.751905620000,0.037984905000,0.031740130000),
double3(0.859519335000,0.019165540000,0.039015410000),
double3(0.876157520000,0.014166675000,0.587255800000),
double3(0.731097500000,0.020533260000,0.599785930000),
double3(0.823366580000,0.323040150000,0.645102680000),
double3(0.786671900000,0.211660460000,0.541780920000),
double3(0.796793100000,0.203414575000,0.673948125000),
double3(0.813245325000,0.331286050000,0.512935450000),
double3(0.777100150000,0.123728200000,0.671455785000),
double3(0.832938350000,0.410972415000,0.515427810000),
double3(0.843005330000,0.402736400000,0.647599385000),
double3(0.767033100000,0.131964300000,0.539284175000),
double3(0.632438185000,0.472047300000,0.961994700000),
double3(0.590207755000,0.047894620000,0.732634915000),
double3(0.976267370000,0.067600150000,0.722662510000),
double3(0.515977430000,0.479576200000,0.955132425000),
double3(0.886338350000,0.457345750000,0.715499385000),
double3(0.712188585000,0.034922715000,0.961328030000),
double3(0.914028200000,0.488491350000,0.977459800000),
double3(0.868409485000,0.466807485000,0.841431950000),
double3(0.675103440000,0.493060620000,0.784828400000),
double3(0.715324880000,0.007403570000,0.893589320000),
double3(0.689062550000,0.015890260000,0.714660225000),
double3(0.916635800000,0.459973250000,0.909397750000),
double3(0.720653130000,0.456355000000,0.847304750000),
double3(0.870072930000,0.431185575000,0.783253750000),
double3(0.773683370000,0.148013550000,0.569505090000),
double3(0.836355150000,0.386687070000,0.617378495000),
double3(0.784550950000,0.191932560000,0.570872875000),
double3(0.825487435000,0.342768050000,0.616010695000),
double3(0.792776465000,0.211638350000,0.607997680000),
double3(0.817262085000,0.323062300000,0.578885920000),
double3(0.790132730000,0.187393560000,0.643724265000),
double3(0.819905730000,0.347307100000,0.543159305000),
double3(0.779269300000,0.143468550000,0.642359660000),
double3(0.830769180000,0.391232135000,0.544523900000),
double3(0.690482440000,0.000964770000,0.603075950000),
double3(0.917025750000,0.031264755000,0.583579920000),
double3(0.976116850000,0.050210190000,0.660154950000),
double3(0.609490840000,0.028612975000,0.671458275000),
double3(0.632384090000,0.489228150000,0.524566340000),
double3(0.996758050000,0.499142950000,0.516268620000),
double3(0.504831685000,0.054804415000,0.697379725000),
double3(0.569958250000,0.043779010000,0.703024385000),
double3(0.603148220000,0.481792300000,0.988063050000),
double3(0.536692625000,0.486271200000,0.984100600000),
double3(0.582449650000,0.022999050000,0.631954165000),
double3(0.514080470000,0.032569830000,0.626566260000),
double3(0.524552250000,0.008330915000,0.554890945000),
double3(0.593580730000,0.002209500000,0.559388255000),
double3(0.621000670000,0.008806585000,0.598043040000),
double3(0.986371550000,0.023826815000,0.588476545000),
double3(0.812783100000,0.013724640000,0.974509900000),
double3(0.799950200000,0.003556340000,0.668596370000),
double3(0.729428025000,0.498721870000,0.729874210000),
double3(0.808454500000,0.025881395000,0.516710760000),
double3(0.790139675000,0.491116150000,0.710673735000),
double3(0.839999675000,0.465793075000,0.730196370000),
double3(0.758490850000,0.001882050000,0.911871550000),
double3(0.830610000000,0.450414630000,0.768909750000),
double3(0.772299400000,0.461804750000,0.789543700000),
double3(0.720773550000,0.484496830000,0.769386500000),
double3(0.757107400000,0.018628325000,0.950359850000),
double3(0.870417650000,0.492767485000,0.959325200000),
double3(0.871746100000,0.475968250000,0.920788525000),
double3(0.815566750000,0.479698400000,0.897149700000),
double3(0.768532850000,0.457467650000,0.833408030000),
double3(0.820660150000,0.465341900000,0.855463775000),
double3(0.698637450000,0.017422230000,0.689030425000),
double3(0.725757510000,0.480623125000,0.519890865000),
double3(0.906090350000,0.001056895000,0.500764105000),
double3(0.885722800000,0.072379150000,0.661429350000),
double3(0.771044670000,0.123767905000,0.605262235000),
double3(0.838993800000,0.410932720000,0.581621335000),
double3(0.803862750000,0.256538600000,0.609392920000),
double3(0.806175700000,0.278162000000,0.577490660000),
double3(0.713754865000,0.463319150000,0.613542170000),
double3(0.880383580000,0.000107145000,0.588924110000),
double3(0.893929600000,0.068790480000,0.572885560000),
double3(0.727300865000,0.032002480000,0.597503625000),
double3(0.749926950000,0.014460135000,0.646215690000),
double3(0.857540580000,0.495640785000,0.653490990000),
double3(0.751905620000,0.037984905000,0.531740130000),
double3(0.859519335000,0.019165540000,0.539015410000),
double3(0.876157520000,0.514166675000,0.087255800000),
double3(0.731097500000,0.520533260000,0.099785930000),
double3(0.823366580000,0.823040150000,0.145102680000),
double3(0.786671900000,0.711660460000,0.041780920000),
double3(0.796793100000,0.703414575000,0.173948125000),
double3(0.813245325000,0.831286050000,0.012935450000),
double3(0.777100150000,0.623728200000,0.171455785000),
double3(0.832938350000,0.910972415000,0.015427810000),
double3(0.843005330000,0.902736400000,0.147599385000),
double3(0.767033100000,0.631964300000,0.039284175000),
double3(0.632438185000,0.972047300000,0.461994700000),
double3(0.590207755000,0.547894620000,0.232634915000),
double3(0.976267370000,0.567600150000,0.222662510000),
double3(0.515977430000,0.979576200000,0.455132425000),
double3(0.886338350000,0.957345750000,0.215499385000),
double3(0.712188585000,0.534922715000,0.461328030000),
double3(0.914028200000,0.988491350000,0.477459800000),
double3(0.868409485000,0.966807485000,0.341431950000),
double3(0.675103440000,0.993060620000,0.284828400000),
double3(0.715324880000,0.507403570000,0.393589320000),
double3(0.689062550000,0.515890260000,0.214660225000),
double3(0.916635800000,0.959973250000,0.409397750000),
double3(0.720653130000,0.956355000000,0.347304750000),
double3(0.870072930000,0.931185575000,0.283253750000),
double3(0.773683370000,0.648013550000,0.069505090000),
double3(0.836355150000,0.886687070000,0.117378495000),
double3(0.784550950000,0.691932560000,0.070872875000),
double3(0.825487435000,0.842768050000,0.116010695000),
double3(0.792776465000,0.711638350000,0.107997680000),
double3(0.817262085000,0.823062300000,0.078885920000),
double3(0.790132730000,0.687393560000,0.143724265000),
double3(0.819905730000,0.847307100000,0.043159305000),
double3(0.779269300000,0.643468550000,0.142359660000),
double3(0.830769180000,0.891232135000,0.044523900000),
double3(0.690482440000,0.500964770000,0.103075950000),
double3(0.917025750000,0.531264755000,0.083579920000),
double3(0.976116850000,0.550210190000,0.160154950000),
double3(0.609490840000,0.528612975000,0.171458275000),
double3(0.632384090000,0.989228150000,0.024566340000),
double3(0.996758050000,0.999142950000,0.016268620000),
double3(0.504831685000,0.554804415000,0.197379725000),
double3(0.569958250000,0.543779010000,0.203024385000),
double3(0.603148220000,0.981792300000,0.488063050000),
double3(0.536692625000,0.986271200000,0.484100600000),
double3(0.582449650000,0.522999050000,0.131954165000),
double3(0.514080470000,0.532569830000,0.126566260000),
double3(0.524552250000,0.508330915000,0.054890945000),
double3(0.593580730000,0.502209500000,0.059388255000),
double3(0.621000670000,0.508806585000,0.098043040000),
double3(0.986371550000,0.523826815000,0.088476545000),
double3(0.812783100000,0.513724640000,0.474509900000),
double3(0.799950200000,0.503556340000,0.168596370000),
double3(0.729428025000,0.998721870000,0.229874210000),
double3(0.808454500000,0.525881395000,0.016710760000),
double3(0.790139675000,0.991116150000,0.210673735000),
double3(0.839999675000,0.965793075000,0.230196370000),
double3(0.758490850000,0.501882050000,0.411871550000),
double3(0.830610000000,0.950414630000,0.268909750000),
double3(0.772299400000,0.961804750000,0.289543700000),
double3(0.720773550000,0.984496830000,0.269386500000),
double3(0.757107400000,0.518628325000,0.450359850000),
double3(0.870417650000,0.992767485000,0.459325200000),
double3(0.871746100000,0.975968250000,0.420788525000),
double3(0.815566750000,0.979698400000,0.397149700000),
double3(0.768532850000,0.957467650000,0.333408030000),
double3(0.820660150000,0.965341900000,0.355463775000),
double3(0.698637450000,0.517422230000,0.189030425000),
double3(0.725757510000,0.980623125000,0.019890865000),
double3(0.906090350000,0.501056895000,0.000764105000),
double3(0.885722800000,0.572379150000,0.161429350000),
double3(0.771044670000,0.623767905000,0.105262235000),
double3(0.838993800000,0.910932720000,0.081621335000),
double3(0.803862750000,0.756538600000,0.109392920000),
double3(0.806175700000,0.778162000000,0.077490660000),
double3(0.713754865000,0.963319150000,0.113542170000),
double3(0.880383580000,0.500107145000,0.088924110000),
double3(0.893929600000,0.568790480000,0.072885560000),
double3(0.727300865000,0.532002480000,0.097503625000),
double3(0.749926950000,0.514460135000,0.146215690000),
double3(0.857540580000,0.995640785000,0.153490990000),
double3(0.751905620000,0.537984905000,0.031740130000),
double3(0.859519335000,0.519165540000,0.039015410000),
double3(0.876157520000,0.514166675000,0.587255800000),
double3(0.731097500000,0.520533260000,0.599785930000),
double3(0.823366580000,0.823040150000,0.645102680000),
double3(0.786671900000,0.711660460000,0.541780920000),
double3(0.796793100000,0.703414575000,0.673948125000),
double3(0.813245325000,0.831286050000,0.512935450000),
double3(0.777100150000,0.623728200000,0.671455785000),
double3(0.832938350000,0.910972415000,0.515427810000),
double3(0.843005330000,0.902736400000,0.647599385000),
double3(0.767033100000,0.631964300000,0.539284175000),
double3(0.632438185000,0.972047300000,0.961994700000),
double3(0.590207755000,0.547894620000,0.732634915000),
double3(0.976267370000,0.567600150000,0.722662510000),
double3(0.515977430000,0.979576200000,0.955132425000),
double3(0.886338350000,0.957345750000,0.715499385000),
double3(0.712188585000,0.534922715000,0.961328030000),
double3(0.914028200000,0.988491350000,0.977459800000),
double3(0.868409485000,0.966807485000,0.841431950000),
double3(0.675103440000,0.993060620000,0.784828400000),
double3(0.715324880000,0.507403570000,0.893589320000),
double3(0.689062550000,0.515890260000,0.714660225000),
double3(0.916635800000,0.959973250000,0.909397750000),
double3(0.720653130000,0.956355000000,0.847304750000),
double3(0.870072930000,0.931185575000,0.783253750000),
double3(0.773683370000,0.648013550000,0.569505090000),
double3(0.836355150000,0.886687070000,0.617378495000),
double3(0.784550950000,0.691932560000,0.570872875000),
double3(0.825487435000,0.842768050000,0.616010695000),
double3(0.792776465000,0.711638350000,0.607997680000),
double3(0.817262085000,0.823062300000,0.578885920000),
double3(0.790132730000,0.687393560000,0.643724265000),
double3(0.819905730000,0.847307100000,0.543159305000),
double3(0.779269300000,0.643468550000,0.642359660000),
double3(0.830769180000,0.891232135000,0.544523900000),
double3(0.690482440000,0.500964770000,0.603075950000),
double3(0.917025750000,0.531264755000,0.583579920000),
double3(0.976116850000,0.550210190000,0.660154950000),
double3(0.609490840000,0.528612975000,0.671458275000),
double3(0.632384090000,0.989228150000,0.524566340000),
double3(0.996758050000,0.999142950000,0.516268620000),
double3(0.504831685000,0.554804415000,0.697379725000),
double3(0.569958250000,0.543779010000,0.703024385000),
double3(0.603148220000,0.981792300000,0.988063050000),
double3(0.536692625000,0.986271200000,0.984100600000),
double3(0.582449650000,0.522999050000,0.631954165000),
double3(0.514080470000,0.532569830000,0.626566260000),
double3(0.524552250000,0.508330915000,0.554890945000),
double3(0.593580730000,0.502209500000,0.559388255000),
double3(0.621000670000,0.508806585000,0.598043040000),
double3(0.986371550000,0.523826815000,0.588476545000),
double3(0.812783100000,0.513724640000,0.974509900000),
double3(0.799950200000,0.503556340000,0.668596370000),
double3(0.729428025000,0.998721870000,0.729874210000),
double3(0.808454500000,0.525881395000,0.516710760000),
double3(0.790139675000,0.991116150000,0.710673735000),
double3(0.839999675000,0.965793075000,0.730196370000),
double3(0.758490850000,0.501882050000,0.911871550000),
double3(0.830610000000,0.950414630000,0.768909750000),
double3(0.772299400000,0.961804750000,0.789543700000),
double3(0.720773550000,0.984496830000,0.769386500000),
double3(0.757107400000,0.518628325000,0.950359850000),
double3(0.870417650000,0.992767485000,0.959325200000),
double3(0.871746100000,0.975968250000,0.920788525000),
double3(0.815566750000,0.979698400000,0.897149700000),
double3(0.768532850000,0.957467650000,0.833408030000),
double3(0.820660150000,0.965341900000,0.855463775000),
double3(0.698637450000,0.517422230000,0.689030425000),
double3(0.725757510000,0.980623125000,0.519890865000),
double3(0.906090350000,0.501056895000,0.500764105000),
double3(0.885722800000,0.572379150000,0.661429350000),
double3(0.771044670000,0.623767905000,0.605262235000),
double3(0.838993800000,0.910932720000,0.581621335000),
double3(0.803862750000,0.756538600000,0.609392920000),
double3(0.806175700000,0.778162000000,0.577490660000),
double3(0.713754865000,0.963319150000,0.613542170000),
double3(0.880383580000,0.500107145000,0.588924110000),
double3(0.893929600000,0.568790480000,0.572885560000),
double3(0.727300865000,0.532002480000,0.597503625000),
double3(0.749926950000,0.514460135000,0.646215690000),
double3(0.857540580000,0.995640785000,0.653490990000),
double3(0.751905620000,0.537984905000,0.531740130000),
double3(0.859519335000,0.519165540000,0.539015410000),
