[double3(10.150150000000,0.000000000000,0.000000000000),double3(-2.199193415977,15.033242959575,0.000000000000),double3(-0.143937931961,-0.113578299287,16.542563920326)]

double3(0.354366900000,0.202322275000,0.109892345000),
double3(0.210207270000,0.177814690000,0.131221535000),
double3(0.092636810000,0.137570830000,0.470751250000),
double3(0.471186950000,0.240115600000,0.269144175000),
double3(0.069587870000,0.152168410000,0.125349970000),
double3(0.475173700000,0.162416860000,0.104160180000),
double3(0.325577765000,0.354772925000,0.068154400000),
double3(0.363313050000,0.352550350000,0.113718590000),
double3(0.440478000000,0.482119500000,0.102867595000),
double3(0.401712600000,0.483667050000,0.057464545000),
double3(0.432000600000,0.198525000000,0.199708315000),
double3(0.131844610000,0.179163575000,0.040182710000),
double3(0.259589075000,0.216022835000,0.456652000000),
double3(0.304263850000,0.161634860000,0.283231950000),
double3(0.229948135000,0.212130850000,0.495435700000),
double3(0.333892200000,0.165544540000,0.244451970000),
double3(0.168361425000,0.183700220000,0.000828085000),
double3(0.395485965000,0.193982150000,0.239056720000),
double3(0.139696820000,0.159103615000,0.467403300000),
double3(0.424135150000,0.218577310000,0.272488325000),
double3(0.170371160000,0.161411030000,0.429485100000),
double3(0.393447665000,0.216262300000,0.310407000000),
double3(0.231440530000,0.189354630000,0.424052600000),
double3(0.332397075000,0.188301610000,0.315838100000),
double3(0.266923515000,0.189066560000,0.385776100000),
double3(0.296918480000,0.188577550000,0.354114650000),
double3(0.173378260000,0.179741530000,0.128479215000),
double3(0.391975300000,0.197483500000,0.114679250000),
double3(0.080149345000,0.222714665000,0.129660860000),
double3(0.008824125000,0.226393600000,0.129262250000),
double3(0.102862100000,0.183350250000,0.127196985000),
double3(0.462321400000,0.193352000000,0.115888835000),
double3(0.221079575000,0.427864730000,0.138646290000),
double3(0.255608470000,0.394065800000,0.124227760000),
double3(0.317866025000,0.406730400000,0.105390290000),
double3(0.344684420000,0.452310750000,0.101465525000),
double3(0.309573500000,0.486104580000,0.116141835000),
double3(0.247609290000,0.473191200000,0.134616300000),
double3(0.227291375000,0.346723050000,0.128872975000),
double3(0.336696300000,0.033743680000,0.112351250000),
double3(0.344385600000,0.265003385000,0.445684250000),
double3(0.219491335000,0.112631590000,0.294205665000),
double3(0.280696500000,0.249932100000,0.044480145000),
double3(0.283117680000,0.127772065000,0.195395150000),
double3(0.137665825000,0.136058720000,0.396447300000),
double3(0.426126200000,0.241618230000,0.343441800000),
double3(0.358393580000,0.071434020000,0.109269505000),
double3(0.205164240000,0.309168600000,0.132460060000),
double3(0.354865000000,0.373642000000,0.089981785000),
double3(0.407962300000,0.463594170000,0.082366040000),
double3(0.498509150000,0.208264915000,0.201852830000),
double3(0.065339065000,0.169423985000,0.038039385000),
double3(0.394819100000,0.193275185000,0.166155950000),
double3(0.169029150000,0.184413650000,0.073736250000),
double3(0.105297840000,0.096543750000,0.402606050000),
double3(0.131061765000,0.155014350000,0.361819100000),
double3(0.458301950000,0.281208785000,0.337303580000),
double3(0.432859780000,0.222656190000,0.378047450000),
double3(0.191891240000,0.142047090000,0.121961320000),
double3(0.349903585000,0.163527385000,0.105503245000),
double3(0.215764510000,0.213464150000,0.137589915000),
double3(0.373005750000,0.234992875000,0.121094740000),
double3(0.123138115000,0.261278125000,0.133754240000),
double3(0.491427700000,0.265715350000,0.142196385000),
double3(0.212504075000,0.004662870000,0.148898215000),
double3(0.161251740000,0.416960700000,0.156771230000),
double3(0.354366900000,0.202322275000,0.609892345000),
double3(0.210207270000,0.177814690000,0.631221535000),
double3(0.092636810000,0.137570830000,0.970751250000),
double3(0.471186950000,0.240115600000,0.769144175000),
double3(0.069587870000,0.152168410000,0.625349970000),
double3(0.475173700000,0.162416860000,0.604160180000),
double3(0.325577765000,0.354772925000,0.568154400000),
double3(0.363313050000,0.352550350000,0.613718590000),
double3(0.440478000000,0.482119500000,0.602867595000),
double3(0.401712600000,0.483667050000,0.557464545000),
double3(0.432000600000,0.198525000000,0.699708315000),
double3(0.131844610000,0.179163575000,0.540182710000),
double3(0.259589075000,0.216022835000,0.956652000000),
double3(0.304263850000,0.161634860000,0.783231950000),
double3(0.229948135000,0.212130850000,0.995435700000),
double3(0.333892200000,0.165544540000,0.744451970000),
double3(0.168361425000,0.183700220000,0.500828085000),
double3(0.395485965000,0.193982150000,0.739056720000),
double3(0.139696820000,0.159103615000,0.967403300000),
double3(0.424135150000,0.218577310000,0.772488325000),
double3(0.170371160000,0.161411030000,0.929485100000),
double3(0.393447665000,0.216262300000,0.810407000000),
double3(0.231440530000,0.189354630000,0.924052600000),
double3(0.332397075000,0.188301610000,0.815838100000),
double3(0.266923515000,0.189066560000,0.885776100000),
double3(0.296918480000,0.188577550000,0.854114650000),
double3(0.173378260000,0.179741530000,0.628479215000),
double3(0.391975300000,0.197483500000,0.614679250000),
double3(0.080149345000,0.222714665000,0.629660860000),
double3(0.008824125000,0.226393600000,0.629262250000),
double3(0.102862100000,0.183350250000,0.627196985000),
double3(0.462321400000,0.193352000000,0.615888835000),
double3(0.221079575000,0.427864730000,0.638646290000),
double3(0.255608470000,0.394065800000,0.624227760000),
double3(0.317866025000,0.406730400000,0.605390290000),
double3(0.344684420000,0.452310750000,0.601465525000),
double3(0.309573500000,0.486104580000,0.616141835000),
double3(0.247609290000,0.473191200000,0.634616300000),
double3(0.227291375000,0.346723050000,0.628872975000),
double3(0.336696300000,0.033743680000,0.612351250000),
double3(0.344385600000,0.265003385000,0.945684250000),
double3(0.219491335000,0.112631590000,0.794205665000),
double3(0.280696500000,0.249932100000,0.544480145000),
double3(0.283117680000,0.127772065000,0.695395150000),
double3(0.137665825000,0.136058720000,0.896447300000),
double3(0.426126200000,0.241618230000,0.843441800000),
double3(0.358393580000,0.071434020000,0.609269505000),
double3(0.205164240000,0.309168600000,0.632460060000),
double3(0.354865000000,0.373642000000,0.589981785000),
double3(0.407962300000,0.463594170000,0.582366040000),
double3(0.498509150000,0.208264915000,0.701852830000),
double3(0.065339065000,0.169423985000,0.538039385000),
double3(0.394819100000,0.193275185000,0.666155950000),
double3(0.169029150000,0.184413650000,0.573736250000),
double3(0.105297840000,0.096543750000,0.902606050000),
double3(0.131061765000,0.155014350000,0.861819100000),
double3(0.458301950000,0.281208785000,0.837303580000),
double3(0.432859780000,0.222656190000,0.878047450000),
double3(0.191891240000,0.142047090000,0.621961320000),
double3(0.349903585000,0.163527385000,0.605503245000),
double3(0.215764510000,0.213464150000,0.637589915000),
double3(0.373005750000,0.234992875000,0.621094740000),
double3(0.123138115000,0.261278125000,0.633754240000),
double3(0.491427700000,0.265715350000,0.642196385000),
double3(0.212504075000,0.004662870000,0.648898215000),
double3(0.161251740000,0.416960700000,0.656771230000),
double3(0.354366900000,0.702322275000,0.109892345000),
double3(0.210207270000,0.677814690000,0.131221535000),
double3(0.092636810000,0.637570830000,0.470751250000),
double3(0.471186950000,0.740115600000,0.269144175000),
double3(0.069587870000,0.652168410000,0.125349970000),
double3(0.475173700000,0.662416860000,0.104160180000),
double3(0.325577765000,0.854772925000,0.068154400000),
double3(0.363313050000,0.852550350000,0.113718590000),
double3(0.440478000000,0.982119500000,0.102867595000),
double3(0.401712600000,0.983667050000,0.057464545000),
double3(0.432000600000,0.698525000000,0.199708315000),
double3(0.131844610000,0.679163575000,0.040182710000),
double3(0.259589075000,0.716022835000,0.456652000000),
double3(0.304263850000,0.661634860000,0.283231950000),
double3(0.229948135000,0.712130850000,0.495435700000),
double3(0.333892200000,0.665544540000,0.244451970000),
double3(0.168361425000,0.683700220000,0.000828085000),
double3(0.395485965000,0.693982150000,0.239056720000),
double3(0.139696820000,0.659103615000,0.467403300000),
double3(0.424135150000,0.718577310000,0.272488325000),
double3(0.170371160000,0.661411030000,0.429485100000),
double3(0.393447665000,0.716262300000,0.310407000000),
double3(0.231440530000,0.689354630000,0.424052600000),
double3(0.332397075000,0.688301610000,0.315838100000),
double3(0.266923515000,0.689066560000,0.385776100000),
double3(0.296918480000,0.688577550000,0.354114650000),
double3(0.173378260000,0.679741530000,0.128479215000),
double3(0.391975300000,0.697483500000,0.114679250000),
double3(0.080149345000,0.722714665000,0.129660860000),
double3(0.008824125000,0.726393600000,0.129262250000),
double3(0.102862100000,0.683350250000,0.127196985000),
double3(0.462321400000,0.693352000000,0.115888835000),
double3(0.221079575000,0.927864730000,0.138646290000),
double3(0.255608470000,0.894065800000,0.124227760000),
double3(0.317866025000,0.906730400000,0.105390290000),
double3(0.344684420000,0.952310750000,0.101465525000),
double3(0.309573500000,0.986104580000,0.116141835000),
double3(0.247609290000,0.973191200000,0.134616300000),
double3(0.227291375000,0.846723050000,0.128872975000),
double3(0.336696300000,0.533743680000,0.112351250000),
double3(0.344385600000,0.765003385000,0.445684250000),
double3(0.219491335000,0.612631590000,0.294205665000),
double3(0.280696500000,0.749932100000,0.044480145000),
double3(0.283117680000,0.627772065000,0.195395150000),
double3(0.137665825000,0.636058720000,0.396447300000),
double3(0.426126200000,0.741618230000,0.343441800000),
double3(0.358393580000,0.571434020000,0.109269505000),
double3(0.205164240000,0.809168600000,0.132460060000),
double3(0.354865000000,0.873642000000,0.089981785000),
double3(0.407962300000,0.963594170000,0.082366040000),
double3(0.498509150000,0.708264915000,0.201852830000),
double3(0.065339065000,0.669423985000,0.038039385000),
double3(0.394819100000,0.693275185000,0.166155950000),
double3(0.169029150000,0.684413650000,0.073736250000),
double3(0.105297840000,0.596543750000,0.402606050000),
double3(0.131061765000,0.655014350000,0.361819100000),
double3(0.458301950000,0.781208785000,0.337303580000),
double3(0.432859780000,0.722656190000,0.378047450000),
double3(0.191891240000,0.642047090000,0.121961320000),
double3(0.349903585000,0.663527385000,0.105503245000),
double3(0.215764510000,0.713464150000,0.137589915000),
double3(0.373005750000,0.734992875000,0.121094740000),
double3(0.123138115000,0.761278125000,0.133754240000),
double3(0.491427700000,0.765715350000,0.142196385000),
double3(0.212504075000,0.504662870000,0.148898215000),
double3(0.161251740000,0.916960700000,0.156771230000),
double3(0.354366900000,0.702322275000,0.609892345000),
double3(0.210207270000,0.677814690000,0.631221535000),
double3(0.092636810000,0.637570830000,0.970751250000),
double3(0.471186950000,0.740115600000,0.769144175000),
double3(0.069587870000,0.652168410000,0.625349970000),
double3(0.475173700000,0.662416860000,0.604160180000),
double3(0.325577765000,0.854772925000,0.568154400000),
double3(0.363313050000,0.852550350000,0.613718590000),
double3(0.440478000000,0.982119500000,0.602867595000),
double3(0.401712600000,0.983667050000,0.557464545000),
double3(0.432000600000,0.698525000000,0.699708315000),
double3(0.131844610000,0.679163575000,0.540182710000),
double3(0.259589075000,0.716022835000,0.956652000000),
double3(0.304263850000,0.661634860000,0.783231950000),
double3(0.229948135000,0.712130850000,0.995435700000),
double3(0.333892200000,0.665544540000,0.744451970000),
double3(0.168361425000,0.683700220000,0.500828085000),
double3(0.395485965000,0.693982150000,0.739056720000),
double3(0.139696820000,0.659103615000,0.967403300000),
double3(0.424135150000,0.718577310000,0.772488325000),
double3(0.170371160000,0.661411030000,0.929485100000),
double3(0.393447665000,0.716262300000,0.810407000000),
double3(0.231440530000,0.689354630000,0.924052600000),
double3(0.332397075000,0.688301610000,0.815838100000),
double3(0.266923515000,0.689066560000,0.885776100000),
double3(0.296918480000,0.688577550000,0.854114650000),
double3(0.173378260000,0.679741530000,0.628479215000),
double3(0.391975300000,0.697483500000,0.614679250000),
double3(0.080149345000,0.722714665000,0.629660860000),
double3(0.008824125000,0.726393600000,0.629262250000),
double3(0.102862100000,0.683350250000,0.627196985000),
double3(0.462321400000,0.693352000000,0.615888835000),
double3(0.221079575000,0.927864730000,0.638646290000),
double3(0.255608470000,0.894065800000,0.624227760000),
double3(0.317866025000,0.906730400000,0.605390290000),
double3(0.344684420000,0.952310750000,0.601465525000),
double3(0.309573500000,0.986104580000,0.616141835000),
double3(0.247609290000,0.973191200000,0.634616300000),
double3(0.227291375000,0.846723050000,0.628872975000),
double3(0.336696300000,0.533743680000,0.612351250000),
double3(0.344385600000,0.765003385000,0.945684250000),
double3(0.219491335000,0.612631590000,0.794205665000),
double3(0.280696500000,0.749932100000,0.544480145000),
double3(0.283117680000,0.627772065000,0.695395150000),
double3(0.137665825000,0.636058720000,0.896447300000),
double3(0.426126200000,0.741618230000,0.843441800000),
double3(0.358393580000,0.571434020000,0.609269505000),
double3(0.205164240000,0.809168600000,0.632460060000),
double3(0.354865000000,0.873642000000,0.589981785000),
double3(0.407962300000,0.963594170000,0.582366040000),
double3(0.498509150000,0.708264915000,0.701852830000),
double3(0.065339065000,0.669423985000,0.538039385000),
double3(0.394819100000,0.693275185000,0.666155950000),
double3(0.169029150000,0.684413650000,0.573736250000),
double3(0.105297840000,0.596543750000,0.902606050000),
double3(0.131061765000,0.655014350000,0.861819100000),
double3(0.458301950000,0.781208785000,0.837303580000),
double3(0.432859780000,0.722656190000,0.878047450000),
double3(0.191891240000,0.642047090000,0.621961320000),
double3(0.349903585000,0.663527385000,0.605503245000),
double3(0.215764510000,0.713464150000,0.637589915000),
double3(0.373005750000,0.734992875000,0.621094740000),
double3(0.123138115000,0.761278125000,0.633754240000),
double3(0.491427700000,0.765715350000,0.642196385000),
double3(0.212504075000,0.504662870000,0.648898215000),
double3(0.161251740000,0.916960700000,0.656771230000),
double3(0.854366900000,0.202322275000,0.109892345000),
double3(0.710207270000,0.177814690000,0.131221535000),
double3(0.592636810000,0.137570830000,0.470751250000),
double3(0.971186950000,0.240115600000,0.269144175000),
double3(0.569587870000,0.152168410000,0.125349970000),
double3(0.975173700000,0.162416860000,0.104160180000),
double3(0.825577765000,0.354772925000,0.068154400000),
double3(0.863313050000,0.352550350000,0.113718590000),
double3(0.940478000000,0.482119500000,0.102867595000),
double3(0.901712600000,0.483667050000,0.057464545000),
double3(0.932000600000,0.198525000000,0.199708315000),
double3(0.631844610000,0.179163575000,0.040182710000),
double3(0.759589075000,0.216022835000,0.456652000000),
double3(0.804263850000,0.161634860000,0.283231950000),
double3(0.729948135000,0.212130850000,0.495435700000),
double3(0.833892200000,0.165544540000,0.244451970000),
double3(0.668361425000,0.183700220000,0.000828085000),
double3(0.895485965000,0.193982150000,0.239056720000),
double3(0.639696820000,0.159103615000,0.467403300000),
double3(0.924135150000,0.218577310000,0.272488325000),
double3(0.670371160000,0.161411030000,0.429485100000),
double3(0.893447665000,0.216262300000,0.310407000000),
double3(0.731440530000,0.189354630000,0.424052600000),
double3(0.832397075000,0.188301610000,0.315838100000),
double3(0.766923515000,0.189066560000,0.385776100000),
double3(0.796918480000,0.188577550000,0.354114650000),
double3(0.673378260000,0.179741530000,0.128479215000),
double3(0.891975300000,0.197483500000,0.114679250000),
double3(0.580149345000,0.222714665000,0.129660860000),
double3(0.508824125000,0.226393600000,0.129262250000),
double3(0.602862100000,0.183350250000,0.127196985000),
double3(0.962321400000,0.193352000000,0.115888835000),
double3(0.721079575000,0.427864730000,0.138646290000),
double3(0.755608470000,0.394065800000,0.124227760000),
double3(0.817866025000,0.406730400000,0.105390290000),
double3(0.844684420000,0.452310750000,0.101465525000),
double3(0.809573500000,0.486104580000,0.116141835000),
double3(0.747609290000,0.473191200000,0.134616300000),
double3(0.727291375000,0.346723050000,0.128872975000),
double3(0.836696300000,0.033743680000,0.112351250000),
double3(0.844385600000,0.265003385000,0.445684250000),
double3(0.719491335000,0.112631590000,0.294205665000),
double3(0.780696500000,0.249932100000,0.044480145000),
double3(0.783117680000,0.127772065000,0.195395150000),
double3(0.637665825000,0.136058720000,0.396447300000),
double3(0.926126200000,0.241618230000,0.343441800000),
double3(0.858393580000,0.071434020000,0.109269505000),
double3(0.705164240000,0.309168600000,0.132460060000),
double3(0.854865000000,0.373642000000,0.089981785000),
double3(0.907962300000,0.463594170000,0.082366040000),
double3(0.998509150000,0.208264915000,0.201852830000),
double3(0.565339065000,0.169423985000,0.038039385000),
double3(0.894819100000,0.193275185000,0.166155950000),
double3(0.669029150000,0.184413650000,0.073736250000),
double3(0.605297840000,0.096543750000,0.402606050000),
double3(0.631061765000,0.155014350000,0.361819100000),
double3(0.958301950000,0.281208785000,0.337303580000),
double3(0.932859780000,0.222656190000,0.378047450000),
double3(0.691891240000,0.142047090000,0.121961320000),
double3(0.849903585000,0.163527385000,0.105503245000),
double3(0.715764510000,0.213464150000,0.137589915000),
double3(0.873005750000,0.234992875000,0.121094740000),
double3(0.623138115000,0.261278125000,0.133754240000),
double3(0.991427700000,0.265715350000,0.142196385000),
double3(0.712504075000,0.004662870000,0.148898215000),
double3(0.661251740000,0.416960700000,0.156771230000),
double3(0.854366900000,0.202322275000,0.609892345000),
double3(0.710207270000,0.177814690000,0.631221535000),
double3(0.592636810000,0.137570830000,0.970751250000),
double3(0.971186950000,0.240115600000,0.769144175000),
double3(0.569587870000,0.152168410000,0.625349970000),
double3(0.975173700000,0.162416860000,0.604160180000),
double3(0.825577765000,0.354772925000,0.568154400000),
double3(0.863313050000,0.352550350000,0.613718590000),
double3(0.940478000000,0.482119500000,0.602867595000),
double3(0.901712600000,0.483667050000,0.557464545000),
double3(0.932000600000,0.198525000000,0.699708315000),
double3(0.631844610000,0.179163575000,0.540182710000),
double3(0.759589075000,0.216022835000,0.956652000000),
double3(0.804263850000,0.161634860000,0.783231950000),
double3(0.729948135000,0.212130850000,0.995435700000),
double3(0.833892200000,0.165544540000,0.744451970000),
double3(0.668361425000,0.183700220000,0.500828085000),
double3(0.895485965000,0.193982150000,0.739056720000),
double3(0.639696820000,0.159103615000,0.967403300000),
double3(0.924135150000,0.218577310000,0.772488325000),
double3(0.670371160000,0.161411030000,0.929485100000),
double3(0.893447665000,0.216262300000,0.810407000000),
double3(0.731440530000,0.189354630000,0.924052600000),
double3(0.832397075000,0.188301610000,0.815838100000),
double3(0.766923515000,0.189066560000,0.885776100000),
double3(0.796918480000,0.188577550000,0.854114650000),
double3(0.673378260000,0.179741530000,0.628479215000),
double3(0.891975300000,0.197483500000,0.614679250000),
double3(0.580149345000,0.222714665000,0.629660860000),
double3(0.508824125000,0.226393600000,0.629262250000),
double3(0.602862100000,0.183350250000,0.627196985000),
double3(0.962321400000,0.193352000000,0.615888835000),
double3(0.721079575000,0.427864730000,0.638646290000),
double3(0.755608470000,0.394065800000,0.624227760000),
double3(0.817866025000,0.406730400000,0.605390290000),
double3(0.844684420000,0.452310750000,0.601465525000),
double3(0.809573500000,0.486104580000,0.616141835000),
double3(0.747609290000,0.473191200000,0.634616300000),
double3(0.727291375000,0.346723050000,0.628872975000),
double3(0.836696300000,0.033743680000,0.612351250000),
double3(0.844385600000,0.265003385000,0.945684250000),
double3(0.719491335000,0.112631590000,0.794205665000),
double3(0.780696500000,0.249932100000,0.544480145000),
double3(0.783117680000,0.127772065000,0.695395150000),
double3(0.637665825000,0.136058720000,0.896447300000),
double3(0.926126200000,0.241618230000,0.843441800000),
double3(0.858393580000,0.071434020000,0.609269505000),
double3(0.705164240000,0.309168600000,0.632460060000),
double3(0.854865000000,0.373642000000,0.589981785000),
double3(0.907962300000,0.463594170000,0.582366040000),
double3(0.998509150000,0.208264915000,0.701852830000),
double3(0.565339065000,0.169423985000,0.538039385000),
double3(0.894819100000,0.193275185000,0.666155950000),
double3(0.669029150000,0.184413650000,0.573736250000),
double3(0.605297840000,0.096543750000,0.902606050000),
double3(0.631061765000,0.155014350000,0.861819100000),
double3(0.958301950000,0.281208785000,0.837303580000),
double3(0.932859780000,0.222656190000,0.878047450000),
double3(0.691891240000,0.142047090000,0.621961320000),
double3(0.849903585000,0.163527385000,0.605503245000),
double3(0.715764510000,0.213464150000,0.637589915000),
double3(0.873005750000,0.234992875000,0.621094740000),
double3(0.623138115000,0.261278125000,0.633754240000),
double3(0.991427700000,0.265715350000,0.642196385000),
double3(0.712504075000,0.004662870000,0.648898215000),
double3(0.661251740000,0.416960700000,0.656771230000),
double3(0.854366900000,0.702322275000,0.109892345000),
double3(0.710207270000,0.677814690000,0.131221535000),
double3(0.592636810000,0.637570830000,0.470751250000),
double3(0.971186950000,0.740115600000,0.269144175000),
double3(0.569587870000,0.652168410000,0.125349970000),
double3(0.975173700000,0.662416860000,0.104160180000),
double3(0.825577765000,0.854772925000,0.068154400000),
double3(0.863313050000,0.852550350000,0.113718590000),
double3(0.940478000000,0.982119500000,0.102867595000),
double3(0.901712600000,0.983667050000,0.057464545000),
double3(0.932000600000,0.698525000000,0.199708315000),
double3(0.631844610000,0.679163575000,0.040182710000),
double3(0.759589075000,0.716022835000,0.456652000000),
double3(0.804263850000,0.661634860000,0.283231950000),
double3(0.729948135000,0.712130850000,0.495435700000),
double3(0.833892200000,0.665544540000,0.244451970000),
double3(0.668361425000,0.683700220000,0.000828085000),
double3(0.895485965000,0.693982150000,0.239056720000),
double3(0.639696820000,0.659103615000,0.467403300000),
double3(0.924135150000,0.718577310000,0.272488325000),
double3(0.670371160000,0.661411030000,0.429485100000),
double3(0.893447665000,0.716262300000,0.310407000000),
double3(0.731440530000,0.689354630000,0.424052600000),
double3(0.832397075000,0.688301610000,0.315838100000),
double3(0.766923515000,0.689066560000,0.385776100000),
double3(0.796918480000,0.688577550000,0.354114650000),
double3(0.673378260000,0.679741530000,0.128479215000),
double3(0.891975300000,0.697483500000,0.114679250000),
double3(0.580149345000,0.722714665000,0.129660860000),
double3(0.508824125000,0.726393600000,0.129262250000),
double3(0.602862100000,0.683350250000,0.127196985000),
double3(0.962321400000,0.693352000000,0.115888835000),
double3(0.721079575000,0.927864730000,0.138646290000),
double3(0.755608470000,0.894065800000,0.124227760000),
double3(0.817866025000,0.906730400000,0.105390290000),
double3(0.844684420000,0.952310750000,0.101465525000),
double3(0.809573500000,0.986104580000,0.116141835000),
double3(0.747609290000,0.973191200000,0.134616300000),
double3(0.727291375000,0.846723050000,0.128872975000),
double3(0.836696300000,0.533743680000,0.112351250000),
double3(0.844385600000,0.765003385000,0.445684250000),
double3(0.719491335000,0.612631590000,0.294205665000),
double3(0.780696500000,0.749932100000,0.044480145000),
double3(0.783117680000,0.627772065000,0.195395150000),
double3(0.637665825000,0.636058720000,0.396447300000),
double3(0.926126200000,0.741618230000,0.343441800000),
double3(0.858393580000,0.571434020000,0.109269505000),
double3(0.705164240000,0.809168600000,0.132460060000),
double3(0.854865000000,0.873642000000,0.089981785000),
double3(0.907962300000,0.963594170000,0.082366040000),
double3(0.998509150000,0.708264915000,0.201852830000),
double3(0.565339065000,0.669423985000,0.038039385000),
double3(0.894819100000,0.693275185000,0.166155950000),
double3(0.669029150000,0.684413650000,0.073736250000),
double3(0.605297840000,0.596543750000,0.402606050000),
double3(0.631061765000,0.655014350000,0.361819100000),
double3(0.958301950000,0.781208785000,0.337303580000),
double3(0.932859780000,0.722656190000,0.378047450000),
double3(0.691891240000,0.642047090000,0.121961320000),
double3(0.849903585000,0.663527385000,0.105503245000),
double3(0.715764510000,0.713464150000,0.137589915000),
double3(0.873005750000,0.734992875000,0.121094740000),
double3(0.623138115000,0.761278125000,0.133754240000),
double3(0.991427700000,0.765715350000,0.142196385000),
double3(0.712504075000,0.504662870000,0.148898215000),
double3(0.661251740000,0.916960700000,0.156771230000),
double3(0.854366900000,0.702322275000,0.609892345000),
double3(0.710207270000,0.677814690000,0.631221535000),
double3(0.592636810000,0.637570830000,0.970751250000),
double3(0.971186950000,0.740115600000,0.769144175000),
double3(0.569587870000,0.652168410000,0.625349970000),
double3(0.975173700000,0.662416860000,0.604160180000),
double3(0.825577765000,0.854772925000,0.568154400000),
double3(0.863313050000,0.852550350000,0.613718590000),
double3(0.940478000000,0.982119500000,0.602867595000),
double3(0.901712600000,0.983667050000,0.557464545000),
double3(0.932000600000,0.698525000000,0.699708315000),
double3(0.631844610000,0.679163575000,0.540182710000),
double3(0.759589075000,0.716022835000,0.956652000000),
double3(0.804263850000,0.661634860000,0.783231950000),
double3(0.729948135000,0.712130850000,0.995435700000),
double3(0.833892200000,0.665544540000,0.744451970000),
double3(0.668361425000,0.683700220000,0.500828085000),
double3(0.895485965000,0.693982150000,0.739056720000),
double3(0.639696820000,0.659103615000,0.967403300000),
double3(0.924135150000,0.718577310000,0.772488325000),
double3(0.670371160000,0.661411030000,0.929485100000),
double3(0.893447665000,0.716262300000,0.810407000000),
double3(0.731440530000,0.689354630000,0.924052600000),
double3(0.832397075000,0.688301610000,0.815838100000),
double3(0.766923515000,0.689066560000,0.885776100000),
double3(0.796918480000,0.688577550000,0.854114650000),
double3(0.673378260000,0.679741530000,0.628479215000),
double3(0.891975300000,0.697483500000,0.614679250000),
double3(0.580149345000,0.722714665000,0.629660860000),
double3(0.508824125000,0.726393600000,0.629262250000),
double3(0.602862100000,0.683350250000,0.627196985000),
double3(0.962321400000,0.693352000000,0.615888835000),
double3(0.721079575000,0.927864730000,0.638646290000),
double3(0.755608470000,0.894065800000,0.624227760000),
double3(0.817866025000,0.906730400000,0.605390290000),
double3(0.844684420000,0.952310750000,0.601465525000),
double3(0.809573500000,0.986104580000,0.616141835000),
double3(0.747609290000,0.973191200000,0.634616300000),
double3(0.727291375000,0.846723050000,0.628872975000),
double3(0.836696300000,0.533743680000,0.612351250000),
double3(0.844385600000,0.765003385000,0.945684250000),
double3(0.719491335000,0.612631590000,0.794205665000),
double3(0.780696500000,0.749932100000,0.544480145000),
double3(0.783117680000,0.627772065000,0.695395150000),
double3(0.637665825000,0.636058720000,0.896447300000),
double3(0.926126200000,0.741618230000,0.843441800000),
double3(0.858393580000,0.571434020000,0.609269505000),
double3(0.705164240000,0.809168600000,0.632460060000),
double3(0.854865000000,0.873642000000,0.589981785000),
double3(0.907962300000,0.963594170000,0.582366040000),
double3(0.998509150000,0.708264915000,0.701852830000),
double3(0.565339065000,0.669423985000,0.538039385000),
double3(0.894819100000,0.693275185000,0.666155950000),
double3(0.669029150000,0.684413650000,0.573736250000),
double3(0.605297840000,0.596543750000,0.902606050000),
double3(0.631061765000,0.655014350000,0.861819100000),
double3(0.958301950000,0.781208785000,0.837303580000),
double3(0.932859780000,0.722656190000,0.878047450000),
double3(0.691891240000,0.642047090000,0.621961320000),
double3(0.849903585000,0.663527385000,0.605503245000),
double3(0.715764510000,0.713464150000,0.637589915000),
double3(0.873005750000,0.734992875000,0.621094740000),
double3(0.623138115000,0.761278125000,0.633754240000),
double3(0.991427700000,0.765715350000,0.642196385000),
double3(0.712504075000,0.504662870000,0.648898215000),
double3(0.661251740000,0.916960700000,0.656771230000),
