[double3(10.816770000000,0.000000000000,0.000000000000),double3(-3.125985752980,11.646561216109,0.000000000000),double3(-0.640202983110,-1.018843562087,19.124582915620)]

double3(0.215879010000,0.116838380000,0.383946570000),
double3(0.076345265000,0.049460720000,0.379241465000),
double3(0.276991650000,0.089574130000,0.220704615000),
double3(0.152603900000,0.147334485000,0.064330690000),
double3(0.257087600000,0.100644620000,0.282499225000),
double3(0.125822065000,0.150608285000,0.002285380000),
double3(0.143783985000,0.475500165000,0.157034220000),
double3(0.251658400000,0.159619500000,0.105997070000),
double3(0.149964260000,0.479892250000,0.093510360000),
double3(0.242131900000,0.155759125000,0.169432865000),
double3(0.006985190000,0.251469375000,0.336246550000),
double3(0.081496835000,0.215372935000,0.364676180000),
double3(0.198781300000,0.439188125000,0.393729200000),
double3(0.362335115000,0.257380935000,0.404902520000),
double3(0.471983050000,0.000854805000,0.349647250000),
double3(0.268498570000,0.389186770000,0.401347725000),
double3(0.408982500000,0.272552280000,0.352119180000),
double3(0.376315150000,0.383601070000,0.393073050000),
double3(0.115839930000,0.360647975000,0.439653700000),
double3(0.245855800000,0.344603750000,0.444467450000),
double3(0.046875415000,0.318608600000,0.318843800000),
double3(0.176897035000,0.302541100000,0.323656800000),
double3(0.034686700000,0.278521800000,0.390302480000),
double3(0.258060750000,0.384693535000,0.373014450000),
double3(0.147094710000,0.081987890000,0.450336650000),
double3(0.145622700000,0.083473430000,0.311626650000),
double3(0.101311795000,0.063946090000,0.250152400000),
double3(0.191427260000,0.035797075000,0.498151125000),
double3(0.113046705000,0.057220610000,0.214547125000),
double3(0.209380700000,0.035187940000,0.033677955000),
double3(0.176777065000,0.066271650000,0.204121620000),
double3(0.194330960000,0.075189925000,0.057677930000),
double3(0.228056650000,0.082054510000,0.228714950000),
double3(0.164785370000,0.116777765000,0.046020875000),
double3(0.216724500000,0.089094685000,0.263652980000),
double3(0.148324890000,0.118012770000,0.010927340000),
double3(0.153974115000,0.080036635000,0.274452300000),
double3(0.160032990000,0.077026910000,0.487168280000),
double3(0.167792885000,0.015556570000,0.145962415000),
double3(0.228963270000,0.119142665000,0.117043200000),
double3(0.172219960000,0.017925670000,0.109989680000),
double3(0.223688960000,0.116913800000,0.152969165000),
double3(0.201250400000,0.070146210000,0.095371030000),
double3(0.190921260000,0.065666380000,0.167275920000),
double3(0.270928470000,0.092617505000,0.360158600000),
double3(0.016921105000,0.072900525000,0.404644280000),
double3(0.454248550000,0.077159775000,0.390024215000),
double3(0.329494100000,0.088124655000,0.379264265000),
double3(0.492301015000,0.174920485000,0.364963850000),
double3(0.288756700000,0.480266930000,0.391875250000),
double3(0.473967200000,0.220319315000,0.349874615000),
double3(0.304793900000,0.428415835000,0.397350550000),
double3(0.416853450000,0.231025575000,0.357281550000),
double3(0.366157700000,0.425152650000,0.393714430000),
double3(0.377392230000,0.193327365000,0.378349900000),
double3(0.444765900000,0.129459900000,0.378693200000),
double3(0.410665570000,0.473522200000,0.384419250000),
double3(0.383081080000,0.136658965000,0.379627800000),
double3(0.401296800000,0.028430040000,0.389864150000),
double3(0.338230135000,0.032942585000,0.387874050000),
double3(0.085232610000,0.302169500000,0.386794800000),
double3(0.207506580000,0.361050350000,0.376516400000),
double3(0.128929035000,0.347764430000,0.413334070000),
double3(0.163808985000,0.315455100000,0.349970900000),
double3(0.108345420000,0.343081550000,0.357251700000),
double3(0.184393800000,0.320138350000,0.406059450000),
double3(0.151036085000,0.388273330000,0.383168050000),
double3(0.141702385000,0.274952380000,0.380137115000),
double3(0.155349030000,0.451360165000,0.384307685000),
double3(0.137392685000,0.211878540000,0.379010050000),
double3(0.036811170000,0.055942630000,0.261325950000),
double3(0.210020250000,0.498087020000,0.473026150000),
double3(0.061116260000,0.046470645000,0.188877925000),
double3(0.243151750000,0.494650000000,0.045210740000),
double3(0.158788385000,0.000596285000,0.385242400000),
double3(0.133962500000,0.162650185000,0.378081350000),
double3(0.112614430000,0.037884990000,0.432421925000),
double3(0.178198175000,0.128379850000,0.329560580000),
double3(0.178130390000,0.127383500000,0.435806050000),
double3(0.112682210000,0.038881355000,0.326176450000),
double3(0.023556030000,0.091348600000,0.284717850000),
double3(0.490698900000,0.013873865000,0.247696890000),
double3(0.166910600000,0.455783200000,0.457271100000),
double3(0.270386725000,0.000878095000,0.469743200000),
double3(0.033945290000,0.087185105000,0.181925265000),
double3(0.035009045000,0.494300785000,0.176447900000),
double3(0.292308270000,0.011186105000,0.067227320000),
double3(0.224876270000,0.441042700000,0.033843765000),
double3(0.274956700000,0.139196710000,0.341475280000),
double3(0.017382145000,0.025635445000,0.421262900000),
double3(0.238189115000,0.042635980000,0.346724480000),
double3(0.054149625000,0.122196140000,0.416013650000),
double3(0.055076895000,0.174987165000,0.364823550000),
double3(0.225367070000,0.478693365000,0.391463350000),
double3(0.349889575000,0.214788230000,0.405275165000),
double3(0.452815150000,0.465108450000,0.360906150000),
double3(0.224752515000,0.307304085000,0.431980135000),
double3(0.067979090000,0.355914450000,0.331331225000),
double3(0.215879010000,0.116838380000,0.883946570000),
double3(0.076345265000,0.049460720000,0.879241465000),
double3(0.276991650000,0.089574130000,0.720704615000),
double3(0.152603900000,0.147334485000,0.564330690000),
double3(0.257087600000,0.100644620000,0.782499225000),
double3(0.125822065000,0.150608285000,0.502285380000),
double3(0.143783985000,0.475500165000,0.657034220000),
double3(0.251658400000,0.159619500000,0.605997070000),
double3(0.149964260000,0.479892250000,0.593510360000),
double3(0.242131900000,0.155759125000,0.669432865000),
double3(0.006985190000,0.251469375000,0.836246550000),
double3(0.081496835000,0.215372935000,0.864676180000),
double3(0.198781300000,0.439188125000,0.893729200000),
double3(0.362335115000,0.257380935000,0.904902520000),
double3(0.471983050000,0.000854805000,0.849647250000),
double3(0.268498570000,0.389186770000,0.901347725000),
double3(0.408982500000,0.272552280000,0.852119180000),
double3(0.376315150000,0.383601070000,0.893073050000),
double3(0.115839930000,0.360647975000,0.939653700000),
double3(0.245855800000,0.344603750000,0.944467450000),
double3(0.046875415000,0.318608600000,0.818843800000),
double3(0.176897035000,0.302541100000,0.823656800000),
double3(0.034686700000,0.278521800000,0.890302480000),
double3(0.258060750000,0.384693535000,0.873014450000),
double3(0.147094710000,0.081987890000,0.950336650000),
double3(0.145622700000,0.083473430000,0.811626650000),
double3(0.101311795000,0.063946090000,0.750152400000),
double3(0.191427260000,0.035797075000,0.998151125000),
double3(0.113046705000,0.057220610000,0.714547125000),
double3(0.209380700000,0.035187940000,0.533677955000),
double3(0.176777065000,0.066271650000,0.704121620000),
double3(0.194330960000,0.075189925000,0.557677930000),
double3(0.228056650000,0.082054510000,0.728714950000),
double3(0.164785370000,0.116777765000,0.546020875000),
double3(0.216724500000,0.089094685000,0.763652980000),
double3(0.148324890000,0.118012770000,0.510927340000),
double3(0.153974115000,0.080036635000,0.774452300000),
double3(0.160032990000,0.077026910000,0.987168280000),
double3(0.167792885000,0.015556570000,0.645962415000),
double3(0.228963270000,0.119142665000,0.617043200000),
double3(0.172219960000,0.017925670000,0.609989680000),
double3(0.223688960000,0.116913800000,0.652969165000),
double3(0.201250400000,0.070146210000,0.595371030000),
double3(0.190921260000,0.065666380000,0.667275920000),
double3(0.270928470000,0.092617505000,0.860158600000),
double3(0.016921105000,0.072900525000,0.904644280000),
double3(0.454248550000,0.077159775000,0.890024215000),
double3(0.329494100000,0.088124655000,0.879264265000),
double3(0.492301015000,0.174920485000,0.864963850000),
double3(0.288756700000,0.480266930000,0.891875250000),
double3(0.473967200000,0.220319315000,0.849874615000),
double3(0.304793900000,0.428415835000,0.897350550000),
double3(0.416853450000,0.231025575000,0.857281550000),
double3(0.366157700000,0.425152650000,0.893714430000),
double3(0.377392230000,0.193327365000,0.878349900000),
double3(0.444765900000,0.129459900000,0.878693200000),
double3(0.410665570000,0.473522200000,0.884419250000),
double3(0.383081080000,0.136658965000,0.879627800000),
double3(0.401296800000,0.028430040000,0.889864150000),
double3(0.338230135000,0.032942585000,0.887874050000),
double3(0.085232610000,0.302169500000,0.886794800000),
double3(0.207506580000,0.361050350000,0.876516400000),
double3(0.128929035000,0.347764430000,0.913334070000),
double3(0.163808985000,0.315455100000,0.849970900000),
double3(0.108345420000,0.343081550000,0.857251700000),
double3(0.184393800000,0.320138350000,0.906059450000),
double3(0.151036085000,0.388273330000,0.883168050000),
double3(0.141702385000,0.274952380000,0.880137115000),
double3(0.155349030000,0.451360165000,0.884307685000),
double3(0.137392685000,0.211878540000,0.879010050000),
double3(0.036811170000,0.055942630000,0.761325950000),
double3(0.210020250000,0.498087020000,0.973026150000),
double3(0.061116260000,0.046470645000,0.688877925000),
double3(0.243151750000,0.494650000000,0.545210740000),
double3(0.158788385000,0.000596285000,0.885242400000),
double3(0.133962500000,0.162650185000,0.878081350000),
double3(0.112614430000,0.037884990000,0.932421925000),
double3(0.178198175000,0.128379850000,0.829560580000),
double3(0.178130390000,0.127383500000,0.935806050000),
double3(0.112682210000,0.038881355000,0.826176450000),
double3(0.023556030000,0.091348600000,0.784717850000),
double3(0.490698900000,0.013873865000,0.747696890000),
double3(0.166910600000,0.455783200000,0.957271100000),
double3(0.270386725000,0.000878095000,0.969743200000),
double3(0.033945290000,0.087185105000,0.681925265000),
double3(0.035009045000,0.494300785000,0.676447900000),
double3(0.292308270000,0.011186105000,0.567227320000),
double3(0.224876270000,0.441042700000,0.533843765000),
double3(0.274956700000,0.139196710000,0.841475280000),
double3(0.017382145000,0.025635445000,0.921262900000),
double3(0.238189115000,0.042635980000,0.846724480000),
double3(0.054149625000,0.122196140000,0.916013650000),
double3(0.055076895000,0.174987165000,0.864823550000),
double3(0.225367070000,0.478693365000,0.891463350000),
double3(0.349889575000,0.214788230000,0.905275165000),
double3(0.452815150000,0.465108450000,0.860906150000),
double3(0.224752515000,0.307304085000,0.931980135000),
double3(0.067979090000,0.355914450000,0.831331225000),
double3(0.215879010000,0.616838380000,0.383946570000),
double3(0.076345265000,0.549460720000,0.379241465000),
double3(0.276991650000,0.589574130000,0.220704615000),
double3(0.152603900000,0.647334485000,0.064330690000),
double3(0.257087600000,0.600644620000,0.282499225000),
double3(0.125822065000,0.650608285000,0.002285380000),
double3(0.143783985000,0.975500165000,0.157034220000),
double3(0.251658400000,0.659619500000,0.105997070000),
double3(0.149964260000,0.979892250000,0.093510360000),
double3(0.242131900000,0.655759125000,0.169432865000),
double3(0.006985190000,0.751469375000,0.336246550000),
double3(0.081496835000,0.715372935000,0.364676180000),
double3(0.198781300000,0.939188125000,0.393729200000),
double3(0.362335115000,0.757380935000,0.404902520000),
double3(0.471983050000,0.500854805000,0.349647250000),
double3(0.268498570000,0.889186770000,0.401347725000),
double3(0.408982500000,0.772552280000,0.352119180000),
double3(0.376315150000,0.883601070000,0.393073050000),
double3(0.115839930000,0.860647975000,0.439653700000),
double3(0.245855800000,0.844603750000,0.444467450000),
double3(0.046875415000,0.818608600000,0.318843800000),
double3(0.176897035000,0.802541100000,0.323656800000),
double3(0.034686700000,0.778521800000,0.390302480000),
double3(0.258060750000,0.884693535000,0.373014450000),
double3(0.147094710000,0.581987890000,0.450336650000),
double3(0.145622700000,0.583473430000,0.311626650000),
double3(0.101311795000,0.563946090000,0.250152400000),
double3(0.191427260000,0.535797075000,0.498151125000),
double3(0.113046705000,0.557220610000,0.214547125000),
double3(0.209380700000,0.535187940000,0.033677955000),
double3(0.176777065000,0.566271650000,0.204121620000),
double3(0.194330960000,0.575189925000,0.057677930000),
double3(0.228056650000,0.582054510000,0.228714950000),
double3(0.164785370000,0.616777765000,0.046020875000),
double3(0.216724500000,0.589094685000,0.263652980000),
double3(0.148324890000,0.618012770000,0.010927340000),
double3(0.153974115000,0.580036635000,0.274452300000),
double3(0.160032990000,0.577026910000,0.487168280000),
double3(0.167792885000,0.515556570000,0.145962415000),
double3(0.228963270000,0.619142665000,0.117043200000),
double3(0.172219960000,0.517925670000,0.109989680000),
double3(0.223688960000,0.616913800000,0.152969165000),
double3(0.201250400000,0.570146210000,0.095371030000),
double3(0.190921260000,0.565666380000,0.167275920000),
double3(0.270928470000,0.592617505000,0.360158600000),
double3(0.016921105000,0.572900525000,0.404644280000),
double3(0.454248550000,0.577159775000,0.390024215000),
double3(0.329494100000,0.588124655000,0.379264265000),
double3(0.492301015000,0.674920485000,0.364963850000),
double3(0.288756700000,0.980266930000,0.391875250000),
double3(0.473967200000,0.720319315000,0.349874615000),
double3(0.304793900000,0.928415835000,0.397350550000),
double3(0.416853450000,0.731025575000,0.357281550000),
double3(0.366157700000,0.925152650000,0.393714430000),
double3(0.377392230000,0.693327365000,0.378349900000),
double3(0.444765900000,0.629459900000,0.378693200000),
double3(0.410665570000,0.973522200000,0.384419250000),
double3(0.383081080000,0.636658965000,0.379627800000),
double3(0.401296800000,0.528430040000,0.389864150000),
double3(0.338230135000,0.532942585000,0.387874050000),
double3(0.085232610000,0.802169500000,0.386794800000),
double3(0.207506580000,0.861050350000,0.376516400000),
double3(0.128929035000,0.847764430000,0.413334070000),
double3(0.163808985000,0.815455100000,0.349970900000),
double3(0.108345420000,0.843081550000,0.357251700000),
double3(0.184393800000,0.820138350000,0.406059450000),
double3(0.151036085000,0.888273330000,0.383168050000),
double3(0.141702385000,0.774952380000,0.380137115000),
double3(0.155349030000,0.951360165000,0.384307685000),
double3(0.137392685000,0.711878540000,0.379010050000),
double3(0.036811170000,0.555942630000,0.261325950000),
double3(0.210020250000,0.998087020000,0.473026150000),
double3(0.061116260000,0.546470645000,0.188877925000),
double3(0.243151750000,0.994650000000,0.045210740000),
double3(0.158788385000,0.500596285000,0.385242400000),
double3(0.133962500000,0.662650185000,0.378081350000),
double3(0.112614430000,0.537884990000,0.432421925000),
double3(0.178198175000,0.628379850000,0.329560580000),
double3(0.178130390000,0.627383500000,0.435806050000),
double3(0.112682210000,0.538881355000,0.326176450000),
double3(0.023556030000,0.591348600000,0.284717850000),
double3(0.490698900000,0.513873865000,0.247696890000),
double3(0.166910600000,0.955783200000,0.457271100000),
double3(0.270386725000,0.500878095000,0.469743200000),
double3(0.033945290000,0.587185105000,0.181925265000),
double3(0.035009045000,0.994300785000,0.176447900000),
double3(0.292308270000,0.511186105000,0.067227320000),
double3(0.224876270000,0.941042700000,0.033843765000),
double3(0.274956700000,0.639196710000,0.341475280000),
double3(0.017382145000,0.525635445000,0.421262900000),
double3(0.238189115000,0.542635980000,0.346724480000),
double3(0.054149625000,0.622196140000,0.416013650000),
double3(0.055076895000,0.674987165000,0.364823550000),
double3(0.225367070000,0.978693365000,0.391463350000),
double3(0.349889575000,0.714788230000,0.405275165000),
double3(0.452815150000,0.965108450000,0.360906150000),
double3(0.224752515000,0.807304085000,0.431980135000),
double3(0.067979090000,0.855914450000,0.331331225000),
double3(0.215879010000,0.616838380000,0.883946570000),
double3(0.076345265000,0.549460720000,0.879241465000),
double3(0.276991650000,0.589574130000,0.720704615000),
double3(0.152603900000,0.647334485000,0.564330690000),
double3(0.257087600000,0.600644620000,0.782499225000),
double3(0.125822065000,0.650608285000,0.502285380000),
double3(0.143783985000,0.975500165000,0.657034220000),
double3(0.251658400000,0.659619500000,0.605997070000),
double3(0.149964260000,0.979892250000,0.593510360000),
double3(0.242131900000,0.655759125000,0.669432865000),
double3(0.006985190000,0.751469375000,0.836246550000),
double3(0.081496835000,0.715372935000,0.864676180000),
double3(0.198781300000,0.939188125000,0.893729200000),
double3(0.362335115000,0.757380935000,0.904902520000),
double3(0.471983050000,0.500854805000,0.849647250000),
double3(0.268498570000,0.889186770000,0.901347725000),
double3(0.408982500000,0.772552280000,0.852119180000),
double3(0.376315150000,0.883601070000,0.893073050000),
double3(0.115839930000,0.860647975000,0.939653700000),
double3(0.245855800000,0.844603750000,0.944467450000),
double3(0.046875415000,0.818608600000,0.818843800000),
double3(0.176897035000,0.802541100000,0.823656800000),
double3(0.034686700000,0.778521800000,0.890302480000),
double3(0.258060750000,0.884693535000,0.873014450000),
double3(0.147094710000,0.581987890000,0.950336650000),
double3(0.145622700000,0.583473430000,0.811626650000),
double3(0.101311795000,0.563946090000,0.750152400000),
double3(0.191427260000,0.535797075000,0.998151125000),
double3(0.113046705000,0.557220610000,0.714547125000),
double3(0.209380700000,0.535187940000,0.533677955000),
double3(0.176777065000,0.566271650000,0.704121620000),
double3(0.194330960000,0.575189925000,0.557677930000),
double3(0.228056650000,0.582054510000,0.728714950000),
double3(0.164785370000,0.616777765000,0.546020875000),
double3(0.216724500000,0.589094685000,0.763652980000),
double3(0.148324890000,0.618012770000,0.510927340000),
double3(0.153974115000,0.580036635000,0.774452300000),
double3(0.160032990000,0.577026910000,0.987168280000),
double3(0.167792885000,0.515556570000,0.645962415000),
double3(0.228963270000,0.619142665000,0.617043200000),
double3(0.172219960000,0.517925670000,0.609989680000),
double3(0.223688960000,0.616913800000,0.652969165000),
double3(0.201250400000,0.570146210000,0.595371030000),
double3(0.190921260000,0.565666380000,0.667275920000),
double3(0.270928470000,0.592617505000,0.860158600000),
double3(0.016921105000,0.572900525000,0.904644280000),
double3(0.454248550000,0.577159775000,0.890024215000),
double3(0.329494100000,0.588124655000,0.879264265000),
double3(0.492301015000,0.674920485000,0.864963850000),
double3(0.288756700000,0.980266930000,0.891875250000),
double3(0.473967200000,0.720319315000,0.849874615000),
double3(0.304793900000,0.928415835000,0.897350550000),
double3(0.416853450000,0.731025575000,0.857281550000),
double3(0.366157700000,0.925152650000,0.893714430000),
double3(0.377392230000,0.693327365000,0.878349900000),
double3(0.444765900000,0.629459900000,0.878693200000),
double3(0.410665570000,0.973522200000,0.884419250000),
double3(0.383081080000,0.636658965000,0.879627800000),
double3(0.401296800000,0.528430040000,0.889864150000),
double3(0.338230135000,0.532942585000,0.887874050000),
double3(0.085232610000,0.802169500000,0.886794800000),
double3(0.207506580000,0.861050350000,0.876516400000),
double3(0.128929035000,0.847764430000,0.913334070000),
double3(0.163808985000,0.815455100000,0.849970900000),
double3(0.108345420000,0.843081550000,0.857251700000),
double3(0.184393800000,0.820138350000,0.906059450000),
double3(0.151036085000,0.888273330000,0.883168050000),
double3(0.141702385000,0.774952380000,0.880137115000),
double3(0.155349030000,0.951360165000,0.884307685000),
double3(0.137392685000,0.711878540000,0.879010050000),
double3(0.036811170000,0.555942630000,0.761325950000),
double3(0.210020250000,0.998087020000,0.973026150000),
double3(0.061116260000,0.546470645000,0.688877925000),
double3(0.243151750000,0.994650000000,0.545210740000),
double3(0.158788385000,0.500596285000,0.885242400000),
double3(0.133962500000,0.662650185000,0.878081350000),
double3(0.112614430000,0.537884990000,0.932421925000),
double3(0.178198175000,0.628379850000,0.829560580000),
double3(0.178130390000,0.627383500000,0.935806050000),
double3(0.112682210000,0.538881355000,0.826176450000),
double3(0.023556030000,0.591348600000,0.784717850000),
double3(0.490698900000,0.513873865000,0.747696890000),
double3(0.166910600000,0.955783200000,0.957271100000),
double3(0.270386725000,0.500878095000,0.969743200000),
double3(0.033945290000,0.587185105000,0.681925265000),
double3(0.035009045000,0.994300785000,0.676447900000),
double3(0.292308270000,0.511186105000,0.567227320000),
double3(0.224876270000,0.941042700000,0.533843765000),
double3(0.274956700000,0.639196710000,0.841475280000),
double3(0.017382145000,0.525635445000,0.921262900000),
double3(0.238189115000,0.542635980000,0.846724480000),
double3(0.054149625000,0.622196140000,0.916013650000),
double3(0.055076895000,0.674987165000,0.864823550000),
double3(0.225367070000,0.978693365000,0.891463350000),
double3(0.349889575000,0.714788230000,0.905275165000),
double3(0.452815150000,0.965108450000,0.860906150000),
double3(0.224752515000,0.807304085000,0.931980135000),
double3(0.067979090000,0.855914450000,0.831331225000),
double3(0.715879010000,0.116838380000,0.383946570000),
double3(0.576345265000,0.049460720000,0.379241465000),
double3(0.776991650000,0.089574130000,0.220704615000),
double3(0.652603900000,0.147334485000,0.064330690000),
double3(0.757087600000,0.100644620000,0.282499225000),
double3(0.625822065000,0.150608285000,0.002285380000),
double3(0.643783985000,0.475500165000,0.157034220000),
double3(0.751658400000,0.159619500000,0.105997070000),
double3(0.649964260000,0.479892250000,0.093510360000),
double3(0.742131900000,0.155759125000,0.169432865000),
double3(0.506985190000,0.251469375000,0.336246550000),
double3(0.581496835000,0.215372935000,0.364676180000),
double3(0.698781300000,0.439188125000,0.393729200000),
double3(0.862335115000,0.257380935000,0.404902520000),
double3(0.971983050000,0.000854805000,0.349647250000),
double3(0.768498570000,0.389186770000,0.401347725000),
double3(0.908982500000,0.272552280000,0.352119180000),
double3(0.876315150000,0.383601070000,0.393073050000),
double3(0.615839930000,0.360647975000,0.439653700000),
double3(0.745855800000,0.344603750000,0.444467450000),
double3(0.546875415000,0.318608600000,0.318843800000),
double3(0.676897035000,0.302541100000,0.323656800000),
double3(0.534686700000,0.278521800000,0.390302480000),
double3(0.758060750000,0.384693535000,0.373014450000),
double3(0.647094710000,0.081987890000,0.450336650000),
double3(0.645622700000,0.083473430000,0.311626650000),
double3(0.601311795000,0.063946090000,0.250152400000),
double3(0.691427260000,0.035797075000,0.498151125000),
double3(0.613046705000,0.057220610000,0.214547125000),
double3(0.709380700000,0.035187940000,0.033677955000),
double3(0.676777065000,0.066271650000,0.204121620000),
double3(0.694330960000,0.075189925000,0.057677930000),
double3(0.728056650000,0.082054510000,0.228714950000),
double3(0.664785370000,0.116777765000,0.046020875000),
double3(0.716724500000,0.089094685000,0.263652980000),
double3(0.648324890000,0.118012770000,0.010927340000),
double3(0.653974115000,0.080036635000,0.274452300000),
double3(0.660032990000,0.077026910000,0.487168280000),
double3(0.667792885000,0.015556570000,0.145962415000),
double3(0.728963270000,0.119142665000,0.117043200000),
double3(0.672219960000,0.017925670000,0.109989680000),
double3(0.723688960000,0.116913800000,0.152969165000),
double3(0.701250400000,0.070146210000,0.095371030000),
double3(0.690921260000,0.065666380000,0.167275920000),
double3(0.770928470000,0.092617505000,0.360158600000),
double3(0.516921105000,0.072900525000,0.404644280000),
double3(0.954248550000,0.077159775000,0.390024215000),
double3(0.829494100000,0.088124655000,0.379264265000),
double3(0.992301015000,0.174920485000,0.364963850000),
double3(0.788756700000,0.480266930000,0.391875250000),
double3(0.973967200000,0.220319315000,0.349874615000),
double3(0.804793900000,0.428415835000,0.397350550000),
double3(0.916853450000,0.231025575000,0.357281550000),
double3(0.866157700000,0.425152650000,0.393714430000),
double3(0.877392230000,0.193327365000,0.378349900000),
double3(0.944765900000,0.129459900000,0.378693200000),
double3(0.910665570000,0.473522200000,0.384419250000),
double3(0.883081080000,0.136658965000,0.379627800000),
double3(0.901296800000,0.028430040000,0.389864150000),
double3(0.838230135000,0.032942585000,0.387874050000),
double3(0.585232610000,0.302169500000,0.386794800000),
double3(0.707506580000,0.361050350000,0.376516400000),
double3(0.628929035000,0.347764430000,0.413334070000),
double3(0.663808985000,0.315455100000,0.349970900000),
double3(0.608345420000,0.343081550000,0.357251700000),
double3(0.684393800000,0.320138350000,0.406059450000),
double3(0.651036085000,0.388273330000,0.383168050000),
double3(0.641702385000,0.274952380000,0.380137115000),
double3(0.655349030000,0.451360165000,0.384307685000),
double3(0.637392685000,0.211878540000,0.379010050000),
double3(0.536811170000,0.055942630000,0.261325950000),
double3(0.710020250000,0.498087020000,0.473026150000),
double3(0.561116260000,0.046470645000,0.188877925000),
double3(0.743151750000,0.494650000000,0.045210740000),
double3(0.658788385000,0.000596285000,0.385242400000),
double3(0.633962500000,0.162650185000,0.378081350000),
double3(0.612614430000,0.037884990000,0.432421925000),
double3(0.678198175000,0.128379850000,0.329560580000),
double3(0.678130390000,0.127383500000,0.435806050000),
double3(0.612682210000,0.038881355000,0.326176450000),
double3(0.523556030000,0.091348600000,0.284717850000),
double3(0.990698900000,0.013873865000,0.247696890000),
double3(0.666910600000,0.455783200000,0.457271100000),
double3(0.770386725000,0.000878095000,0.469743200000),
double3(0.533945290000,0.087185105000,0.181925265000),
double3(0.535009045000,0.494300785000,0.176447900000),
double3(0.792308270000,0.011186105000,0.067227320000),
double3(0.724876270000,0.441042700000,0.033843765000),
double3(0.774956700000,0.139196710000,0.341475280000),
double3(0.517382145000,0.025635445000,0.421262900000),
double3(0.738189115000,0.042635980000,0.346724480000),
double3(0.554149625000,0.122196140000,0.416013650000),
double3(0.555076895000,0.174987165000,0.364823550000),
double3(0.725367070000,0.478693365000,0.391463350000),
double3(0.849889575000,0.214788230000,0.405275165000),
double3(0.952815150000,0.465108450000,0.360906150000),
double3(0.724752515000,0.307304085000,0.431980135000),
double3(0.567979090000,0.355914450000,0.331331225000),
double3(0.715879010000,0.116838380000,0.883946570000),
double3(0.576345265000,0.049460720000,0.879241465000),
double3(0.776991650000,0.089574130000,0.720704615000),
double3(0.652603900000,0.147334485000,0.564330690000),
double3(0.757087600000,0.100644620000,0.782499225000),
double3(0.625822065000,0.150608285000,0.502285380000),
double3(0.643783985000,0.475500165000,0.657034220000),
double3(0.751658400000,0.159619500000,0.605997070000),
double3(0.649964260000,0.479892250000,0.593510360000),
double3(0.742131900000,0.155759125000,0.669432865000),
double3(0.506985190000,0.251469375000,0.836246550000),
double3(0.581496835000,0.215372935000,0.864676180000),
double3(0.698781300000,0.439188125000,0.893729200000),
double3(0.862335115000,0.257380935000,0.904902520000),
double3(0.971983050000,0.000854805000,0.849647250000),
double3(0.768498570000,0.389186770000,0.901347725000),
double3(0.908982500000,0.272552280000,0.852119180000),
double3(0.876315150000,0.383601070000,0.893073050000),
double3(0.615839930000,0.360647975000,0.939653700000),
double3(0.745855800000,0.344603750000,0.944467450000),
double3(0.546875415000,0.318608600000,0.818843800000),
double3(0.676897035000,0.302541100000,0.823656800000),
double3(0.534686700000,0.278521800000,0.890302480000),
double3(0.758060750000,0.384693535000,0.873014450000),
double3(0.647094710000,0.081987890000,0.950336650000),
double3(0.645622700000,0.083473430000,0.811626650000),
double3(0.601311795000,0.063946090000,0.750152400000),
double3(0.691427260000,0.035797075000,0.998151125000),
double3(0.613046705000,0.057220610000,0.714547125000),
double3(0.709380700000,0.035187940000,0.533677955000),
double3(0.676777065000,0.066271650000,0.704121620000),
double3(0.694330960000,0.075189925000,0.557677930000),
double3(0.728056650000,0.082054510000,0.728714950000),
double3(0.664785370000,0.116777765000,0.546020875000),
double3(0.716724500000,0.089094685000,0.763652980000),
double3(0.648324890000,0.118012770000,0.510927340000),
double3(0.653974115000,0.080036635000,0.774452300000),
double3(0.660032990000,0.077026910000,0.987168280000),
double3(0.667792885000,0.015556570000,0.645962415000),
double3(0.728963270000,0.119142665000,0.617043200000),
double3(0.672219960000,0.017925670000,0.609989680000),
double3(0.723688960000,0.116913800000,0.652969165000),
double3(0.701250400000,0.070146210000,0.595371030000),
double3(0.690921260000,0.065666380000,0.667275920000),
double3(0.770928470000,0.092617505000,0.860158600000),
double3(0.516921105000,0.072900525000,0.904644280000),
double3(0.954248550000,0.077159775000,0.890024215000),
double3(0.829494100000,0.088124655000,0.879264265000),
double3(0.992301015000,0.174920485000,0.864963850000),
double3(0.788756700000,0.480266930000,0.891875250000),
double3(0.973967200000,0.220319315000,0.849874615000),
double3(0.804793900000,0.428415835000,0.897350550000),
double3(0.916853450000,0.231025575000,0.857281550000),
double3(0.866157700000,0.425152650000,0.893714430000),
double3(0.877392230000,0.193327365000,0.878349900000),
double3(0.944765900000,0.129459900000,0.878693200000),
double3(0.910665570000,0.473522200000,0.884419250000),
double3(0.883081080000,0.136658965000,0.879627800000),
double3(0.901296800000,0.028430040000,0.889864150000),
double3(0.838230135000,0.032942585000,0.887874050000),
double3(0.585232610000,0.302169500000,0.886794800000),
double3(0.707506580000,0.361050350000,0.876516400000),
double3(0.628929035000,0.347764430000,0.913334070000),
double3(0.663808985000,0.315455100000,0.849970900000),
double3(0.608345420000,0.343081550000,0.857251700000),
double3(0.684393800000,0.320138350000,0.906059450000),
double3(0.651036085000,0.388273330000,0.883168050000),
double3(0.641702385000,0.274952380000,0.880137115000),
double3(0.655349030000,0.451360165000,0.884307685000),
double3(0.637392685000,0.211878540000,0.879010050000),
double3(0.536811170000,0.055942630000,0.761325950000),
double3(0.710020250000,0.498087020000,0.973026150000),
double3(0.561116260000,0.046470645000,0.688877925000),
double3(0.743151750000,0.494650000000,0.545210740000),
double3(0.658788385000,0.000596285000,0.885242400000),
double3(0.633962500000,0.162650185000,0.878081350000),
double3(0.612614430000,0.037884990000,0.932421925000),
double3(0.678198175000,0.128379850000,0.829560580000),
double3(0.678130390000,0.127383500000,0.935806050000),
double3(0.612682210000,0.038881355000,0.826176450000),
double3(0.523556030000,0.091348600000,0.784717850000),
double3(0.990698900000,0.013873865000,0.747696890000),
double3(0.666910600000,0.455783200000,0.957271100000),
double3(0.770386725000,0.000878095000,0.969743200000),
double3(0.533945290000,0.087185105000,0.681925265000),
double3(0.535009045000,0.494300785000,0.676447900000),
double3(0.792308270000,0.011186105000,0.567227320000),
double3(0.724876270000,0.441042700000,0.533843765000),
double3(0.774956700000,0.139196710000,0.841475280000),
double3(0.517382145000,0.025635445000,0.921262900000),
double3(0.738189115000,0.042635980000,0.846724480000),
double3(0.554149625000,0.122196140000,0.916013650000),
double3(0.555076895000,0.174987165000,0.864823550000),
double3(0.725367070000,0.478693365000,0.891463350000),
double3(0.849889575000,0.214788230000,0.905275165000),
double3(0.952815150000,0.465108450000,0.860906150000),
double3(0.724752515000,0.307304085000,0.931980135000),
double3(0.567979090000,0.355914450000,0.831331225000),
double3(0.715879010000,0.616838380000,0.383946570000),
double3(0.576345265000,0.549460720000,0.379241465000),
double3(0.776991650000,0.589574130000,0.220704615000),
double3(0.652603900000,0.647334485000,0.064330690000),
double3(0.757087600000,0.600644620000,0.282499225000),
double3(0.625822065000,0.650608285000,0.002285380000),
double3(0.643783985000,0.975500165000,0.157034220000),
double3(0.751658400000,0.659619500000,0.105997070000),
double3(0.649964260000,0.979892250000,0.093510360000),
double3(0.742131900000,0.655759125000,0.169432865000),
double3(0.506985190000,0.751469375000,0.336246550000),
double3(0.581496835000,0.715372935000,0.364676180000),
double3(0.698781300000,0.939188125000,0.393729200000),
double3(0.862335115000,0.757380935000,0.404902520000),
double3(0.971983050000,0.500854805000,0.349647250000),
double3(0.768498570000,0.889186770000,0.401347725000),
double3(0.908982500000,0.772552280000,0.352119180000),
double3(0.876315150000,0.883601070000,0.393073050000),
double3(0.615839930000,0.860647975000,0.439653700000),
double3(0.745855800000,0.844603750000,0.444467450000),
double3(0.546875415000,0.818608600000,0.318843800000),
double3(0.676897035000,0.802541100000,0.323656800000),
double3(0.534686700000,0.778521800000,0.390302480000),
double3(0.758060750000,0.884693535000,0.373014450000),
double3(0.647094710000,0.581987890000,0.450336650000),
double3(0.645622700000,0.583473430000,0.311626650000),
double3(0.601311795000,0.563946090000,0.250152400000),
double3(0.691427260000,0.535797075000,0.498151125000),
double3(0.613046705000,0.557220610000,0.214547125000),
double3(0.709380700000,0.535187940000,0.033677955000),
double3(0.676777065000,0.566271650000,0.204121620000),
double3(0.694330960000,0.575189925000,0.057677930000),
double3(0.728056650000,0.582054510000,0.228714950000),
double3(0.664785370000,0.616777765000,0.046020875000),
double3(0.716724500000,0.589094685000,0.263652980000),
double3(0.648324890000,0.618012770000,0.010927340000),
double3(0.653974115000,0.580036635000,0.274452300000),
double3(0.660032990000,0.577026910000,0.487168280000),
double3(0.667792885000,0.515556570000,0.145962415000),
double3(0.728963270000,0.619142665000,0.117043200000),
double3(0.672219960000,0.517925670000,0.109989680000),
double3(0.723688960000,0.616913800000,0.152969165000),
double3(0.701250400000,0.570146210000,0.095371030000),
double3(0.690921260000,0.565666380000,0.167275920000),
double3(0.770928470000,0.592617505000,0.360158600000),
double3(0.516921105000,0.572900525000,0.404644280000),
double3(0.954248550000,0.577159775000,0.390024215000),
double3(0.829494100000,0.588124655000,0.379264265000),
double3(0.992301015000,0.674920485000,0.364963850000),
double3(0.788756700000,0.980266930000,0.391875250000),
double3(0.973967200000,0.720319315000,0.349874615000),
double3(0.804793900000,0.928415835000,0.397350550000),
double3(0.916853450000,0.731025575000,0.357281550000),
double3(0.866157700000,0.925152650000,0.393714430000),
double3(0.877392230000,0.693327365000,0.378349900000),
double3(0.944765900000,0.629459900000,0.378693200000),
double3(0.910665570000,0.973522200000,0.384419250000),
double3(0.883081080000,0.636658965000,0.379627800000),
double3(0.901296800000,0.528430040000,0.389864150000),
double3(0.838230135000,0.532942585000,0.387874050000),
double3(0.585232610000,0.802169500000,0.386794800000),
double3(0.707506580000,0.861050350000,0.376516400000),
double3(0.628929035000,0.847764430000,0.413334070000),
double3(0.663808985000,0.815455100000,0.349970900000),
double3(0.608345420000,0.843081550000,0.357251700000),
double3(0.684393800000,0.820138350000,0.406059450000),
double3(0.651036085000,0.888273330000,0.383168050000),
double3(0.641702385000,0.774952380000,0.380137115000),
double3(0.655349030000,0.951360165000,0.384307685000),
double3(0.637392685000,0.711878540000,0.379010050000),
double3(0.536811170000,0.555942630000,0.261325950000),
double3(0.710020250000,0.998087020000,0.473026150000),
double3(0.561116260000,0.546470645000,0.188877925000),
double3(0.743151750000,0.994650000000,0.045210740000),
double3(0.658788385000,0.500596285000,0.385242400000),
double3(0.633962500000,0.662650185000,0.378081350000),
double3(0.612614430000,0.537884990000,0.432421925000),
double3(0.678198175000,0.628379850000,0.329560580000),
double3(0.678130390000,0.627383500000,0.435806050000),
double3(0.612682210000,0.538881355000,0.326176450000),
double3(0.523556030000,0.591348600000,0.284717850000),
double3(0.990698900000,0.513873865000,0.247696890000),
double3(0.666910600000,0.955783200000,0.457271100000),
double3(0.770386725000,0.500878095000,0.469743200000),
double3(0.533945290000,0.587185105000,0.181925265000),
double3(0.535009045000,0.994300785000,0.176447900000),
double3(0.792308270000,0.511186105000,0.067227320000),
double3(0.724876270000,0.941042700000,0.033843765000),
double3(0.774956700000,0.639196710000,0.341475280000),
double3(0.517382145000,0.525635445000,0.421262900000),
double3(0.738189115000,0.542635980000,0.346724480000),
double3(0.554149625000,0.622196140000,0.416013650000),
double3(0.555076895000,0.674987165000,0.364823550000),
double3(0.725367070000,0.978693365000,0.391463350000),
double3(0.849889575000,0.714788230000,0.405275165000),
double3(0.952815150000,0.965108450000,0.360906150000),
double3(0.724752515000,0.807304085000,0.431980135000),
double3(0.567979090000,0.855914450000,0.331331225000),
double3(0.715879010000,0.616838380000,0.883946570000),
double3(0.576345265000,0.549460720000,0.879241465000),
double3(0.776991650000,0.589574130000,0.720704615000),
double3(0.652603900000,0.647334485000,0.564330690000),
double3(0.757087600000,0.600644620000,0.782499225000),
double3(0.625822065000,0.650608285000,0.502285380000),
double3(0.643783985000,0.975500165000,0.657034220000),
double3(0.751658400000,0.659619500000,0.605997070000),
double3(0.649964260000,0.979892250000,0.593510360000),
double3(0.742131900000,0.655759125000,0.669432865000),
double3(0.506985190000,0.751469375000,0.836246550000),
double3(0.581496835000,0.715372935000,0.864676180000),
double3(0.698781300000,0.939188125000,0.893729200000),
double3(0.862335115000,0.757380935000,0.904902520000),
double3(0.971983050000,0.500854805000,0.849647250000),
double3(0.768498570000,0.889186770000,0.901347725000),
double3(0.908982500000,0.772552280000,0.852119180000),
double3(0.876315150000,0.883601070000,0.893073050000),
double3(0.615839930000,0.860647975000,0.939653700000),
double3(0.745855800000,0.844603750000,0.944467450000),
double3(0.546875415000,0.818608600000,0.818843800000),
double3(0.676897035000,0.802541100000,0.823656800000),
double3(0.534686700000,0.778521800000,0.890302480000),
double3(0.758060750000,0.884693535000,0.873014450000),
double3(0.647094710000,0.581987890000,0.950336650000),
double3(0.645622700000,0.583473430000,0.811626650000),
double3(0.601311795000,0.563946090000,0.750152400000),
double3(0.691427260000,0.535797075000,0.998151125000),
double3(0.613046705000,0.557220610000,0.714547125000),
double3(0.709380700000,0.535187940000,0.533677955000),
double3(0.676777065000,0.566271650000,0.704121620000),
double3(0.694330960000,0.575189925000,0.557677930000),
double3(0.728056650000,0.582054510000,0.728714950000),
double3(0.664785370000,0.616777765000,0.546020875000),
double3(0.716724500000,0.589094685000,0.763652980000),
double3(0.648324890000,0.618012770000,0.510927340000),
double3(0.653974115000,0.580036635000,0.774452300000),
double3(0.660032990000,0.577026910000,0.987168280000),
double3(0.667792885000,0.515556570000,0.645962415000),
double3(0.728963270000,0.619142665000,0.617043200000),
double3(0.672219960000,0.517925670000,0.609989680000),
double3(0.723688960000,0.616913800000,0.652969165000),
double3(0.701250400000,0.570146210000,0.595371030000),
double3(0.690921260000,0.565666380000,0.667275920000),
double3(0.770928470000,0.592617505000,0.860158600000),
double3(0.516921105000,0.572900525000,0.904644280000),
double3(0.954248550000,0.577159775000,0.890024215000),
double3(0.829494100000,0.588124655000,0.879264265000),
double3(0.992301015000,0.674920485000,0.864963850000),
double3(0.788756700000,0.980266930000,0.891875250000),
double3(0.973967200000,0.720319315000,0.849874615000),
double3(0.804793900000,0.928415835000,0.897350550000),
double3(0.916853450000,0.731025575000,0.857281550000),
double3(0.866157700000,0.925152650000,0.893714430000),
double3(0.877392230000,0.693327365000,0.878349900000),
double3(0.944765900000,0.629459900000,0.878693200000),
double3(0.910665570000,0.973522200000,0.884419250000),
double3(0.883081080000,0.636658965000,0.879627800000),
double3(0.901296800000,0.528430040000,0.889864150000),
double3(0.838230135000,0.532942585000,0.887874050000),
double3(0.585232610000,0.802169500000,0.886794800000),
double3(0.707506580000,0.861050350000,0.876516400000),
double3(0.628929035000,0.847764430000,0.913334070000),
double3(0.663808985000,0.815455100000,0.849970900000),
double3(0.608345420000,0.843081550000,0.857251700000),
double3(0.684393800000,0.820138350000,0.906059450000),
double3(0.651036085000,0.888273330000,0.883168050000),
double3(0.641702385000,0.774952380000,0.880137115000),
double3(0.655349030000,0.951360165000,0.884307685000),
double3(0.637392685000,0.711878540000,0.879010050000),
double3(0.536811170000,0.555942630000,0.761325950000),
double3(0.710020250000,0.998087020000,0.973026150000),
double3(0.561116260000,0.546470645000,0.688877925000),
double3(0.743151750000,0.994650000000,0.545210740000),
double3(0.658788385000,0.500596285000,0.885242400000),
double3(0.633962500000,0.662650185000,0.878081350000),
double3(0.612614430000,0.537884990000,0.932421925000),
double3(0.678198175000,0.628379850000,0.829560580000),
double3(0.678130390000,0.627383500000,0.935806050000),
double3(0.612682210000,0.538881355000,0.826176450000),
double3(0.523556030000,0.591348600000,0.784717850000),
double3(0.990698900000,0.513873865000,0.747696890000),
double3(0.666910600000,0.955783200000,0.957271100000),
double3(0.770386725000,0.500878095000,0.969743200000),
double3(0.533945290000,0.587185105000,0.681925265000),
double3(0.535009045000,0.994300785000,0.676447900000),
double3(0.792308270000,0.511186105000,0.567227320000),
double3(0.724876270000,0.941042700000,0.533843765000),
double3(0.774956700000,0.639196710000,0.841475280000),
double3(0.517382145000,0.525635445000,0.921262900000),
double3(0.738189115000,0.542635980000,0.846724480000),
double3(0.554149625000,0.622196140000,0.916013650000),
double3(0.555076895000,0.674987165000,0.864823550000),
double3(0.725367070000,0.978693365000,0.891463350000),
double3(0.849889575000,0.714788230000,0.905275165000),
double3(0.952815150000,0.965108450000,0.860906150000),
double3(0.724752515000,0.807304085000,0.931980135000),
double3(0.567979090000,0.855914450000,0.831331225000),
