[double3(12.272750000000,0.000000000000,0.000000000000),double3(2.034751651105,12.407007224985,0.000000000000),double3(1.866223934816,0.812669676046,16.069608090518)]

double3(0.420622300000,0.130340450000,0.243124560000),
double3(0.299758800000,0.166298600000,0.274416475000),
double3(0.455141575000,0.084213375000,0.137822600000),
double3(0.265207750000,0.185089275000,0.391705950000),
double3(0.410467265000,0.071157255000,0.001981270000),
double3(0.283529670000,0.079886230000,0.019779190000),
double3(0.251741150000,0.147620750000,0.463203250000),
double3(0.452729950000,0.052736135000,0.068740470000),
double3(0.286513985000,0.140553890000,0.065327340000),
double3(0.401398950000,0.032617645000,0.440608980000),
double3(0.431641220000,0.272471725000,0.256248050000),
double3(0.399649150000,0.326952815000,0.258055550000),
double3(0.373769700000,0.372822950000,0.258935850000),
double3(0.343617230000,0.427005100000,0.259718120000),
double3(0.317727250000,0.472877025000,0.260555625000),
double3(0.285707950000,0.027344525000,0.262270870000),
double3(0.050601385000,0.201703450000,0.277498215000),
double3(0.167031260000,0.096539380000,0.238244830000),
double3(0.004767215000,0.178939165000,0.270233425000),
double3(0.212863875000,0.119300575000,0.245516570000),
double3(0.063562850000,0.102423085000,0.242017580000),
double3(0.154068290000,0.195824600000,0.273724080000),
double3(0.112149180000,0.123743950000,0.248801975000),
double3(0.105483450000,0.174498885000,0.266941100000),
double3(0.348576935000,0.151529090000,0.332581750000),
double3(0.370452525000,0.141216085000,0.185150850000),
double3(0.342935115000,0.132428410000,0.376130670000),
double3(0.371576800000,0.129630460000,0.141503975000),
double3(0.380517100000,0.088294065000,0.390068400000),
double3(0.324224325000,0.145190650000,0.120387750000),
double3(0.371611120000,0.065964685000,0.430109150000),
double3(0.322883700000,0.126451240000,0.081299640000),
double3(0.325983200000,0.088025055000,0.456991075000),
double3(0.368534685000,0.091638245000,0.062889190000),
double3(0.287033450000,0.130063325000,0.442595800000),
double3(0.416527700000,0.078080715000,0.083136970000),
double3(0.295445800000,0.152205170000,0.402297850000),
double3(0.418095700000,0.096844385000,0.122227705000),
double3(0.323977025000,0.075605430000,0.001758120000),
double3(0.370131580000,0.075262030000,0.020249230000),
double3(0.147367435000,0.272076815000,0.301137950000),
double3(0.070259405000,0.026177295000,0.214594800000),
double3(0.206254465000,0.167602550000,0.262776150000),
double3(0.011376630000,0.130645125000,0.252965550000),
double3(0.485990020000,0.271415175000,0.238979280000),
double3(0.402313770000,0.231323675000,0.271772750000),
double3(0.314950550000,0.068476560000,0.246512725000),
double3(0.231260585000,0.028373120000,0.279308150000),
double3(0.303740050000,0.167770980000,0.315017950000),
double3(0.415900550000,0.129467600000,0.202702490000),
double3(0.396659100000,0.141802820000,0.311267465000),
double3(0.322981500000,0.155435750000,0.206452950000),
double3(0.039234070000,0.250234870000,0.294823975000),
double3(0.178395400000,0.048001815000,0.220933100000),
double3(0.264726950000,0.092677765000,0.235166150000),
double3(0.452904200000,0.205562000000,0.280583830000),
double3(0.425124600000,0.065711335000,0.364864350000),
double3(0.279138300000,0.178288815000,0.137400580000),
double3(0.420622300000,0.130340450000,0.743124560000),
double3(0.299758800000,0.166298600000,0.774416475000),
double3(0.455141575000,0.084213375000,0.637822600000),
double3(0.265207750000,0.185089275000,0.891705950000),
double3(0.410467265000,0.071157255000,0.501981270000),
double3(0.283529670000,0.079886230000,0.519779190000),
double3(0.251741150000,0.147620750000,0.963203250000),
double3(0.452729950000,0.052736135000,0.568740470000),
double3(0.286513985000,0.140553890000,0.565327340000),
double3(0.401398950000,0.032617645000,0.940608980000),
double3(0.431641220000,0.272471725000,0.756248050000),
double3(0.399649150000,0.326952815000,0.758055550000),
double3(0.373769700000,0.372822950000,0.758935850000),
double3(0.343617230000,0.427005100000,0.759718120000),
double3(0.317727250000,0.472877025000,0.760555625000),
double3(0.285707950000,0.027344525000,0.762270870000),
double3(0.050601385000,0.201703450000,0.777498215000),
double3(0.167031260000,0.096539380000,0.738244830000),
double3(0.004767215000,0.178939165000,0.770233425000),
double3(0.212863875000,0.119300575000,0.745516570000),
double3(0.063562850000,0.102423085000,0.742017580000),
double3(0.154068290000,0.195824600000,0.773724080000),
double3(0.112149180000,0.123743950000,0.748801975000),
double3(0.105483450000,0.174498885000,0.766941100000),
double3(0.348576935000,0.151529090000,0.832581750000),
double3(0.370452525000,0.141216085000,0.685150850000),
double3(0.342935115000,0.132428410000,0.876130670000),
double3(0.371576800000,0.129630460000,0.641503975000),
double3(0.380517100000,0.088294065000,0.890068400000),
double3(0.324224325000,0.145190650000,0.620387750000),
double3(0.371611120000,0.065964685000,0.930109150000),
double3(0.322883700000,0.126451240000,0.581299640000),
double3(0.325983200000,0.088025055000,0.956991075000),
double3(0.368534685000,0.091638245000,0.562889190000),
double3(0.287033450000,0.130063325000,0.942595800000),
double3(0.416527700000,0.078080715000,0.583136970000),
double3(0.295445800000,0.152205170000,0.902297850000),
double3(0.418095700000,0.096844385000,0.622227705000),
double3(0.323977025000,0.075605430000,0.501758120000),
double3(0.370131580000,0.075262030000,0.520249230000),
double3(0.147367435000,0.272076815000,0.801137950000),
double3(0.070259405000,0.026177295000,0.714594800000),
double3(0.206254465000,0.167602550000,0.762776150000),
double3(0.011376630000,0.130645125000,0.752965550000),
double3(0.485990020000,0.271415175000,0.738979280000),
double3(0.402313770000,0.231323675000,0.771772750000),
double3(0.314950550000,0.068476560000,0.746512725000),
double3(0.231260585000,0.028373120000,0.779308150000),
double3(0.303740050000,0.167770980000,0.815017950000),
double3(0.415900550000,0.129467600000,0.702702490000),
double3(0.396659100000,0.141802820000,0.811267465000),
double3(0.322981500000,0.155435750000,0.706452950000),
double3(0.039234070000,0.250234870000,0.794823975000),
double3(0.178395400000,0.048001815000,0.720933100000),
double3(0.264726950000,0.092677765000,0.735166150000),
double3(0.452904200000,0.205562000000,0.780583830000),
double3(0.425124600000,0.065711335000,0.864864350000),
double3(0.279138300000,0.178288815000,0.637400580000),
double3(0.420622300000,0.630340450000,0.243124560000),
double3(0.299758800000,0.666298600000,0.274416475000),
double3(0.455141575000,0.584213375000,0.137822600000),
double3(0.265207750000,0.685089275000,0.391705950000),
double3(0.410467265000,0.571157255000,0.001981270000),
double3(0.283529670000,0.579886230000,0.019779190000),
double3(0.251741150000,0.647620750000,0.463203250000),
double3(0.452729950000,0.552736135000,0.068740470000),
double3(0.286513985000,0.640553890000,0.065327340000),
double3(0.401398950000,0.532617645000,0.440608980000),
double3(0.431641220000,0.772471725000,0.256248050000),
double3(0.399649150000,0.826952815000,0.258055550000),
double3(0.373769700000,0.872822950000,0.258935850000),
double3(0.343617230000,0.927005100000,0.259718120000),
double3(0.317727250000,0.972877025000,0.260555625000),
double3(0.285707950000,0.527344525000,0.262270870000),
double3(0.050601385000,0.701703450000,0.277498215000),
double3(0.167031260000,0.596539380000,0.238244830000),
double3(0.004767215000,0.678939165000,0.270233425000),
double3(0.212863875000,0.619300575000,0.245516570000),
double3(0.063562850000,0.602423085000,0.242017580000),
double3(0.154068290000,0.695824600000,0.273724080000),
double3(0.112149180000,0.623743950000,0.248801975000),
double3(0.105483450000,0.674498885000,0.266941100000),
double3(0.348576935000,0.651529090000,0.332581750000),
double3(0.370452525000,0.641216085000,0.185150850000),
double3(0.342935115000,0.632428410000,0.376130670000),
double3(0.371576800000,0.629630460000,0.141503975000),
double3(0.380517100000,0.588294065000,0.390068400000),
double3(0.324224325000,0.645190650000,0.120387750000),
double3(0.371611120000,0.565964685000,0.430109150000),
double3(0.322883700000,0.626451240000,0.081299640000),
double3(0.325983200000,0.588025055000,0.456991075000),
double3(0.368534685000,0.591638245000,0.062889190000),
double3(0.287033450000,0.630063325000,0.442595800000),
double3(0.416527700000,0.578080715000,0.083136970000),
double3(0.295445800000,0.652205170000,0.402297850000),
double3(0.418095700000,0.596844385000,0.122227705000),
double3(0.323977025000,0.575605430000,0.001758120000),
double3(0.370131580000,0.575262030000,0.020249230000),
double3(0.147367435000,0.772076815000,0.301137950000),
double3(0.070259405000,0.526177295000,0.214594800000),
double3(0.206254465000,0.667602550000,0.262776150000),
double3(0.011376630000,0.630645125000,0.252965550000),
double3(0.485990020000,0.771415175000,0.238979280000),
double3(0.402313770000,0.731323675000,0.271772750000),
double3(0.314950550000,0.568476560000,0.246512725000),
double3(0.231260585000,0.528373120000,0.279308150000),
double3(0.303740050000,0.667770980000,0.315017950000),
double3(0.415900550000,0.629467600000,0.202702490000),
double3(0.396659100000,0.641802820000,0.311267465000),
double3(0.322981500000,0.655435750000,0.206452950000),
double3(0.039234070000,0.750234870000,0.294823975000),
double3(0.178395400000,0.548001815000,0.220933100000),
double3(0.264726950000,0.592677765000,0.235166150000),
double3(0.452904200000,0.705562000000,0.280583830000),
double3(0.425124600000,0.565711335000,0.364864350000),
double3(0.279138300000,0.678288815000,0.137400580000),
double3(0.420622300000,0.630340450000,0.743124560000),
double3(0.299758800000,0.666298600000,0.774416475000),
double3(0.455141575000,0.584213375000,0.637822600000),
double3(0.265207750000,0.685089275000,0.891705950000),
double3(0.410467265000,0.571157255000,0.501981270000),
double3(0.283529670000,0.579886230000,0.519779190000),
double3(0.251741150000,0.647620750000,0.963203250000),
double3(0.452729950000,0.552736135000,0.568740470000),
double3(0.286513985000,0.640553890000,0.565327340000),
double3(0.401398950000,0.532617645000,0.940608980000),
double3(0.431641220000,0.772471725000,0.756248050000),
double3(0.399649150000,0.826952815000,0.758055550000),
double3(0.373769700000,0.872822950000,0.758935850000),
double3(0.343617230000,0.927005100000,0.759718120000),
double3(0.317727250000,0.972877025000,0.760555625000),
double3(0.285707950000,0.527344525000,0.762270870000),
double3(0.050601385000,0.701703450000,0.777498215000),
double3(0.167031260000,0.596539380000,0.738244830000),
double3(0.004767215000,0.678939165000,0.770233425000),
double3(0.212863875000,0.619300575000,0.745516570000),
double3(0.063562850000,0.602423085000,0.742017580000),
double3(0.154068290000,0.695824600000,0.773724080000),
double3(0.112149180000,0.623743950000,0.748801975000),
double3(0.105483450000,0.674498885000,0.766941100000),
double3(0.348576935000,0.651529090000,0.832581750000),
double3(0.370452525000,0.641216085000,0.685150850000),
double3(0.342935115000,0.632428410000,0.876130670000),
double3(0.371576800000,0.629630460000,0.641503975000),
double3(0.380517100000,0.588294065000,0.890068400000),
double3(0.324224325000,0.645190650000,0.620387750000),
double3(0.371611120000,0.565964685000,0.930109150000),
double3(0.322883700000,0.626451240000,0.581299640000),
double3(0.325983200000,0.588025055000,0.956991075000),
double3(0.368534685000,0.591638245000,0.562889190000),
double3(0.287033450000,0.630063325000,0.942595800000),
double3(0.416527700000,0.578080715000,0.583136970000),
double3(0.295445800000,0.652205170000,0.902297850000),
double3(0.418095700000,0.596844385000,0.622227705000),
double3(0.323977025000,0.575605430000,0.501758120000),
double3(0.370131580000,0.575262030000,0.520249230000),
double3(0.147367435000,0.772076815000,0.801137950000),
double3(0.070259405000,0.526177295000,0.714594800000),
double3(0.206254465000,0.667602550000,0.762776150000),
double3(0.011376630000,0.630645125000,0.752965550000),
double3(0.485990020000,0.771415175000,0.738979280000),
double3(0.402313770000,0.731323675000,0.771772750000),
double3(0.314950550000,0.568476560000,0.746512725000),
double3(0.231260585000,0.528373120000,0.779308150000),
double3(0.303740050000,0.667770980000,0.815017950000),
double3(0.415900550000,0.629467600000,0.702702490000),
double3(0.396659100000,0.641802820000,0.811267465000),
double3(0.322981500000,0.655435750000,0.706452950000),
double3(0.039234070000,0.750234870000,0.794823975000),
double3(0.178395400000,0.548001815000,0.720933100000),
double3(0.264726950000,0.592677765000,0.735166150000),
double3(0.452904200000,0.705562000000,0.780583830000),
double3(0.425124600000,0.565711335000,0.864864350000),
double3(0.279138300000,0.678288815000,0.637400580000),
double3(0.920622300000,0.130340450000,0.243124560000),
double3(0.799758800000,0.166298600000,0.274416475000),
double3(0.955141575000,0.084213375000,0.137822600000),
double3(0.765207750000,0.185089275000,0.391705950000),
double3(0.910467265000,0.071157255000,0.001981270000),
double3(0.783529670000,0.079886230000,0.019779190000),
double3(0.751741150000,0.147620750000,0.463203250000),
double3(0.952729950000,0.052736135000,0.068740470000),
double3(0.786513985000,0.140553890000,0.065327340000),
double3(0.901398950000,0.032617645000,0.440608980000),
double3(0.931641220000,0.272471725000,0.256248050000),
double3(0.899649150000,0.326952815000,0.258055550000),
double3(0.873769700000,0.372822950000,0.258935850000),
double3(0.843617230000,0.427005100000,0.259718120000),
double3(0.817727250000,0.472877025000,0.260555625000),
double3(0.785707950000,0.027344525000,0.262270870000),
double3(0.550601385000,0.201703450000,0.277498215000),
double3(0.667031260000,0.096539380000,0.238244830000),
double3(0.504767215000,0.178939165000,0.270233425000),
double3(0.712863875000,0.119300575000,0.245516570000),
double3(0.563562850000,0.102423085000,0.242017580000),
double3(0.654068290000,0.195824600000,0.273724080000),
double3(0.612149180000,0.123743950000,0.248801975000),
double3(0.605483450000,0.174498885000,0.266941100000),
double3(0.848576935000,0.151529090000,0.332581750000),
double3(0.870452525000,0.141216085000,0.185150850000),
double3(0.842935115000,0.132428410000,0.376130670000),
double3(0.871576800000,0.129630460000,0.141503975000),
double3(0.880517100000,0.088294065000,0.390068400000),
double3(0.824224325000,0.145190650000,0.120387750000),
double3(0.871611120000,0.065964685000,0.430109150000),
double3(0.822883700000,0.126451240000,0.081299640000),
double3(0.825983200000,0.088025055000,0.456991075000),
double3(0.868534685000,0.091638245000,0.062889190000),
double3(0.787033450000,0.130063325000,0.442595800000),
double3(0.916527700000,0.078080715000,0.083136970000),
double3(0.795445800000,0.152205170000,0.402297850000),
double3(0.918095700000,0.096844385000,0.122227705000),
double3(0.823977025000,0.075605430000,0.001758120000),
double3(0.870131580000,0.075262030000,0.020249230000),
double3(0.647367435000,0.272076815000,0.301137950000),
double3(0.570259405000,0.026177295000,0.214594800000),
double3(0.706254465000,0.167602550000,0.262776150000),
double3(0.511376630000,0.130645125000,0.252965550000),
double3(0.985990020000,0.271415175000,0.238979280000),
double3(0.902313770000,0.231323675000,0.271772750000),
double3(0.814950550000,0.068476560000,0.246512725000),
double3(0.731260585000,0.028373120000,0.279308150000),
double3(0.803740050000,0.167770980000,0.315017950000),
double3(0.915900550000,0.129467600000,0.202702490000),
double3(0.896659100000,0.141802820000,0.311267465000),
double3(0.822981500000,0.155435750000,0.206452950000),
double3(0.539234070000,0.250234870000,0.294823975000),
double3(0.678395400000,0.048001815000,0.220933100000),
double3(0.764726950000,0.092677765000,0.235166150000),
double3(0.952904200000,0.205562000000,0.280583830000),
double3(0.925124600000,0.065711335000,0.364864350000),
double3(0.779138300000,0.178288815000,0.137400580000),
double3(0.920622300000,0.130340450000,0.743124560000),
double3(0.799758800000,0.166298600000,0.774416475000),
double3(0.955141575000,0.084213375000,0.637822600000),
double3(0.765207750000,0.185089275000,0.891705950000),
double3(0.910467265000,0.071157255000,0.501981270000),
double3(0.783529670000,0.079886230000,0.519779190000),
double3(0.751741150000,0.147620750000,0.963203250000),
double3(0.952729950000,0.052736135000,0.568740470000),
double3(0.786513985000,0.140553890000,0.565327340000),
double3(0.901398950000,0.032617645000,0.940608980000),
double3(0.931641220000,0.272471725000,0.756248050000),
double3(0.899649150000,0.326952815000,0.758055550000),
double3(0.873769700000,0.372822950000,0.758935850000),
double3(0.843617230000,0.427005100000,0.759718120000),
double3(0.817727250000,0.472877025000,0.760555625000),
double3(0.785707950000,0.027344525000,0.762270870000),
double3(0.550601385000,0.201703450000,0.777498215000),
double3(0.667031260000,0.096539380000,0.738244830000),
double3(0.504767215000,0.178939165000,0.770233425000),
double3(0.712863875000,0.119300575000,0.745516570000),
double3(0.563562850000,0.102423085000,0.742017580000),
double3(0.654068290000,0.195824600000,0.773724080000),
double3(0.612149180000,0.123743950000,0.748801975000),
double3(0.605483450000,0.174498885000,0.766941100000),
double3(0.848576935000,0.151529090000,0.832581750000),
double3(0.870452525000,0.141216085000,0.685150850000),
double3(0.842935115000,0.132428410000,0.876130670000),
double3(0.871576800000,0.129630460000,0.641503975000),
double3(0.880517100000,0.088294065000,0.890068400000),
double3(0.824224325000,0.145190650000,0.620387750000),
double3(0.871611120000,0.065964685000,0.930109150000),
double3(0.822883700000,0.126451240000,0.581299640000),
double3(0.825983200000,0.088025055000,0.956991075000),
double3(0.868534685000,0.091638245000,0.562889190000),
double3(0.787033450000,0.130063325000,0.942595800000),
double3(0.916527700000,0.078080715000,0.583136970000),
double3(0.795445800000,0.152205170000,0.902297850000),
double3(0.918095700000,0.096844385000,0.622227705000),
double3(0.823977025000,0.075605430000,0.501758120000),
double3(0.870131580000,0.075262030000,0.520249230000),
double3(0.647367435000,0.272076815000,0.801137950000),
double3(0.570259405000,0.026177295000,0.714594800000),
double3(0.706254465000,0.167602550000,0.762776150000),
double3(0.511376630000,0.130645125000,0.752965550000),
double3(0.985990020000,0.271415175000,0.738979280000),
double3(0.902313770000,0.231323675000,0.771772750000),
double3(0.814950550000,0.068476560000,0.746512725000),
double3(0.731260585000,0.028373120000,0.779308150000),
double3(0.803740050000,0.167770980000,0.815017950000),
double3(0.915900550000,0.129467600000,0.702702490000),
double3(0.896659100000,0.141802820000,0.811267465000),
double3(0.822981500000,0.155435750000,0.706452950000),
double3(0.539234070000,0.250234870000,0.794823975000),
double3(0.678395400000,0.048001815000,0.720933100000),
double3(0.764726950000,0.092677765000,0.735166150000),
double3(0.952904200000,0.205562000000,0.780583830000),
double3(0.925124600000,0.065711335000,0.864864350000),
double3(0.779138300000,0.178288815000,0.637400580000),
double3(0.920622300000,0.630340450000,0.243124560000),
double3(0.799758800000,0.666298600000,0.274416475000),
double3(0.955141575000,0.584213375000,0.137822600000),
double3(0.765207750000,0.685089275000,0.391705950000),
double3(0.910467265000,0.571157255000,0.001981270000),
double3(0.783529670000,0.579886230000,0.019779190000),
double3(0.751741150000,0.647620750000,0.463203250000),
double3(0.952729950000,0.552736135000,0.068740470000),
double3(0.786513985000,0.640553890000,0.065327340000),
double3(0.901398950000,0.532617645000,0.440608980000),
double3(0.931641220000,0.772471725000,0.256248050000),
double3(0.899649150000,0.826952815000,0.258055550000),
double3(0.873769700000,0.872822950000,0.258935850000),
double3(0.843617230000,0.927005100000,0.259718120000),
double3(0.817727250000,0.972877025000,0.260555625000),
double3(0.785707950000,0.527344525000,0.262270870000),
double3(0.550601385000,0.701703450000,0.277498215000),
double3(0.667031260000,0.596539380000,0.238244830000),
double3(0.504767215000,0.678939165000,0.270233425000),
double3(0.712863875000,0.619300575000,0.245516570000),
double3(0.563562850000,0.602423085000,0.242017580000),
double3(0.654068290000,0.695824600000,0.273724080000),
double3(0.612149180000,0.623743950000,0.248801975000),
double3(0.605483450000,0.674498885000,0.266941100000),
double3(0.848576935000,0.651529090000,0.332581750000),
double3(0.870452525000,0.641216085000,0.185150850000),
double3(0.842935115000,0.632428410000,0.376130670000),
double3(0.871576800000,0.629630460000,0.141503975000),
double3(0.880517100000,0.588294065000,0.390068400000),
double3(0.824224325000,0.645190650000,0.120387750000),
double3(0.871611120000,0.565964685000,0.430109150000),
double3(0.822883700000,0.626451240000,0.081299640000),
double3(0.825983200000,0.588025055000,0.456991075000),
double3(0.868534685000,0.591638245000,0.062889190000),
double3(0.787033450000,0.630063325000,0.442595800000),
double3(0.916527700000,0.578080715000,0.083136970000),
double3(0.795445800000,0.652205170000,0.402297850000),
double3(0.918095700000,0.596844385000,0.122227705000),
double3(0.823977025000,0.575605430000,0.001758120000),
double3(0.870131580000,0.575262030000,0.020249230000),
double3(0.647367435000,0.772076815000,0.301137950000),
double3(0.570259405000,0.526177295000,0.214594800000),
double3(0.706254465000,0.667602550000,0.262776150000),
double3(0.511376630000,0.630645125000,0.252965550000),
double3(0.985990020000,0.771415175000,0.238979280000),
double3(0.902313770000,0.731323675000,0.271772750000),
double3(0.814950550000,0.568476560000,0.246512725000),
double3(0.731260585000,0.528373120000,0.279308150000),
double3(0.803740050000,0.667770980000,0.315017950000),
double3(0.915900550000,0.629467600000,0.202702490000),
double3(0.896659100000,0.641802820000,0.311267465000),
double3(0.822981500000,0.655435750000,0.206452950000),
double3(0.539234070000,0.750234870000,0.294823975000),
double3(0.678395400000,0.548001815000,0.220933100000),
double3(0.764726950000,0.592677765000,0.235166150000),
double3(0.952904200000,0.705562000000,0.280583830000),
double3(0.925124600000,0.565711335000,0.364864350000),
double3(0.779138300000,0.678288815000,0.137400580000),
double3(0.920622300000,0.630340450000,0.743124560000),
double3(0.799758800000,0.666298600000,0.774416475000),
double3(0.955141575000,0.584213375000,0.637822600000),
double3(0.765207750000,0.685089275000,0.891705950000),
double3(0.910467265000,0.571157255000,0.501981270000),
double3(0.783529670000,0.579886230000,0.519779190000),
double3(0.751741150000,0.647620750000,0.963203250000),
double3(0.952729950000,0.552736135000,0.568740470000),
double3(0.786513985000,0.640553890000,0.565327340000),
double3(0.901398950000,0.532617645000,0.940608980000),
double3(0.931641220000,0.772471725000,0.756248050000),
double3(0.899649150000,0.826952815000,0.758055550000),
double3(0.873769700000,0.872822950000,0.758935850000),
double3(0.843617230000,0.927005100000,0.759718120000),
double3(0.817727250000,0.972877025000,0.760555625000),
double3(0.785707950000,0.527344525000,0.762270870000),
double3(0.550601385000,0.701703450000,0.777498215000),
double3(0.667031260000,0.596539380000,0.738244830000),
double3(0.504767215000,0.678939165000,0.770233425000),
double3(0.712863875000,0.619300575000,0.745516570000),
double3(0.563562850000,0.602423085000,0.742017580000),
double3(0.654068290000,0.695824600000,0.773724080000),
double3(0.612149180000,0.623743950000,0.748801975000),
double3(0.605483450000,0.674498885000,0.766941100000),
double3(0.848576935000,0.651529090000,0.832581750000),
double3(0.870452525000,0.641216085000,0.685150850000),
double3(0.842935115000,0.632428410000,0.876130670000),
double3(0.871576800000,0.629630460000,0.641503975000),
double3(0.880517100000,0.588294065000,0.890068400000),
double3(0.824224325000,0.645190650000,0.620387750000),
double3(0.871611120000,0.565964685000,0.930109150000),
double3(0.822883700000,0.626451240000,0.581299640000),
double3(0.825983200000,0.588025055000,0.956991075000),
double3(0.868534685000,0.591638245000,0.562889190000),
double3(0.787033450000,0.630063325000,0.942595800000),
double3(0.916527700000,0.578080715000,0.583136970000),
double3(0.795445800000,0.652205170000,0.902297850000),
double3(0.918095700000,0.596844385000,0.622227705000),
double3(0.823977025000,0.575605430000,0.501758120000),
double3(0.870131580000,0.575262030000,0.520249230000),
double3(0.647367435000,0.772076815000,0.801137950000),
double3(0.570259405000,0.526177295000,0.714594800000),
double3(0.706254465000,0.667602550000,0.762776150000),
double3(0.511376630000,0.630645125000,0.752965550000),
double3(0.985990020000,0.771415175000,0.738979280000),
double3(0.902313770000,0.731323675000,0.771772750000),
double3(0.814950550000,0.568476560000,0.746512725000),
double3(0.731260585000,0.528373120000,0.779308150000),
double3(0.803740050000,0.667770980000,0.815017950000),
double3(0.915900550000,0.629467600000,0.702702490000),
double3(0.896659100000,0.641802820000,0.811267465000),
double3(0.822981500000,0.655435750000,0.706452950000),
double3(0.539234070000,0.750234870000,0.794823975000),
double3(0.678395400000,0.548001815000,0.720933100000),
double3(0.764726950000,0.592677765000,0.735166150000),
double3(0.952904200000,0.705562000000,0.780583830000),
double3(0.925124600000,0.565711335000,0.864864350000),
double3(0.779138300000,0.678288815000,0.637400580000),
