[double3(7.550053700000,0.000000000000,0.000000000000),double3(1.424179933869,8.656539216669,0.000000000000),double3(0.306717482158,0.459425661394,10.984088656206)]

double3(0.002375145000,0.270467670000,0.112909860000),
double3(0.239110777500,0.083124526667,0.257313753333),
double3(0.239702360000,0.094056110000,0.299157113333),
double3(0.233116305000,0.180708640000,0.122365640000),
double3(0.241970167500,0.325027636667,0.103279473333),
double3(0.221748390000,0.235703776667,0.121103916667),
double3(0.238035277500,0.077120056667,0.221187360000),
double3(0.236615445000,0.069971223333,0.178201443333),
double3(0.240600222500,0.103717110000,0.041445776667),
double3(0.240625640000,0.098741943333,0.002150056667),
double3(0.047046975000,0.251376016667,0.123379610000),
double3(0.126669332500,0.108743056667,0.108476666667),
double3(0.175695390000,0.255200883333,0.119793443333),
double3(0.100381500000,0.069070223333,0.112476526667),
double3(0.116054277500,0.041118640000,0.147650666667),
double3(0.109643110000,0.141750000000,0.076284473333),
double3(0.024080347500,0.155672166667,0.115565610000),
double3(0.054975260000,0.226121973333,0.157906276667),
double3(0.102147250000,0.329646193333,0.148051806667),
double3(0.149456917500,0.239241043333,0.147935806667),
double3(0.160621360000,0.268289906667,0.083756193333),
double3(0.079312115000,0.266415266667,0.102042443333),
double3(0.199039917500,0.155328666667,0.123938666667),
double3(0.022316010000,0.076614110000,0.156832943333),
double3(0.026520107500,0.016890443333,0.097806916667),
double3(0.099472830000,0.063868193333,0.176678860000),
double3(0.200992555000,0.017989640000,0.107538390000),
double3(0.197698167500,0.074039806667,0.160979526667),
double3(0.028921875000,0.102111916667,0.059290640000),
double3(0.124444945000,0.181121943333,0.078742806667),
double3(0.204341610000,0.096682026667,0.062282193333),
double3(0.124105417500,0.122509193333,0.045173526667),
double3(0.037513367500,0.084020333333,0.108336750000),
double3(0.188948695000,0.090655000000,0.111503360000),
double3(0.002375145000,0.270467670000,0.446243193333),
double3(0.239110777500,0.083124526667,0.590647086667),
double3(0.239702360000,0.094056110000,0.632490446667),
double3(0.233116305000,0.180708640000,0.455698973333),
double3(0.241970167500,0.325027636667,0.436612806667),
double3(0.221748390000,0.235703776667,0.454437250000),
double3(0.238035277500,0.077120056667,0.554520693333),
double3(0.236615445000,0.069971223333,0.511534776667),
double3(0.240600222500,0.103717110000,0.374779110000),
double3(0.240625640000,0.098741943333,0.335483390000),
double3(0.047046975000,0.251376016667,0.456712943333),
double3(0.126669332500,0.108743056667,0.441810000000),
double3(0.175695390000,0.255200883333,0.453126776667),
double3(0.100381500000,0.069070223333,0.445809860000),
double3(0.116054277500,0.041118640000,0.480984000000),
double3(0.109643110000,0.141750000000,0.409617806667),
double3(0.024080347500,0.155672166667,0.448898943333),
double3(0.054975260000,0.226121973333,0.491239610000),
double3(0.102147250000,0.329646193333,0.481385140000),
double3(0.149456917500,0.239241043333,0.481269140000),
double3(0.160621360000,0.268289906667,0.417089526667),
double3(0.079312115000,0.266415266667,0.435375776667),
double3(0.199039917500,0.155328666667,0.457272000000),
double3(0.022316010000,0.076614110000,0.490166276667),
double3(0.026520107500,0.016890443333,0.431140250000),
double3(0.099472830000,0.063868193333,0.510012193333),
double3(0.200992555000,0.017989640000,0.440871723333),
double3(0.197698167500,0.074039806667,0.494312860000),
double3(0.028921875000,0.102111916667,0.392623973333),
double3(0.124444945000,0.181121943333,0.412076140000),
double3(0.204341610000,0.096682026667,0.395615526667),
double3(0.124105417500,0.122509193333,0.378506860000),
double3(0.037513367500,0.084020333333,0.441670083333),
double3(0.188948695000,0.090655000000,0.444836693333),
double3(0.002375145000,0.270467670000,0.779576526667),
double3(0.239110777500,0.083124526667,0.923980420000),
double3(0.239702360000,0.094056110000,0.965823780000),
double3(0.233116305000,0.180708640000,0.789032306667),
double3(0.241970167500,0.325027636667,0.769946140000),
double3(0.221748390000,0.235703776667,0.787770583333),
double3(0.238035277500,0.077120056667,0.887854026667),
double3(0.236615445000,0.069971223333,0.844868110000),
double3(0.240600222500,0.103717110000,0.708112443333),
double3(0.240625640000,0.098741943333,0.668816723333),
double3(0.047046975000,0.251376016667,0.790046276667),
double3(0.126669332500,0.108743056667,0.775143333333),
double3(0.175695390000,0.255200883333,0.786460110000),
double3(0.100381500000,0.069070223333,0.779143193333),
double3(0.116054277500,0.041118640000,0.814317333333),
double3(0.109643110000,0.141750000000,0.742951140000),
double3(0.024080347500,0.155672166667,0.782232276667),
double3(0.054975260000,0.226121973333,0.824572943333),
double3(0.102147250000,0.329646193333,0.814718473333),
double3(0.149456917500,0.239241043333,0.814602473333),
double3(0.160621360000,0.268289906667,0.750422860000),
double3(0.079312115000,0.266415266667,0.768709110000),
double3(0.199039917500,0.155328666667,0.790605333333),
double3(0.022316010000,0.076614110000,0.823499610000),
double3(0.026520107500,0.016890443333,0.764473583333),
double3(0.099472830000,0.063868193333,0.843345526667),
double3(0.200992555000,0.017989640000,0.774205056667),
double3(0.197698167500,0.074039806667,0.827646193333),
double3(0.028921875000,0.102111916667,0.725957306667),
double3(0.124444945000,0.181121943333,0.745409473333),
double3(0.204341610000,0.096682026667,0.728948860000),
double3(0.124105417500,0.122509193333,0.711840193333),
double3(0.037513367500,0.084020333333,0.775003416667),
double3(0.188948695000,0.090655000000,0.778170026667),
double3(0.002375145000,0.603801003333,0.112909860000),
double3(0.239110777500,0.416457860000,0.257313753333),
double3(0.239702360000,0.427389443333,0.299157113333),
double3(0.233116305000,0.514041973333,0.122365640000),
double3(0.241970167500,0.658360970000,0.103279473333),
double3(0.221748390000,0.569037110000,0.121103916667),
double3(0.238035277500,0.410453390000,0.221187360000),
double3(0.236615445000,0.403304556667,0.178201443333),
double3(0.240600222500,0.437050443333,0.041445776667),
double3(0.240625640000,0.432075276667,0.002150056667),
double3(0.047046975000,0.584709350000,0.123379610000),
double3(0.126669332500,0.442076390000,0.108476666667),
double3(0.175695390000,0.588534216667,0.119793443333),
double3(0.100381500000,0.402403556667,0.112476526667),
double3(0.116054277500,0.374451973333,0.147650666667),
double3(0.109643110000,0.475083333333,0.076284473333),
double3(0.024080347500,0.489005500000,0.115565610000),
double3(0.054975260000,0.559455306667,0.157906276667),
double3(0.102147250000,0.662979526667,0.148051806667),
double3(0.149456917500,0.572574376667,0.147935806667),
double3(0.160621360000,0.601623240000,0.083756193333),
double3(0.079312115000,0.599748600000,0.102042443333),
double3(0.199039917500,0.488662000000,0.123938666667),
double3(0.022316010000,0.409947443333,0.156832943333),
double3(0.026520107500,0.350223776667,0.097806916667),
double3(0.099472830000,0.397201526667,0.176678860000),
double3(0.200992555000,0.351322973333,0.107538390000),
double3(0.197698167500,0.407373140000,0.160979526667),
double3(0.028921875000,0.435445250000,0.059290640000),
double3(0.124444945000,0.514455276667,0.078742806667),
double3(0.204341610000,0.430015360000,0.062282193333),
double3(0.124105417500,0.455842526667,0.045173526667),
double3(0.037513367500,0.417353666667,0.108336750000),
double3(0.188948695000,0.423988333333,0.111503360000),
double3(0.002375145000,0.603801003333,0.446243193333),
double3(0.239110777500,0.416457860000,0.590647086667),
double3(0.239702360000,0.427389443333,0.632490446667),
double3(0.233116305000,0.514041973333,0.455698973333),
double3(0.241970167500,0.658360970000,0.436612806667),
double3(0.221748390000,0.569037110000,0.454437250000),
double3(0.238035277500,0.410453390000,0.554520693333),
double3(0.236615445000,0.403304556667,0.511534776667),
double3(0.240600222500,0.437050443333,0.374779110000),
double3(0.240625640000,0.432075276667,0.335483390000),
double3(0.047046975000,0.584709350000,0.456712943333),
double3(0.126669332500,0.442076390000,0.441810000000),
double3(0.175695390000,0.588534216667,0.453126776667),
double3(0.100381500000,0.402403556667,0.445809860000),
double3(0.116054277500,0.374451973333,0.480984000000),
double3(0.109643110000,0.475083333333,0.409617806667),
double3(0.024080347500,0.489005500000,0.448898943333),
double3(0.054975260000,0.559455306667,0.491239610000),
double3(0.102147250000,0.662979526667,0.481385140000),
double3(0.149456917500,0.572574376667,0.481269140000),
double3(0.160621360000,0.601623240000,0.417089526667),
double3(0.079312115000,0.599748600000,0.435375776667),
double3(0.199039917500,0.488662000000,0.457272000000),
double3(0.022316010000,0.409947443333,0.490166276667),
double3(0.026520107500,0.350223776667,0.431140250000),
double3(0.099472830000,0.397201526667,0.510012193333),
double3(0.200992555000,0.351322973333,0.440871723333),
double3(0.197698167500,0.407373140000,0.494312860000),
double3(0.028921875000,0.435445250000,0.392623973333),
double3(0.124444945000,0.514455276667,0.412076140000),
double3(0.204341610000,0.430015360000,0.395615526667),
double3(0.124105417500,0.455842526667,0.378506860000),
double3(0.037513367500,0.417353666667,0.441670083333),
double3(0.188948695000,0.423988333333,0.444836693333),
double3(0.002375145000,0.603801003333,0.779576526667),
double3(0.239110777500,0.416457860000,0.923980420000),
double3(0.239702360000,0.427389443333,0.965823780000),
double3(0.233116305000,0.514041973333,0.789032306667),
double3(0.241970167500,0.658360970000,0.769946140000),
double3(0.221748390000,0.569037110000,0.787770583333),
double3(0.238035277500,0.410453390000,0.887854026667),
double3(0.236615445000,0.403304556667,0.844868110000),
double3(0.240600222500,0.437050443333,0.708112443333),
double3(0.240625640000,0.432075276667,0.668816723333),
double3(0.047046975000,0.584709350000,0.790046276667),
double3(0.126669332500,0.442076390000,0.775143333333),
double3(0.175695390000,0.588534216667,0.786460110000),
double3(0.100381500000,0.402403556667,0.779143193333),
double3(0.116054277500,0.374451973333,0.814317333333),
double3(0.109643110000,0.475083333333,0.742951140000),
double3(0.024080347500,0.489005500000,0.782232276667),
double3(0.054975260000,0.559455306667,0.824572943333),
double3(0.102147250000,0.662979526667,0.814718473333),
double3(0.149456917500,0.572574376667,0.814602473333),
double3(0.160621360000,0.601623240000,0.750422860000),
double3(0.079312115000,0.599748600000,0.768709110000),
double3(0.199039917500,0.488662000000,0.790605333333),
double3(0.022316010000,0.409947443333,0.823499610000),
double3(0.026520107500,0.350223776667,0.764473583333),
double3(0.099472830000,0.397201526667,0.843345526667),
double3(0.200992555000,0.351322973333,0.774205056667),
double3(0.197698167500,0.407373140000,0.827646193333),
double3(0.028921875000,0.435445250000,0.725957306667),
double3(0.124444945000,0.514455276667,0.745409473333),
double3(0.204341610000,0.430015360000,0.728948860000),
double3(0.124105417500,0.455842526667,0.711840193333),
double3(0.037513367500,0.417353666667,0.775003416667),
double3(0.188948695000,0.423988333333,0.778170026667),
double3(0.002375145000,0.937134336667,0.112909860000),
double3(0.239110777500,0.749791193333,0.257313753333),
double3(0.239702360000,0.760722776667,0.299157113333),
double3(0.233116305000,0.847375306667,0.122365640000),
double3(0.241970167500,0.991694303333,0.103279473333),
double3(0.221748390000,0.902370443333,0.121103916667),
double3(0.238035277500,0.743786723333,0.221187360000),
double3(0.236615445000,0.736637890000,0.178201443333),
double3(0.240600222500,0.770383776667,0.041445776667),
double3(0.240625640000,0.765408610000,0.002150056667),
double3(0.047046975000,0.918042683333,0.123379610000),
double3(0.126669332500,0.775409723333,0.108476666667),
double3(0.175695390000,0.921867550000,0.119793443333),
double3(0.100381500000,0.735736890000,0.112476526667),
double3(0.116054277500,0.707785306667,0.147650666667),
double3(0.109643110000,0.808416666667,0.076284473333),
double3(0.024080347500,0.822338833333,0.115565610000),
double3(0.054975260000,0.892788640000,0.157906276667),
double3(0.102147250000,0.996312860000,0.148051806667),
double3(0.149456917500,0.905907710000,0.147935806667),
double3(0.160621360000,0.934956573333,0.083756193333),
double3(0.079312115000,0.933081933333,0.102042443333),
double3(0.199039917500,0.821995333333,0.123938666667),
double3(0.022316010000,0.743280776667,0.156832943333),
double3(0.026520107500,0.683557110000,0.097806916667),
double3(0.099472830000,0.730534860000,0.176678860000),
double3(0.200992555000,0.684656306667,0.107538390000),
double3(0.197698167500,0.740706473333,0.160979526667),
double3(0.028921875000,0.768778583333,0.059290640000),
double3(0.124444945000,0.847788610000,0.078742806667),
double3(0.204341610000,0.763348693333,0.062282193333),
double3(0.124105417500,0.789175860000,0.045173526667),
double3(0.037513367500,0.750687000000,0.108336750000),
double3(0.188948695000,0.757321666667,0.111503360000),
double3(0.002375145000,0.937134336667,0.446243193333),
double3(0.239110777500,0.749791193333,0.590647086667),
double3(0.239702360000,0.760722776667,0.632490446667),
double3(0.233116305000,0.847375306667,0.455698973333),
double3(0.241970167500,0.991694303333,0.436612806667),
double3(0.221748390000,0.902370443333,0.454437250000),
double3(0.238035277500,0.743786723333,0.554520693333),
double3(0.236615445000,0.736637890000,0.511534776667),
double3(0.240600222500,0.770383776667,0.374779110000),
double3(0.240625640000,0.765408610000,0.335483390000),
double3(0.047046975000,0.918042683333,0.456712943333),
double3(0.126669332500,0.775409723333,0.441810000000),
double3(0.175695390000,0.921867550000,0.453126776667),
double3(0.100381500000,0.735736890000,0.445809860000),
double3(0.116054277500,0.707785306667,0.480984000000),
double3(0.109643110000,0.808416666667,0.409617806667),
double3(0.024080347500,0.822338833333,0.448898943333),
double3(0.054975260000,0.892788640000,0.491239610000),
double3(0.102147250000,0.996312860000,0.481385140000),
double3(0.149456917500,0.905907710000,0.481269140000),
double3(0.160621360000,0.934956573333,0.417089526667),
double3(0.079312115000,0.933081933333,0.435375776667),
double3(0.199039917500,0.821995333333,0.457272000000),
double3(0.022316010000,0.743280776667,0.490166276667),
double3(0.026520107500,0.683557110000,0.431140250000),
double3(0.099472830000,0.730534860000,0.510012193333),
double3(0.200992555000,0.684656306667,0.440871723333),
double3(0.197698167500,0.740706473333,0.494312860000),
double3(0.028921875000,0.768778583333,0.392623973333),
double3(0.124444945000,0.847788610000,0.412076140000),
double3(0.204341610000,0.763348693333,0.395615526667),
double3(0.124105417500,0.789175860000,0.378506860000),
double3(0.037513367500,0.750687000000,0.441670083333),
double3(0.188948695000,0.757321666667,0.444836693333),
double3(0.002375145000,0.937134336667,0.779576526667),
double3(0.239110777500,0.749791193333,0.923980420000),
double3(0.239702360000,0.760722776667,0.965823780000),
double3(0.233116305000,0.847375306667,0.789032306667),
double3(0.241970167500,0.991694303333,0.769946140000),
double3(0.221748390000,0.902370443333,0.787770583333),
double3(0.238035277500,0.743786723333,0.887854026667),
double3(0.236615445000,0.736637890000,0.844868110000),
double3(0.240600222500,0.770383776667,0.708112443333),
double3(0.240625640000,0.765408610000,0.668816723333),
double3(0.047046975000,0.918042683333,0.790046276667),
double3(0.126669332500,0.775409723333,0.775143333333),
double3(0.175695390000,0.921867550000,0.786460110000),
double3(0.100381500000,0.735736890000,0.779143193333),
double3(0.116054277500,0.707785306667,0.814317333333),
double3(0.109643110000,0.808416666667,0.742951140000),
double3(0.024080347500,0.822338833333,0.782232276667),
double3(0.054975260000,0.892788640000,0.824572943333),
double3(0.102147250000,0.996312860000,0.814718473333),
double3(0.149456917500,0.905907710000,0.814602473333),
double3(0.160621360000,0.934956573333,0.750422860000),
double3(0.079312115000,0.933081933333,0.768709110000),
double3(0.199039917500,0.821995333333,0.790605333333),
double3(0.022316010000,0.743280776667,0.823499610000),
double3(0.026520107500,0.683557110000,0.764473583333),
double3(0.099472830000,0.730534860000,0.843345526667),
double3(0.200992555000,0.684656306667,0.774205056667),
double3(0.197698167500,0.740706473333,0.827646193333),
double3(0.028921875000,0.768778583333,0.725957306667),
double3(0.124444945000,0.847788610000,0.745409473333),
double3(0.204341610000,0.763348693333,0.728948860000),
double3(0.124105417500,0.789175860000,0.711840193333),
double3(0.037513367500,0.750687000000,0.775003416667),
double3(0.188948695000,0.757321666667,0.778170026667),
double3(0.252375145000,0.270467670000,0.112909860000),
double3(0.489110777500,0.083124526667,0.257313753333),
double3(0.489702360000,0.094056110000,0.299157113333),
double3(0.483116305000,0.180708640000,0.122365640000),
double3(0.491970167500,0.325027636667,0.103279473333),
double3(0.471748390000,0.235703776667,0.121103916667),
double3(0.488035277500,0.077120056667,0.221187360000),
double3(0.486615445000,0.069971223333,0.178201443333),
double3(0.490600222500,0.103717110000,0.041445776667),
double3(0.490625640000,0.098741943333,0.002150056667),
double3(0.297046975000,0.251376016667,0.123379610000),
double3(0.376669332500,0.108743056667,0.108476666667),
double3(0.425695390000,0.255200883333,0.119793443333),
double3(0.350381500000,0.069070223333,0.112476526667),
double3(0.366054277500,0.041118640000,0.147650666667),
double3(0.359643110000,0.141750000000,0.076284473333),
double3(0.274080347500,0.155672166667,0.115565610000),
double3(0.304975260000,0.226121973333,0.157906276667),
double3(0.352147250000,0.329646193333,0.148051806667),
double3(0.399456917500,0.239241043333,0.147935806667),
double3(0.410621360000,0.268289906667,0.083756193333),
double3(0.329312115000,0.266415266667,0.102042443333),
double3(0.449039917500,0.155328666667,0.123938666667),
double3(0.272316010000,0.076614110000,0.156832943333),
double3(0.276520107500,0.016890443333,0.097806916667),
double3(0.349472830000,0.063868193333,0.176678860000),
double3(0.450992555000,0.017989640000,0.107538390000),
double3(0.447698167500,0.074039806667,0.160979526667),
double3(0.278921875000,0.102111916667,0.059290640000),
double3(0.374444945000,0.181121943333,0.078742806667),
double3(0.454341610000,0.096682026667,0.062282193333),
double3(0.374105417500,0.122509193333,0.045173526667),
double3(0.287513367500,0.084020333333,0.108336750000),
double3(0.438948695000,0.090655000000,0.111503360000),
double3(0.252375145000,0.270467670000,0.446243193333),
double3(0.489110777500,0.083124526667,0.590647086667),
double3(0.489702360000,0.094056110000,0.632490446667),
double3(0.483116305000,0.180708640000,0.455698973333),
double3(0.491970167500,0.325027636667,0.436612806667),
double3(0.471748390000,0.235703776667,0.454437250000),
double3(0.488035277500,0.077120056667,0.554520693333),
double3(0.486615445000,0.069971223333,0.511534776667),
double3(0.490600222500,0.103717110000,0.374779110000),
double3(0.490625640000,0.098741943333,0.335483390000),
double3(0.297046975000,0.251376016667,0.456712943333),
double3(0.376669332500,0.108743056667,0.441810000000),
double3(0.425695390000,0.255200883333,0.453126776667),
double3(0.350381500000,0.069070223333,0.445809860000),
double3(0.366054277500,0.041118640000,0.480984000000),
double3(0.359643110000,0.141750000000,0.409617806667),
double3(0.274080347500,0.155672166667,0.448898943333),
double3(0.304975260000,0.226121973333,0.491239610000),
double3(0.352147250000,0.329646193333,0.481385140000),
double3(0.399456917500,0.239241043333,0.481269140000),
double3(0.410621360000,0.268289906667,0.417089526667),
double3(0.329312115000,0.266415266667,0.435375776667),
double3(0.449039917500,0.155328666667,0.457272000000),
double3(0.272316010000,0.076614110000,0.490166276667),
double3(0.276520107500,0.016890443333,0.431140250000),
double3(0.349472830000,0.063868193333,0.510012193333),
double3(0.450992555000,0.017989640000,0.440871723333),
double3(0.447698167500,0.074039806667,0.494312860000),
double3(0.278921875000,0.102111916667,0.392623973333),
double3(0.374444945000,0.181121943333,0.412076140000),
double3(0.454341610000,0.096682026667,0.395615526667),
double3(0.374105417500,0.122509193333,0.378506860000),
double3(0.287513367500,0.084020333333,0.441670083333),
double3(0.438948695000,0.090655000000,0.444836693333),
double3(0.252375145000,0.270467670000,0.779576526667),
double3(0.489110777500,0.083124526667,0.923980420000),
double3(0.489702360000,0.094056110000,0.965823780000),
double3(0.483116305000,0.180708640000,0.789032306667),
double3(0.491970167500,0.325027636667,0.769946140000),
double3(0.471748390000,0.235703776667,0.787770583333),
double3(0.488035277500,0.077120056667,0.887854026667),
double3(0.486615445000,0.069971223333,0.844868110000),
double3(0.490600222500,0.103717110000,0.708112443333),
double3(0.490625640000,0.098741943333,0.668816723333),
double3(0.297046975000,0.251376016667,0.790046276667),
double3(0.376669332500,0.108743056667,0.775143333333),
double3(0.425695390000,0.255200883333,0.786460110000),
double3(0.350381500000,0.069070223333,0.779143193333),
double3(0.366054277500,0.041118640000,0.814317333333),
double3(0.359643110000,0.141750000000,0.742951140000),
double3(0.274080347500,0.155672166667,0.782232276667),
double3(0.304975260000,0.226121973333,0.824572943333),
double3(0.352147250000,0.329646193333,0.814718473333),
double3(0.399456917500,0.239241043333,0.814602473333),
double3(0.410621360000,0.268289906667,0.750422860000),
double3(0.329312115000,0.266415266667,0.768709110000),
double3(0.449039917500,0.155328666667,0.790605333333),
double3(0.272316010000,0.076614110000,0.823499610000),
double3(0.276520107500,0.016890443333,0.764473583333),
double3(0.349472830000,0.063868193333,0.843345526667),
double3(0.450992555000,0.017989640000,0.774205056667),
double3(0.447698167500,0.074039806667,0.827646193333),
double3(0.278921875000,0.102111916667,0.725957306667),
double3(0.374444945000,0.181121943333,0.745409473333),
double3(0.454341610000,0.096682026667,0.728948860000),
double3(0.374105417500,0.122509193333,0.711840193333),
double3(0.287513367500,0.084020333333,0.775003416667),
double3(0.438948695000,0.090655000000,0.778170026667),
double3(0.252375145000,0.603801003333,0.112909860000),
double3(0.489110777500,0.416457860000,0.257313753333),
double3(0.489702360000,0.427389443333,0.299157113333),
double3(0.483116305000,0.514041973333,0.122365640000),
double3(0.491970167500,0.658360970000,0.103279473333),
double3(0.471748390000,0.569037110000,0.121103916667),
double3(0.488035277500,0.410453390000,0.221187360000),
double3(0.486615445000,0.403304556667,0.178201443333),
double3(0.490600222500,0.437050443333,0.041445776667),
double3(0.490625640000,0.432075276667,0.002150056667),
double3(0.297046975000,0.584709350000,0.123379610000),
double3(0.376669332500,0.442076390000,0.108476666667),
double3(0.425695390000,0.588534216667,0.119793443333),
double3(0.350381500000,0.402403556667,0.112476526667),
double3(0.366054277500,0.374451973333,0.147650666667),
double3(0.359643110000,0.475083333333,0.076284473333),
double3(0.274080347500,0.489005500000,0.115565610000),
double3(0.304975260000,0.559455306667,0.157906276667),
double3(0.352147250000,0.662979526667,0.148051806667),
double3(0.399456917500,0.572574376667,0.147935806667),
double3(0.410621360000,0.601623240000,0.083756193333),
double3(0.329312115000,0.599748600000,0.102042443333),
double3(0.449039917500,0.488662000000,0.123938666667),
double3(0.272316010000,0.409947443333,0.156832943333),
double3(0.276520107500,0.350223776667,0.097806916667),
double3(0.349472830000,0.397201526667,0.176678860000),
double3(0.450992555000,0.351322973333,0.107538390000),
double3(0.447698167500,0.407373140000,0.160979526667),
double3(0.278921875000,0.435445250000,0.059290640000),
double3(0.374444945000,0.514455276667,0.078742806667),
double3(0.454341610000,0.430015360000,0.062282193333),
double3(0.374105417500,0.455842526667,0.045173526667),
double3(0.287513367500,0.417353666667,0.108336750000),
double3(0.438948695000,0.423988333333,0.111503360000),
double3(0.252375145000,0.603801003333,0.446243193333),
double3(0.489110777500,0.416457860000,0.590647086667),
double3(0.489702360000,0.427389443333,0.632490446667),
double3(0.483116305000,0.514041973333,0.455698973333),
double3(0.491970167500,0.658360970000,0.436612806667),
double3(0.471748390000,0.569037110000,0.454437250000),
double3(0.488035277500,0.410453390000,0.554520693333),
double3(0.486615445000,0.403304556667,0.511534776667),
double3(0.490600222500,0.437050443333,0.374779110000),
double3(0.490625640000,0.432075276667,0.335483390000),
double3(0.297046975000,0.584709350000,0.456712943333),
double3(0.376669332500,0.442076390000,0.441810000000),
double3(0.425695390000,0.588534216667,0.453126776667),
double3(0.350381500000,0.402403556667,0.445809860000),
double3(0.366054277500,0.374451973333,0.480984000000),
double3(0.359643110000,0.475083333333,0.409617806667),
double3(0.274080347500,0.489005500000,0.448898943333),
double3(0.304975260000,0.559455306667,0.491239610000),
double3(0.352147250000,0.662979526667,0.481385140000),
double3(0.399456917500,0.572574376667,0.481269140000),
double3(0.410621360000,0.601623240000,0.417089526667),
double3(0.329312115000,0.599748600000,0.435375776667),
double3(0.449039917500,0.488662000000,0.457272000000),
double3(0.272316010000,0.409947443333,0.490166276667),
double3(0.276520107500,0.350223776667,0.431140250000),
double3(0.349472830000,0.397201526667,0.510012193333),
double3(0.450992555000,0.351322973333,0.440871723333),
double3(0.447698167500,0.407373140000,0.494312860000),
double3(0.278921875000,0.435445250000,0.392623973333),
double3(0.374444945000,0.514455276667,0.412076140000),
double3(0.454341610000,0.430015360000,0.395615526667),
double3(0.374105417500,0.455842526667,0.378506860000),
double3(0.287513367500,0.417353666667,0.441670083333),
double3(0.438948695000,0.423988333333,0.444836693333),
double3(0.252375145000,0.603801003333,0.779576526667),
double3(0.489110777500,0.416457860000,0.923980420000),
double3(0.489702360000,0.427389443333,0.965823780000),
double3(0.483116305000,0.514041973333,0.789032306667),
double3(0.491970167500,0.658360970000,0.769946140000),
double3(0.471748390000,0.569037110000,0.787770583333),
double3(0.488035277500,0.410453390000,0.887854026667),
double3(0.486615445000,0.403304556667,0.844868110000),
double3(0.490600222500,0.437050443333,0.708112443333),
double3(0.490625640000,0.432075276667,0.668816723333),
double3(0.297046975000,0.584709350000,0.790046276667),
double3(0.376669332500,0.442076390000,0.775143333333),
double3(0.425695390000,0.588534216667,0.786460110000),
double3(0.350381500000,0.402403556667,0.779143193333),
double3(0.366054277500,0.374451973333,0.814317333333),
double3(0.359643110000,0.475083333333,0.742951140000),
double3(0.274080347500,0.489005500000,0.782232276667),
double3(0.304975260000,0.559455306667,0.824572943333),
double3(0.352147250000,0.662979526667,0.814718473333),
double3(0.399456917500,0.572574376667,0.814602473333),
double3(0.410621360000,0.601623240000,0.750422860000),
double3(0.329312115000,0.599748600000,0.768709110000),
double3(0.449039917500,0.488662000000,0.790605333333),
double3(0.272316010000,0.409947443333,0.823499610000),
double3(0.276520107500,0.350223776667,0.764473583333),
double3(0.349472830000,0.397201526667,0.843345526667),
double3(0.450992555000,0.351322973333,0.774205056667),
double3(0.447698167500,0.407373140000,0.827646193333),
double3(0.278921875000,0.435445250000,0.725957306667),
double3(0.374444945000,0.514455276667,0.745409473333),
double3(0.454341610000,0.430015360000,0.728948860000),
double3(0.374105417500,0.455842526667,0.711840193333),
double3(0.287513367500,0.417353666667,0.775003416667),
double3(0.438948695000,0.423988333333,0.778170026667),
double3(0.252375145000,0.937134336667,0.112909860000),
double3(0.489110777500,0.749791193333,0.257313753333),
double3(0.489702360000,0.760722776667,0.299157113333),
double3(0.483116305000,0.847375306667,0.122365640000),
double3(0.491970167500,0.991694303333,0.103279473333),
double3(0.471748390000,0.902370443333,0.121103916667),
double3(0.488035277500,0.743786723333,0.221187360000),
double3(0.486615445000,0.736637890000,0.178201443333),
double3(0.490600222500,0.770383776667,0.041445776667),
double3(0.490625640000,0.765408610000,0.002150056667),
double3(0.297046975000,0.918042683333,0.123379610000),
double3(0.376669332500,0.775409723333,0.108476666667),
double3(0.425695390000,0.921867550000,0.119793443333),
double3(0.350381500000,0.735736890000,0.112476526667),
double3(0.366054277500,0.707785306667,0.147650666667),
double3(0.359643110000,0.808416666667,0.076284473333),
double3(0.274080347500,0.822338833333,0.115565610000),
double3(0.304975260000,0.892788640000,0.157906276667),
double3(0.352147250000,0.996312860000,0.148051806667),
double3(0.399456917500,0.905907710000,0.147935806667),
double3(0.410621360000,0.934956573333,0.083756193333),
double3(0.329312115000,0.933081933333,0.102042443333),
double3(0.449039917500,0.821995333333,0.123938666667),
double3(0.272316010000,0.743280776667,0.156832943333),
double3(0.276520107500,0.683557110000,0.097806916667),
double3(0.349472830000,0.730534860000,0.176678860000),
double3(0.450992555000,0.684656306667,0.107538390000),
double3(0.447698167500,0.740706473333,0.160979526667),
double3(0.278921875000,0.768778583333,0.059290640000),
double3(0.374444945000,0.847788610000,0.078742806667),
double3(0.454341610000,0.763348693333,0.062282193333),
double3(0.374105417500,0.789175860000,0.045173526667),
double3(0.287513367500,0.750687000000,0.108336750000),
double3(0.438948695000,0.757321666667,0.111503360000),
double3(0.252375145000,0.937134336667,0.446243193333),
double3(0.489110777500,0.749791193333,0.590647086667),
double3(0.489702360000,0.760722776667,0.632490446667),
double3(0.483116305000,0.847375306667,0.455698973333),
double3(0.491970167500,0.991694303333,0.436612806667),
double3(0.471748390000,0.902370443333,0.454437250000),
double3(0.488035277500,0.743786723333,0.554520693333),
double3(0.486615445000,0.736637890000,0.511534776667),
double3(0.490600222500,0.770383776667,0.374779110000),
double3(0.490625640000,0.765408610000,0.335483390000),
double3(0.297046975000,0.918042683333,0.456712943333),
double3(0.376669332500,0.775409723333,0.441810000000),
double3(0.425695390000,0.921867550000,0.453126776667),
double3(0.350381500000,0.735736890000,0.445809860000),
double3(0.366054277500,0.707785306667,0.480984000000),
double3(0.359643110000,0.808416666667,0.409617806667),
double3(0.274080347500,0.822338833333,0.448898943333),
double3(0.304975260000,0.892788640000,0.491239610000),
double3(0.352147250000,0.996312860000,0.481385140000),
double3(0.399456917500,0.905907710000,0.481269140000),
double3(0.410621360000,0.934956573333,0.417089526667),
double3(0.329312115000,0.933081933333,0.435375776667),
double3(0.449039917500,0.821995333333,0.457272000000),
double3(0.272316010000,0.743280776667,0.490166276667),
double3(0.276520107500,0.683557110000,0.431140250000),
double3(0.349472830000,0.730534860000,0.510012193333),
double3(0.450992555000,0.684656306667,0.440871723333),
double3(0.447698167500,0.740706473333,0.494312860000),
double3(0.278921875000,0.768778583333,0.392623973333),
double3(0.374444945000,0.847788610000,0.412076140000),
double3(0.454341610000,0.763348693333,0.395615526667),
double3(0.374105417500,0.789175860000,0.378506860000),
double3(0.287513367500,0.750687000000,0.441670083333),
double3(0.438948695000,0.757321666667,0.444836693333),
double3(0.252375145000,0.937134336667,0.779576526667),
double3(0.489110777500,0.749791193333,0.923980420000),
double3(0.489702360000,0.760722776667,0.965823780000),
double3(0.483116305000,0.847375306667,0.789032306667),
double3(0.491970167500,0.991694303333,0.769946140000),
double3(0.471748390000,0.902370443333,0.787770583333),
double3(0.488035277500,0.743786723333,0.887854026667),
double3(0.486615445000,0.736637890000,0.844868110000),
double3(0.490600222500,0.770383776667,0.708112443333),
double3(0.490625640000,0.765408610000,0.668816723333),
double3(0.297046975000,0.918042683333,0.790046276667),
double3(0.376669332500,0.775409723333,0.775143333333),
double3(0.425695390000,0.921867550000,0.786460110000),
double3(0.350381500000,0.735736890000,0.779143193333),
double3(0.366054277500,0.707785306667,0.814317333333),
double3(0.359643110000,0.808416666667,0.742951140000),
double3(0.274080347500,0.822338833333,0.782232276667),
double3(0.304975260000,0.892788640000,0.824572943333),
double3(0.352147250000,0.996312860000,0.814718473333),
double3(0.399456917500,0.905907710000,0.814602473333),
double3(0.410621360000,0.934956573333,0.750422860000),
double3(0.329312115000,0.933081933333,0.768709110000),
double3(0.449039917500,0.821995333333,0.790605333333),
double3(0.272316010000,0.743280776667,0.823499610000),
double3(0.276520107500,0.683557110000,0.764473583333),
double3(0.349472830000,0.730534860000,0.843345526667),
double3(0.450992555000,0.684656306667,0.774205056667),
double3(0.447698167500,0.740706473333,0.827646193333),
double3(0.278921875000,0.768778583333,0.725957306667),
double3(0.374444945000,0.847788610000,0.745409473333),
double3(0.454341610000,0.763348693333,0.728948860000),
double3(0.374105417500,0.789175860000,0.711840193333),
double3(0.287513367500,0.750687000000,0.775003416667),
double3(0.438948695000,0.757321666667,0.778170026667),
double3(0.502375145000,0.270467670000,0.112909860000),
double3(0.739110777500,0.083124526667,0.257313753333),
double3(0.739702360000,0.094056110000,0.299157113333),
double3(0.733116305000,0.180708640000,0.122365640000),
double3(0.741970167500,0.325027636667,0.103279473333),
double3(0.721748390000,0.235703776667,0.121103916667),
double3(0.738035277500,0.077120056667,0.221187360000),
double3(0.736615445000,0.069971223333,0.178201443333),
double3(0.740600222500,0.103717110000,0.041445776667),
double3(0.740625640000,0.098741943333,0.002150056667),
double3(0.547046975000,0.251376016667,0.123379610000),
double3(0.626669332500,0.108743056667,0.108476666667),
double3(0.675695390000,0.255200883333,0.119793443333),
double3(0.600381500000,0.069070223333,0.112476526667),
double3(0.616054277500,0.041118640000,0.147650666667),
double3(0.609643110000,0.141750000000,0.076284473333),
double3(0.524080347500,0.155672166667,0.115565610000),
double3(0.554975260000,0.226121973333,0.157906276667),
double3(0.602147250000,0.329646193333,0.148051806667),
double3(0.649456917500,0.239241043333,0.147935806667),
double3(0.660621360000,0.268289906667,0.083756193333),
double3(0.579312115000,0.266415266667,0.102042443333),
double3(0.699039917500,0.155328666667,0.123938666667),
double3(0.522316010000,0.076614110000,0.156832943333),
double3(0.526520107500,0.016890443333,0.097806916667),
double3(0.599472830000,0.063868193333,0.176678860000),
double3(0.700992555000,0.017989640000,0.107538390000),
double3(0.697698167500,0.074039806667,0.160979526667),
double3(0.528921875000,0.102111916667,0.059290640000),
double3(0.624444945000,0.181121943333,0.078742806667),
double3(0.704341610000,0.096682026667,0.062282193333),
double3(0.624105417500,0.122509193333,0.045173526667),
double3(0.537513367500,0.084020333333,0.108336750000),
double3(0.688948695000,0.090655000000,0.111503360000),
double3(0.502375145000,0.270467670000,0.446243193333),
double3(0.739110777500,0.083124526667,0.590647086667),
double3(0.739702360000,0.094056110000,0.632490446667),
double3(0.733116305000,0.180708640000,0.455698973333),
double3(0.741970167500,0.325027636667,0.436612806667),
double3(0.721748390000,0.235703776667,0.454437250000),
double3(0.738035277500,0.077120056667,0.554520693333),
double3(0.736615445000,0.069971223333,0.511534776667),
double3(0.740600222500,0.103717110000,0.374779110000),
double3(0.740625640000,0.098741943333,0.335483390000),
double3(0.547046975000,0.251376016667,0.456712943333),
double3(0.626669332500,0.108743056667,0.441810000000),
double3(0.675695390000,0.255200883333,0.453126776667),
double3(0.600381500000,0.069070223333,0.445809860000),
double3(0.616054277500,0.041118640000,0.480984000000),
double3(0.609643110000,0.141750000000,0.409617806667),
double3(0.524080347500,0.155672166667,0.448898943333),
double3(0.554975260000,0.226121973333,0.491239610000),
double3(0.602147250000,0.329646193333,0.481385140000),
double3(0.649456917500,0.239241043333,0.481269140000),
double3(0.660621360000,0.268289906667,0.417089526667),
double3(0.579312115000,0.266415266667,0.435375776667),
double3(0.699039917500,0.155328666667,0.457272000000),
double3(0.522316010000,0.076614110000,0.490166276667),
double3(0.526520107500,0.016890443333,0.431140250000),
double3(0.599472830000,0.063868193333,0.510012193333),
double3(0.700992555000,0.017989640000,0.440871723333),
double3(0.697698167500,0.074039806667,0.494312860000),
double3(0.528921875000,0.102111916667,0.392623973333),
double3(0.624444945000,0.181121943333,0.412076140000),
double3(0.704341610000,0.096682026667,0.395615526667),
double3(0.624105417500,0.122509193333,0.378506860000),
double3(0.537513367500,0.084020333333,0.441670083333),
double3(0.688948695000,0.090655000000,0.444836693333),
double3(0.502375145000,0.270467670000,0.779576526667),
double3(0.739110777500,0.083124526667,0.923980420000),
double3(0.739702360000,0.094056110000,0.965823780000),
double3(0.733116305000,0.180708640000,0.789032306667),
double3(0.741970167500,0.325027636667,0.769946140000),
double3(0.721748390000,0.235703776667,0.787770583333),
double3(0.738035277500,0.077120056667,0.887854026667),
double3(0.736615445000,0.069971223333,0.844868110000),
double3(0.740600222500,0.103717110000,0.708112443333),
double3(0.740625640000,0.098741943333,0.668816723333),
double3(0.547046975000,0.251376016667,0.790046276667),
double3(0.626669332500,0.108743056667,0.775143333333),
double3(0.675695390000,0.255200883333,0.786460110000),
double3(0.600381500000,0.069070223333,0.779143193333),
double3(0.616054277500,0.041118640000,0.814317333333),
double3(0.609643110000,0.141750000000,0.742951140000),
double3(0.524080347500,0.155672166667,0.782232276667),
double3(0.554975260000,0.226121973333,0.824572943333),
double3(0.602147250000,0.329646193333,0.814718473333),
double3(0.649456917500,0.239241043333,0.814602473333),
double3(0.660621360000,0.268289906667,0.750422860000),
double3(0.579312115000,0.266415266667,0.768709110000),
double3(0.699039917500,0.155328666667,0.790605333333),
double3(0.522316010000,0.076614110000,0.823499610000),
double3(0.526520107500,0.016890443333,0.764473583333),
double3(0.599472830000,0.063868193333,0.843345526667),
double3(0.700992555000,0.017989640000,0.774205056667),
double3(0.697698167500,0.074039806667,0.827646193333),
double3(0.528921875000,0.102111916667,0.725957306667),
double3(0.624444945000,0.181121943333,0.745409473333),
double3(0.704341610000,0.096682026667,0.728948860000),
double3(0.624105417500,0.122509193333,0.711840193333),
double3(0.537513367500,0.084020333333,0.775003416667),
double3(0.688948695000,0.090655000000,0.778170026667),
double3(0.502375145000,0.603801003333,0.112909860000),
double3(0.739110777500,0.416457860000,0.257313753333),
double3(0.739702360000,0.427389443333,0.299157113333),
double3(0.733116305000,0.514041973333,0.122365640000),
double3(0.741970167500,0.658360970000,0.103279473333),
double3(0.721748390000,0.569037110000,0.121103916667),
double3(0.738035277500,0.410453390000,0.221187360000),
double3(0.736615445000,0.403304556667,0.178201443333),
double3(0.740600222500,0.437050443333,0.041445776667),
double3(0.740625640000,0.432075276667,0.002150056667),
double3(0.547046975000,0.584709350000,0.123379610000),
double3(0.626669332500,0.442076390000,0.108476666667),
double3(0.675695390000,0.588534216667,0.119793443333),
double3(0.600381500000,0.402403556667,0.112476526667),
double3(0.616054277500,0.374451973333,0.147650666667),
double3(0.609643110000,0.475083333333,0.076284473333),
double3(0.524080347500,0.489005500000,0.115565610000),
double3(0.554975260000,0.559455306667,0.157906276667),
double3(0.602147250000,0.662979526667,0.148051806667),
double3(0.649456917500,0.572574376667,0.147935806667),
double3(0.660621360000,0.601623240000,0.083756193333),
double3(0.579312115000,0.599748600000,0.102042443333),
double3(0.699039917500,0.488662000000,0.123938666667),
double3(0.522316010000,0.409947443333,0.156832943333),
double3(0.526520107500,0.350223776667,0.097806916667),
double3(0.599472830000,0.397201526667,0.176678860000),
double3(0.700992555000,0.351322973333,0.107538390000),
double3(0.697698167500,0.407373140000,0.160979526667),
double3(0.528921875000,0.435445250000,0.059290640000),
double3(0.624444945000,0.514455276667,0.078742806667),
double3(0.704341610000,0.430015360000,0.062282193333),
double3(0.624105417500,0.455842526667,0.045173526667),
double3(0.537513367500,0.417353666667,0.108336750000),
double3(0.688948695000,0.423988333333,0.111503360000),
double3(0.502375145000,0.603801003333,0.446243193333),
double3(0.739110777500,0.416457860000,0.590647086667),
double3(0.739702360000,0.427389443333,0.632490446667),
double3(0.733116305000,0.514041973333,0.455698973333),
double3(0.741970167500,0.658360970000,0.436612806667),
double3(0.721748390000,0.569037110000,0.454437250000),
double3(0.738035277500,0.410453390000,0.554520693333),
double3(0.736615445000,0.403304556667,0.511534776667),
double3(0.740600222500,0.437050443333,0.374779110000),
double3(0.740625640000,0.432075276667,0.335483390000),
double3(0.547046975000,0.584709350000,0.456712943333),
double3(0.626669332500,0.442076390000,0.441810000000),
double3(0.675695390000,0.588534216667,0.453126776667),
double3(0.600381500000,0.402403556667,0.445809860000),
double3(0.616054277500,0.374451973333,0.480984000000),
double3(0.609643110000,0.475083333333,0.409617806667),
double3(0.524080347500,0.489005500000,0.448898943333),
double3(0.554975260000,0.559455306667,0.491239610000),
double3(0.602147250000,0.662979526667,0.481385140000),
double3(0.649456917500,0.572574376667,0.481269140000),
double3(0.660621360000,0.601623240000,0.417089526667),
double3(0.579312115000,0.599748600000,0.435375776667),
double3(0.699039917500,0.488662000000,0.457272000000),
double3(0.522316010000,0.409947443333,0.490166276667),
double3(0.526520107500,0.350223776667,0.431140250000),
double3(0.599472830000,0.397201526667,0.510012193333),
double3(0.700992555000,0.351322973333,0.440871723333),
double3(0.697698167500,0.407373140000,0.494312860000),
double3(0.528921875000,0.435445250000,0.392623973333),
double3(0.624444945000,0.514455276667,0.412076140000),
double3(0.704341610000,0.430015360000,0.395615526667),
double3(0.624105417500,0.455842526667,0.378506860000),
double3(0.537513367500,0.417353666667,0.441670083333),
double3(0.688948695000,0.423988333333,0.444836693333),
double3(0.502375145000,0.603801003333,0.779576526667),
double3(0.739110777500,0.416457860000,0.923980420000),
double3(0.739702360000,0.427389443333,0.965823780000),
double3(0.733116305000,0.514041973333,0.789032306667),
double3(0.741970167500,0.658360970000,0.769946140000),
double3(0.721748390000,0.569037110000,0.787770583333),
double3(0.738035277500,0.410453390000,0.887854026667),
double3(0.736615445000,0.403304556667,0.844868110000),
double3(0.740600222500,0.437050443333,0.708112443333),
double3(0.740625640000,0.432075276667,0.668816723333),
double3(0.547046975000,0.584709350000,0.790046276667),
double3(0.626669332500,0.442076390000,0.775143333333),
double3(0.675695390000,0.588534216667,0.786460110000),
double3(0.600381500000,0.402403556667,0.779143193333),
double3(0.616054277500,0.374451973333,0.814317333333),
double3(0.609643110000,0.475083333333,0.742951140000),
double3(0.524080347500,0.489005500000,0.782232276667),
double3(0.554975260000,0.559455306667,0.824572943333),
double3(0.602147250000,0.662979526667,0.814718473333),
double3(0.649456917500,0.572574376667,0.814602473333),
double3(0.660621360000,0.601623240000,0.750422860000),
double3(0.579312115000,0.599748600000,0.768709110000),
double3(0.699039917500,0.488662000000,0.790605333333),
double3(0.522316010000,0.409947443333,0.823499610000),
double3(0.526520107500,0.350223776667,0.764473583333),
double3(0.599472830000,0.397201526667,0.843345526667),
double3(0.700992555000,0.351322973333,0.774205056667),
double3(0.697698167500,0.407373140000,0.827646193333),
double3(0.528921875000,0.435445250000,0.725957306667),
double3(0.624444945000,0.514455276667,0.745409473333),
double3(0.704341610000,0.430015360000,0.728948860000),
double3(0.624105417500,0.455842526667,0.711840193333),
double3(0.537513367500,0.417353666667,0.775003416667),
double3(0.688948695000,0.423988333333,0.778170026667),
double3(0.502375145000,0.937134336667,0.112909860000),
double3(0.739110777500,0.749791193333,0.257313753333),
double3(0.739702360000,0.760722776667,0.299157113333),
double3(0.733116305000,0.847375306667,0.122365640000),
double3(0.741970167500,0.991694303333,0.103279473333),
double3(0.721748390000,0.902370443333,0.121103916667),
double3(0.738035277500,0.743786723333,0.221187360000),
double3(0.736615445000,0.736637890000,0.178201443333),
double3(0.740600222500,0.770383776667,0.041445776667),
double3(0.740625640000,0.765408610000,0.002150056667),
double3(0.547046975000,0.918042683333,0.123379610000),
double3(0.626669332500,0.775409723333,0.108476666667),
double3(0.675695390000,0.921867550000,0.119793443333),
double3(0.600381500000,0.735736890000,0.112476526667),
double3(0.616054277500,0.707785306667,0.147650666667),
double3(0.609643110000,0.808416666667,0.076284473333),
double3(0.524080347500,0.822338833333,0.115565610000),
double3(0.554975260000,0.892788640000,0.157906276667),
double3(0.602147250000,0.996312860000,0.148051806667),
double3(0.649456917500,0.905907710000,0.147935806667),
double3(0.660621360000,0.934956573333,0.083756193333),
double3(0.579312115000,0.933081933333,0.102042443333),
double3(0.699039917500,0.821995333333,0.123938666667),
double3(0.522316010000,0.743280776667,0.156832943333),
double3(0.526520107500,0.683557110000,0.097806916667),
double3(0.599472830000,0.730534860000,0.176678860000),
double3(0.700992555000,0.684656306667,0.107538390000),
double3(0.697698167500,0.740706473333,0.160979526667),
double3(0.528921875000,0.768778583333,0.059290640000),
double3(0.624444945000,0.847788610000,0.078742806667),
double3(0.704341610000,0.763348693333,0.062282193333),
double3(0.624105417500,0.789175860000,0.045173526667),
double3(0.537513367500,0.750687000000,0.108336750000),
double3(0.688948695000,0.757321666667,0.111503360000),
double3(0.502375145000,0.937134336667,0.446243193333),
double3(0.739110777500,0.749791193333,0.590647086667),
double3(0.739702360000,0.760722776667,0.632490446667),
double3(0.733116305000,0.847375306667,0.455698973333),
double3(0.741970167500,0.991694303333,0.436612806667),
double3(0.721748390000,0.902370443333,0.454437250000),
double3(0.738035277500,0.743786723333,0.554520693333),
double3(0.736615445000,0.736637890000,0.511534776667),
double3(0.740600222500,0.770383776667,0.374779110000),
double3(0.740625640000,0.765408610000,0.335483390000),
double3(0.547046975000,0.918042683333,0.456712943333),
double3(0.626669332500,0.775409723333,0.441810000000),
double3(0.675695390000,0.921867550000,0.453126776667),
double3(0.600381500000,0.735736890000,0.445809860000),
double3(0.616054277500,0.707785306667,0.480984000000),
double3(0.609643110000,0.808416666667,0.409617806667),
double3(0.524080347500,0.822338833333,0.448898943333),
double3(0.554975260000,0.892788640000,0.491239610000),
double3(0.602147250000,0.996312860000,0.481385140000),
double3(0.649456917500,0.905907710000,0.481269140000),
double3(0.660621360000,0.934956573333,0.417089526667),
double3(0.579312115000,0.933081933333,0.435375776667),
double3(0.699039917500,0.821995333333,0.457272000000),
double3(0.522316010000,0.743280776667,0.490166276667),
double3(0.526520107500,0.683557110000,0.431140250000),
double3(0.599472830000,0.730534860000,0.510012193333),
double3(0.700992555000,0.684656306667,0.440871723333),
double3(0.697698167500,0.740706473333,0.494312860000),
double3(0.528921875000,0.768778583333,0.392623973333),
double3(0.624444945000,0.847788610000,0.412076140000),
double3(0.704341610000,0.763348693333,0.395615526667),
double3(0.624105417500,0.789175860000,0.378506860000),
double3(0.537513367500,0.750687000000,0.441670083333),
double3(0.688948695000,0.757321666667,0.444836693333),
double3(0.502375145000,0.937134336667,0.779576526667),
double3(0.739110777500,0.749791193333,0.923980420000),
double3(0.739702360000,0.760722776667,0.965823780000),
double3(0.733116305000,0.847375306667,0.789032306667),
double3(0.741970167500,0.991694303333,0.769946140000),
double3(0.721748390000,0.902370443333,0.787770583333),
double3(0.738035277500,0.743786723333,0.887854026667),
double3(0.736615445000,0.736637890000,0.844868110000),
double3(0.740600222500,0.770383776667,0.708112443333),
double3(0.740625640000,0.765408610000,0.668816723333),
double3(0.547046975000,0.918042683333,0.790046276667),
double3(0.626669332500,0.775409723333,0.775143333333),
double3(0.675695390000,0.921867550000,0.786460110000),
double3(0.600381500000,0.735736890000,0.779143193333),
double3(0.616054277500,0.707785306667,0.814317333333),
double3(0.609643110000,0.808416666667,0.742951140000),
double3(0.524080347500,0.822338833333,0.782232276667),
double3(0.554975260000,0.892788640000,0.824572943333),
double3(0.602147250000,0.996312860000,0.814718473333),
double3(0.649456917500,0.905907710000,0.814602473333),
double3(0.660621360000,0.934956573333,0.750422860000),
double3(0.579312115000,0.933081933333,0.768709110000),
double3(0.699039917500,0.821995333333,0.790605333333),
double3(0.522316010000,0.743280776667,0.823499610000),
double3(0.526520107500,0.683557110000,0.764473583333),
double3(0.599472830000,0.730534860000,0.843345526667),
double3(0.700992555000,0.684656306667,0.774205056667),
double3(0.697698167500,0.740706473333,0.827646193333),
double3(0.528921875000,0.768778583333,0.725957306667),
double3(0.624444945000,0.847788610000,0.745409473333),
double3(0.704341610000,0.763348693333,0.728948860000),
double3(0.624105417500,0.789175860000,0.711840193333),
double3(0.537513367500,0.750687000000,0.775003416667),
double3(0.688948695000,0.757321666667,0.778170026667),
double3(0.752375145000,0.270467670000,0.112909860000),
double3(0.989110777500,0.083124526667,0.257313753333),
double3(0.989702360000,0.094056110000,0.299157113333),
double3(0.983116305000,0.180708640000,0.122365640000),
double3(0.991970167500,0.325027636667,0.103279473333),
double3(0.971748390000,0.235703776667,0.121103916667),
double3(0.988035277500,0.077120056667,0.221187360000),
double3(0.986615445000,0.069971223333,0.178201443333),
double3(0.990600222500,0.103717110000,0.041445776667),
double3(0.990625640000,0.098741943333,0.002150056667),
double3(0.797046975000,0.251376016667,0.123379610000),
double3(0.876669332500,0.108743056667,0.108476666667),
double3(0.925695390000,0.255200883333,0.119793443333),
double3(0.850381500000,0.069070223333,0.112476526667),
double3(0.866054277500,0.041118640000,0.147650666667),
double3(0.859643110000,0.141750000000,0.076284473333),
double3(0.774080347500,0.155672166667,0.115565610000),
double3(0.804975260000,0.226121973333,0.157906276667),
double3(0.852147250000,0.329646193333,0.148051806667),
double3(0.899456917500,0.239241043333,0.147935806667),
double3(0.910621360000,0.268289906667,0.083756193333),
double3(0.829312115000,0.266415266667,0.102042443333),
double3(0.949039917500,0.155328666667,0.123938666667),
double3(0.772316010000,0.076614110000,0.156832943333),
double3(0.776520107500,0.016890443333,0.097806916667),
double3(0.849472830000,0.063868193333,0.176678860000),
double3(0.950992555000,0.017989640000,0.107538390000),
double3(0.947698167500,0.074039806667,0.160979526667),
double3(0.778921875000,0.102111916667,0.059290640000),
double3(0.874444945000,0.181121943333,0.078742806667),
double3(0.954341610000,0.096682026667,0.062282193333),
double3(0.874105417500,0.122509193333,0.045173526667),
double3(0.787513367500,0.084020333333,0.108336750000),
double3(0.938948695000,0.090655000000,0.111503360000),
double3(0.752375145000,0.270467670000,0.446243193333),
double3(0.989110777500,0.083124526667,0.590647086667),
double3(0.989702360000,0.094056110000,0.632490446667),
double3(0.983116305000,0.180708640000,0.455698973333),
double3(0.991970167500,0.325027636667,0.436612806667),
double3(0.971748390000,0.235703776667,0.454437250000),
double3(0.988035277500,0.077120056667,0.554520693333),
double3(0.986615445000,0.069971223333,0.511534776667),
double3(0.990600222500,0.103717110000,0.374779110000),
double3(0.990625640000,0.098741943333,0.335483390000),
double3(0.797046975000,0.251376016667,0.456712943333),
double3(0.876669332500,0.108743056667,0.441810000000),
double3(0.925695390000,0.255200883333,0.453126776667),
double3(0.850381500000,0.069070223333,0.445809860000),
double3(0.866054277500,0.041118640000,0.480984000000),
double3(0.859643110000,0.141750000000,0.409617806667),
double3(0.774080347500,0.155672166667,0.448898943333),
double3(0.804975260000,0.226121973333,0.491239610000),
double3(0.852147250000,0.329646193333,0.481385140000),
double3(0.899456917500,0.239241043333,0.481269140000),
double3(0.910621360000,0.268289906667,0.417089526667),
double3(0.829312115000,0.266415266667,0.435375776667),
double3(0.949039917500,0.155328666667,0.457272000000),
double3(0.772316010000,0.076614110000,0.490166276667),
double3(0.776520107500,0.016890443333,0.431140250000),
double3(0.849472830000,0.063868193333,0.510012193333),
double3(0.950992555000,0.017989640000,0.440871723333),
double3(0.947698167500,0.074039806667,0.494312860000),
double3(0.778921875000,0.102111916667,0.392623973333),
double3(0.874444945000,0.181121943333,0.412076140000),
double3(0.954341610000,0.096682026667,0.395615526667),
double3(0.874105417500,0.122509193333,0.378506860000),
double3(0.787513367500,0.084020333333,0.441670083333),
double3(0.938948695000,0.090655000000,0.444836693333),
double3(0.752375145000,0.270467670000,0.779576526667),
double3(0.989110777500,0.083124526667,0.923980420000),
double3(0.989702360000,0.094056110000,0.965823780000),
double3(0.983116305000,0.180708640000,0.789032306667),
double3(0.991970167500,0.325027636667,0.769946140000),
double3(0.971748390000,0.235703776667,0.787770583333),
double3(0.988035277500,0.077120056667,0.887854026667),
double3(0.986615445000,0.069971223333,0.844868110000),
double3(0.990600222500,0.103717110000,0.708112443333),
double3(0.990625640000,0.098741943333,0.668816723333),
double3(0.797046975000,0.251376016667,0.790046276667),
double3(0.876669332500,0.108743056667,0.775143333333),
double3(0.925695390000,0.255200883333,0.786460110000),
double3(0.850381500000,0.069070223333,0.779143193333),
double3(0.866054277500,0.041118640000,0.814317333333),
double3(0.859643110000,0.141750000000,0.742951140000),
double3(0.774080347500,0.155672166667,0.782232276667),
double3(0.804975260000,0.226121973333,0.824572943333),
double3(0.852147250000,0.329646193333,0.814718473333),
double3(0.899456917500,0.239241043333,0.814602473333),
double3(0.910621360000,0.268289906667,0.750422860000),
double3(0.829312115000,0.266415266667,0.768709110000),
double3(0.949039917500,0.155328666667,0.790605333333),
double3(0.772316010000,0.076614110000,0.823499610000),
double3(0.776520107500,0.016890443333,0.764473583333),
double3(0.849472830000,0.063868193333,0.843345526667),
double3(0.950992555000,0.017989640000,0.774205056667),
double3(0.947698167500,0.074039806667,0.827646193333),
double3(0.778921875000,0.102111916667,0.725957306667),
double3(0.874444945000,0.181121943333,0.745409473333),
double3(0.954341610000,0.096682026667,0.728948860000),
double3(0.874105417500,0.122509193333,0.711840193333),
double3(0.787513367500,0.084020333333,0.775003416667),
double3(0.938948695000,0.090655000000,0.778170026667),
double3(0.752375145000,0.603801003333,0.112909860000),
double3(0.989110777500,0.416457860000,0.257313753333),
double3(0.989702360000,0.427389443333,0.299157113333),
double3(0.983116305000,0.514041973333,0.122365640000),
double3(0.991970167500,0.658360970000,0.103279473333),
double3(0.971748390000,0.569037110000,0.121103916667),
double3(0.988035277500,0.410453390000,0.221187360000),
double3(0.986615445000,0.403304556667,0.178201443333),
double3(0.990600222500,0.437050443333,0.041445776667),
double3(0.990625640000,0.432075276667,0.002150056667),
double3(0.797046975000,0.584709350000,0.123379610000),
double3(0.876669332500,0.442076390000,0.108476666667),
double3(0.925695390000,0.588534216667,0.119793443333),
double3(0.850381500000,0.402403556667,0.112476526667),
double3(0.866054277500,0.374451973333,0.147650666667),
double3(0.859643110000,0.475083333333,0.076284473333),
double3(0.774080347500,0.489005500000,0.115565610000),
double3(0.804975260000,0.559455306667,0.157906276667),
double3(0.852147250000,0.662979526667,0.148051806667),
double3(0.899456917500,0.572574376667,0.147935806667),
double3(0.910621360000,0.601623240000,0.083756193333),
double3(0.829312115000,0.599748600000,0.102042443333),
double3(0.949039917500,0.488662000000,0.123938666667),
double3(0.772316010000,0.409947443333,0.156832943333),
double3(0.776520107500,0.350223776667,0.097806916667),
double3(0.849472830000,0.397201526667,0.176678860000),
double3(0.950992555000,0.351322973333,0.107538390000),
double3(0.947698167500,0.407373140000,0.160979526667),
double3(0.778921875000,0.435445250000,0.059290640000),
double3(0.874444945000,0.514455276667,0.078742806667),
double3(0.954341610000,0.430015360000,0.062282193333),
double3(0.874105417500,0.455842526667,0.045173526667),
double3(0.787513367500,0.417353666667,0.108336750000),
double3(0.938948695000,0.423988333333,0.111503360000),
double3(0.752375145000,0.603801003333,0.446243193333),
double3(0.989110777500,0.416457860000,0.590647086667),
double3(0.989702360000,0.427389443333,0.632490446667),
double3(0.983116305000,0.514041973333,0.455698973333),
double3(0.991970167500,0.658360970000,0.436612806667),
double3(0.971748390000,0.569037110000,0.454437250000),
double3(0.988035277500,0.410453390000,0.554520693333),
double3(0.986615445000,0.403304556667,0.511534776667),
double3(0.990600222500,0.437050443333,0.374779110000),
double3(0.990625640000,0.432075276667,0.335483390000),
double3(0.797046975000,0.584709350000,0.456712943333),
double3(0.876669332500,0.442076390000,0.441810000000),
double3(0.925695390000,0.588534216667,0.453126776667),
double3(0.850381500000,0.402403556667,0.445809860000),
double3(0.866054277500,0.374451973333,0.480984000000),
double3(0.859643110000,0.475083333333,0.409617806667),
double3(0.774080347500,0.489005500000,0.448898943333),
double3(0.804975260000,0.559455306667,0.491239610000),
double3(0.852147250000,0.662979526667,0.481385140000),
double3(0.899456917500,0.572574376667,0.481269140000),
double3(0.910621360000,0.601623240000,0.417089526667),
double3(0.829312115000,0.599748600000,0.435375776667),
double3(0.949039917500,0.488662000000,0.457272000000),
double3(0.772316010000,0.409947443333,0.490166276667),
double3(0.776520107500,0.350223776667,0.431140250000),
double3(0.849472830000,0.397201526667,0.510012193333),
double3(0.950992555000,0.351322973333,0.440871723333),
double3(0.947698167500,0.407373140000,0.494312860000),
double3(0.778921875000,0.435445250000,0.392623973333),
double3(0.874444945000,0.514455276667,0.412076140000),
double3(0.954341610000,0.430015360000,0.395615526667),
double3(0.874105417500,0.455842526667,0.378506860000),
double3(0.787513367500,0.417353666667,0.441670083333),
double3(0.938948695000,0.423988333333,0.444836693333),
double3(0.752375145000,0.603801003333,0.779576526667),
double3(0.989110777500,0.416457860000,0.923980420000),
double3(0.989702360000,0.427389443333,0.965823780000),
double3(0.983116305000,0.514041973333,0.789032306667),
double3(0.991970167500,0.658360970000,0.769946140000),
double3(0.971748390000,0.569037110000,0.787770583333),
double3(0.988035277500,0.410453390000,0.887854026667),
double3(0.986615445000,0.403304556667,0.844868110000),
double3(0.990600222500,0.437050443333,0.708112443333),
double3(0.990625640000,0.432075276667,0.668816723333),
double3(0.797046975000,0.584709350000,0.790046276667),
double3(0.876669332500,0.442076390000,0.775143333333),
double3(0.925695390000,0.588534216667,0.786460110000),
double3(0.850381500000,0.402403556667,0.779143193333),
double3(0.866054277500,0.374451973333,0.814317333333),
double3(0.859643110000,0.475083333333,0.742951140000),
double3(0.774080347500,0.489005500000,0.782232276667),
double3(0.804975260000,0.559455306667,0.824572943333),
double3(0.852147250000,0.662979526667,0.814718473333),
double3(0.899456917500,0.572574376667,0.814602473333),
double3(0.910621360000,0.601623240000,0.750422860000),
double3(0.829312115000,0.599748600000,0.768709110000),
double3(0.949039917500,0.488662000000,0.790605333333),
double3(0.772316010000,0.409947443333,0.823499610000),
double3(0.776520107500,0.350223776667,0.764473583333),
double3(0.849472830000,0.397201526667,0.843345526667),
double3(0.950992555000,0.351322973333,0.774205056667),
double3(0.947698167500,0.407373140000,0.827646193333),
double3(0.778921875000,0.435445250000,0.725957306667),
double3(0.874444945000,0.514455276667,0.745409473333),
double3(0.954341610000,0.430015360000,0.728948860000),
double3(0.874105417500,0.455842526667,0.711840193333),
double3(0.787513367500,0.417353666667,0.775003416667),
double3(0.938948695000,0.423988333333,0.778170026667),
double3(0.752375145000,0.937134336667,0.112909860000),
double3(0.989110777500,0.749791193333,0.257313753333),
double3(0.989702360000,0.760722776667,0.299157113333),
double3(0.983116305000,0.847375306667,0.122365640000),
double3(0.991970167500,0.991694303333,0.103279473333),
double3(0.971748390000,0.902370443333,0.121103916667),
double3(0.988035277500,0.743786723333,0.221187360000),
double3(0.986615445000,0.736637890000,0.178201443333),
double3(0.990600222500,0.770383776667,0.041445776667),
double3(0.990625640000,0.765408610000,0.002150056667),
double3(0.797046975000,0.918042683333,0.123379610000),
double3(0.876669332500,0.775409723333,0.108476666667),
double3(0.925695390000,0.921867550000,0.119793443333),
double3(0.850381500000,0.735736890000,0.112476526667),
double3(0.866054277500,0.707785306667,0.147650666667),
double3(0.859643110000,0.808416666667,0.076284473333),
double3(0.774080347500,0.822338833333,0.115565610000),
double3(0.804975260000,0.892788640000,0.157906276667),
double3(0.852147250000,0.996312860000,0.148051806667),
double3(0.899456917500,0.905907710000,0.147935806667),
double3(0.910621360000,0.934956573333,0.083756193333),
double3(0.829312115000,0.933081933333,0.102042443333),
double3(0.949039917500,0.821995333333,0.123938666667),
double3(0.772316010000,0.743280776667,0.156832943333),
double3(0.776520107500,0.683557110000,0.097806916667),
double3(0.849472830000,0.730534860000,0.176678860000),
double3(0.950992555000,0.684656306667,0.107538390000),
double3(0.947698167500,0.740706473333,0.160979526667),
double3(0.778921875000,0.768778583333,0.059290640000),
double3(0.874444945000,0.847788610000,0.078742806667),
double3(0.954341610000,0.763348693333,0.062282193333),
double3(0.874105417500,0.789175860000,0.045173526667),
double3(0.787513367500,0.750687000000,0.108336750000),
double3(0.938948695000,0.757321666667,0.111503360000),
double3(0.752375145000,0.937134336667,0.446243193333),
double3(0.989110777500,0.749791193333,0.590647086667),
double3(0.989702360000,0.760722776667,0.632490446667),
double3(0.983116305000,0.847375306667,0.455698973333),
double3(0.991970167500,0.991694303333,0.436612806667),
double3(0.971748390000,0.902370443333,0.454437250000),
double3(0.988035277500,0.743786723333,0.554520693333),
double3(0.986615445000,0.736637890000,0.511534776667),
double3(0.990600222500,0.770383776667,0.374779110000),
double3(0.990625640000,0.765408610000,0.335483390000),
double3(0.797046975000,0.918042683333,0.456712943333),
double3(0.876669332500,0.775409723333,0.441810000000),
double3(0.925695390000,0.921867550000,0.453126776667),
double3(0.850381500000,0.735736890000,0.445809860000),
double3(0.866054277500,0.707785306667,0.480984000000),
double3(0.859643110000,0.808416666667,0.409617806667),
double3(0.774080347500,0.822338833333,0.448898943333),
double3(0.804975260000,0.892788640000,0.491239610000),
double3(0.852147250000,0.996312860000,0.481385140000),
double3(0.899456917500,0.905907710000,0.481269140000),
double3(0.910621360000,0.934956573333,0.417089526667),
double3(0.829312115000,0.933081933333,0.435375776667),
double3(0.949039917500,0.821995333333,0.457272000000),
double3(0.772316010000,0.743280776667,0.490166276667),
double3(0.776520107500,0.683557110000,0.431140250000),
double3(0.849472830000,0.730534860000,0.510012193333),
double3(0.950992555000,0.684656306667,0.440871723333),
double3(0.947698167500,0.740706473333,0.494312860000),
double3(0.778921875000,0.768778583333,0.392623973333),
double3(0.874444945000,0.847788610000,0.412076140000),
double3(0.954341610000,0.763348693333,0.395615526667),
double3(0.874105417500,0.789175860000,0.378506860000),
double3(0.787513367500,0.750687000000,0.441670083333),
double3(0.938948695000,0.757321666667,0.444836693333),
double3(0.752375145000,0.937134336667,0.779576526667),
double3(0.989110777500,0.749791193333,0.923980420000),
double3(0.989702360000,0.760722776667,0.965823780000),
double3(0.983116305000,0.847375306667,0.789032306667),
double3(0.991970167500,0.991694303333,0.769946140000),
double3(0.971748390000,0.902370443333,0.787770583333),
double3(0.988035277500,0.743786723333,0.887854026667),
double3(0.986615445000,0.736637890000,0.844868110000),
double3(0.990600222500,0.770383776667,0.708112443333),
double3(0.990625640000,0.765408610000,0.668816723333),
double3(0.797046975000,0.918042683333,0.790046276667),
double3(0.876669332500,0.775409723333,0.775143333333),
double3(0.925695390000,0.921867550000,0.786460110000),
double3(0.850381500000,0.735736890000,0.779143193333),
double3(0.866054277500,0.707785306667,0.814317333333),
double3(0.859643110000,0.808416666667,0.742951140000),
double3(0.774080347500,0.822338833333,0.782232276667),
double3(0.804975260000,0.892788640000,0.824572943333),
double3(0.852147250000,0.996312860000,0.814718473333),
double3(0.899456917500,0.905907710000,0.814602473333),
double3(0.910621360000,0.934956573333,0.750422860000),
double3(0.829312115000,0.933081933333,0.768709110000),
double3(0.949039917500,0.821995333333,0.790605333333),
double3(0.772316010000,0.743280776667,0.823499610000),
double3(0.776520107500,0.683557110000,0.764473583333),
double3(0.849472830000,0.730534860000,0.843345526667),
double3(0.950992555000,0.684656306667,0.774205056667),
double3(0.947698167500,0.740706473333,0.827646193333),
double3(0.778921875000,0.768778583333,0.725957306667),
double3(0.874444945000,0.847788610000,0.745409473333),
double3(0.954341610000,0.763348693333,0.728948860000),
double3(0.874105417500,0.789175860000,0.711840193333),
double3(0.787513367500,0.750687000000,0.775003416667),
double3(0.938948695000,0.757321666667,0.778170026667),
