[double3(12.428730000000,0.000000000000,0.000000000000),double3(2.452768034106,12.405223267449,0.000000000000),double3(-2.969871573878,-2.976122991627,18.282598316590)]

double3(0.238906680000,0.123687305000,0.023935780000),
double3(0.115540205000,0.130125060000,0.000044825000),
double3(0.245722490000,0.110229895000,0.413664820000),
double3(0.116581350000,0.119157395000,0.107363070000),
double3(0.259104600000,0.086284570000,0.349791170000),
double3(0.109152080000,0.095853625000,0.165854335000),
double3(0.082523400000,0.094152615000,0.319800300000),
double3(0.286434530000,0.082803415000,0.194535585000),
double3(0.069198080000,0.117986530000,0.383912100000),
double3(0.293838620000,0.105956935000,0.135722850000),
double3(0.353822380000,0.272755600000,0.494608550000),
double3(0.349930825000,0.078798765000,0.494493400000),
double3(0.035155595000,0.205835820000,0.028484990000),
double3(0.214311750000,0.237080040000,0.465007215000),
double3(0.135515870000,0.494017930000,0.033289020000),
double3(0.372908950000,0.084353075000,0.058160215000),
double3(0.040915430000,0.440030100000,0.050543915000),
double3(0.450497030000,0.260578250000,0.012486920000),
double3(0.264294625000,0.391172230000,0.014701505000),
double3(0.232126340000,0.361418050000,0.060809710000),
double3(0.103286520000,0.332918020000,0.472300080000),
double3(0.089858175000,0.421759130000,0.479098975000),
double3(0.061572305000,0.249235975000,0.461377470000),
double3(0.045838730000,0.000353215000,0.449689420000),
double3(0.297912200000,0.006906035000,0.479046970000),
double3(0.227449625000,0.240156950000,0.103512915000),
double3(0.149748300000,0.097652995000,0.159579600000),
double3(0.171895850000,0.087973415000,0.329902170000),
double3(0.197268300000,0.087133890000,0.184584185000),
double3(0.118469120000,0.097258470000,0.340068430000),
double3(0.249134150000,0.090401115000,0.175638125000),
double3(0.110751035000,0.111498690000,0.376686215000),
double3(0.253321500000,0.104268290000,0.142202360000),
double3(0.156371740000,0.116464945000,0.403566120000),
double3(0.205723250000,0.114871805000,0.117295005000),
double3(0.191969975000,0.077903180000,0.221053585000),
double3(0.179633915000,0.078325000000,0.291296570000),
double3(0.149171300000,0.125950935000,0.442175250000),
double3(0.210397800000,0.123983400000,0.080769845000),
double3(0.209742160000,0.107176745000,0.393401680000),
double3(0.153925285000,0.111592350000,0.126244785000),
double3(0.217467575000,0.092858410000,0.356856050000),
double3(0.353045150000,0.230383400000,0.495839750000),
double3(0.054312230000,0.046127255000,0.042247085000),
double3(0.004856945000,0.024518445000,0.038259050000),
double3(0.453861900000,0.059905960000,0.035008720000),
double3(0.452279650000,0.110467195000,0.023771750000),
double3(0.003235160000,0.131387415000,0.028563165000),
double3(0.401654850000,0.142334180000,0.009622695000),
double3(0.401726200000,0.197017730000,0.006818570000),
double3(0.450480700000,0.218422220000,0.014709820000),
double3(0.000245155000,0.185875450000,0.024179520000),
double3(0.351337820000,0.121680335000,0.496688130000),
double3(0.303505270000,0.209917300000,0.486565470000),
double3(0.252733170000,0.249433265000,0.477217675000),
double3(0.106521725000,0.010568160000,0.052660925000),
double3(0.406672900000,0.051048175000,0.052388305000),
double3(0.006837010000,0.464684150000,0.036144035000),
double3(0.164760470000,0.251949800000,0.035507210000),
double3(0.185879635000,0.001518550000,0.480481265000),
double3(0.124727465000,0.273361115000,0.007821030000),
double3(0.135385800000,0.480876120000,0.470835600000),
double3(0.130498125000,0.320711500000,0.495953350000),
double3(0.130215400000,0.433624700000,0.483257475000),
double3(0.170405910000,0.351856000000,0.013941115000),
double3(0.176012070000,0.402207450000,0.000814050000),
double3(0.203937875000,0.335476350000,0.045086660000),
double3(0.227988870000,0.417526800000,0.004069945000),
double3(0.201520085000,0.286059650000,0.056279095000),
double3(0.233812050000,0.466279350000,0.493593725000),
double3(0.175620350000,0.192003860000,0.036398315000),
double3(0.185396550000,0.061533630000,0.485508025000),
double3(0.075645020000,0.248758150000,0.490243675000),
double3(0.087202260000,0.006126465000,0.447297200000),
double3(0.290342180000,0.478587500000,0.495390775000),
double3(0.235995010000,0.271890350000,0.090428525000),
double3(0.135289190000,0.079204640000,0.265131680000),
double3(0.236614450000,0.074713780000,0.246961685000),
double3(0.141362175000,0.078994170000,0.230615100000),
double3(0.230540470000,0.074913965000,0.281481550000),
double3(0.303384250000,0.155288025000,0.486392650000),
double3(0.053441045000,0.099649505000,0.038760370000),
double3(0.192751700000,0.125785635000,0.466177015000),
double3(0.166472120000,0.126646815000,0.057052940000),
double3(0.100362495000,0.128611610000,0.451195700000),
double3(0.258861400000,0.123820870000,0.072034290000),
double3(0.253176420000,0.298531000000,0.483273030000),
double3(0.115259650000,0.495915475000,0.082546300000),
double3(0.405969250000,0.008123595000,0.062588730000),
double3(0.471212200000,0.441749930000,0.016647165000),
double3(0.140216290000,0.163755760000,0.018313460000),
double3(0.139965070000,0.093506215000,0.478104530000),
double3(0.223458720000,0.168522910000,0.049045730000),
double3(0.227407700000,0.080736995000,0.003169850000),
double3(0.048208245000,0.231408800000,0.008327210000),
double3(0.093405730000,0.030582310000,0.423483075000),
double3(0.329323320000,0.456667425000,0.014714515000),
double3(0.273718400000,0.296289400000,0.104842595000),
double3(0.238906680000,0.123687305000,0.523935780000),
double3(0.115540205000,0.130125060000,0.500044825000),
double3(0.245722490000,0.110229895000,0.913664820000),
double3(0.116581350000,0.119157395000,0.607363070000),
double3(0.259104600000,0.086284570000,0.849791170000),
double3(0.109152080000,0.095853625000,0.665854335000),
double3(0.082523400000,0.094152615000,0.819800300000),
double3(0.286434530000,0.082803415000,0.694535585000),
double3(0.069198080000,0.117986530000,0.883912100000),
double3(0.293838620000,0.105956935000,0.635722850000),
double3(0.353822380000,0.272755600000,0.994608550000),
double3(0.349930825000,0.078798765000,0.994493400000),
double3(0.035155595000,0.205835820000,0.528484990000),
double3(0.214311750000,0.237080040000,0.965007215000),
double3(0.135515870000,0.494017930000,0.533289020000),
double3(0.372908950000,0.084353075000,0.558160215000),
double3(0.040915430000,0.440030100000,0.550543915000),
double3(0.450497030000,0.260578250000,0.512486920000),
double3(0.264294625000,0.391172230000,0.514701505000),
double3(0.232126340000,0.361418050000,0.560809710000),
double3(0.103286520000,0.332918020000,0.972300080000),
double3(0.089858175000,0.421759130000,0.979098975000),
double3(0.061572305000,0.249235975000,0.961377470000),
double3(0.045838730000,0.000353215000,0.949689420000),
double3(0.297912200000,0.006906035000,0.979046970000),
double3(0.227449625000,0.240156950000,0.603512915000),
double3(0.149748300000,0.097652995000,0.659579600000),
double3(0.171895850000,0.087973415000,0.829902170000),
double3(0.197268300000,0.087133890000,0.684584185000),
double3(0.118469120000,0.097258470000,0.840068430000),
double3(0.249134150000,0.090401115000,0.675638125000),
double3(0.110751035000,0.111498690000,0.876686215000),
double3(0.253321500000,0.104268290000,0.642202360000),
double3(0.156371740000,0.116464945000,0.903566120000),
double3(0.205723250000,0.114871805000,0.617295005000),
double3(0.191969975000,0.077903180000,0.721053585000),
double3(0.179633915000,0.078325000000,0.791296570000),
double3(0.149171300000,0.125950935000,0.942175250000),
double3(0.210397800000,0.123983400000,0.580769845000),
double3(0.209742160000,0.107176745000,0.893401680000),
double3(0.153925285000,0.111592350000,0.626244785000),
double3(0.217467575000,0.092858410000,0.856856050000),
double3(0.353045150000,0.230383400000,0.995839750000),
double3(0.054312230000,0.046127255000,0.542247085000),
double3(0.004856945000,0.024518445000,0.538259050000),
double3(0.453861900000,0.059905960000,0.535008720000),
double3(0.452279650000,0.110467195000,0.523771750000),
double3(0.003235160000,0.131387415000,0.528563165000),
double3(0.401654850000,0.142334180000,0.509622695000),
double3(0.401726200000,0.197017730000,0.506818570000),
double3(0.450480700000,0.218422220000,0.514709820000),
double3(0.000245155000,0.185875450000,0.524179520000),
double3(0.351337820000,0.121680335000,0.996688130000),
double3(0.303505270000,0.209917300000,0.986565470000),
double3(0.252733170000,0.249433265000,0.977217675000),
double3(0.106521725000,0.010568160000,0.552660925000),
double3(0.406672900000,0.051048175000,0.552388305000),
double3(0.006837010000,0.464684150000,0.536144035000),
double3(0.164760470000,0.251949800000,0.535507210000),
double3(0.185879635000,0.001518550000,0.980481265000),
double3(0.124727465000,0.273361115000,0.507821030000),
double3(0.135385800000,0.480876120000,0.970835600000),
double3(0.130498125000,0.320711500000,0.995953350000),
double3(0.130215400000,0.433624700000,0.983257475000),
double3(0.170405910000,0.351856000000,0.513941115000),
double3(0.176012070000,0.402207450000,0.500814050000),
double3(0.203937875000,0.335476350000,0.545086660000),
double3(0.227988870000,0.417526800000,0.504069945000),
double3(0.201520085000,0.286059650000,0.556279095000),
double3(0.233812050000,0.466279350000,0.993593725000),
double3(0.175620350000,0.192003860000,0.536398315000),
double3(0.185396550000,0.061533630000,0.985508025000),
double3(0.075645020000,0.248758150000,0.990243675000),
double3(0.087202260000,0.006126465000,0.947297200000),
double3(0.290342180000,0.478587500000,0.995390775000),
double3(0.235995010000,0.271890350000,0.590428525000),
double3(0.135289190000,0.079204640000,0.765131680000),
double3(0.236614450000,0.074713780000,0.746961685000),
double3(0.141362175000,0.078994170000,0.730615100000),
double3(0.230540470000,0.074913965000,0.781481550000),
double3(0.303384250000,0.155288025000,0.986392650000),
double3(0.053441045000,0.099649505000,0.538760370000),
double3(0.192751700000,0.125785635000,0.966177015000),
double3(0.166472120000,0.126646815000,0.557052940000),
double3(0.100362495000,0.128611610000,0.951195700000),
double3(0.258861400000,0.123820870000,0.572034290000),
double3(0.253176420000,0.298531000000,0.983273030000),
double3(0.115259650000,0.495915475000,0.582546300000),
double3(0.405969250000,0.008123595000,0.562588730000),
double3(0.471212200000,0.441749930000,0.516647165000),
double3(0.140216290000,0.163755760000,0.518313460000),
double3(0.139965070000,0.093506215000,0.978104530000),
double3(0.223458720000,0.168522910000,0.549045730000),
double3(0.227407700000,0.080736995000,0.503169850000),
double3(0.048208245000,0.231408800000,0.508327210000),
double3(0.093405730000,0.030582310000,0.923483075000),
double3(0.329323320000,0.456667425000,0.514714515000),
double3(0.273718400000,0.296289400000,0.604842595000),
double3(0.238906680000,0.623687305000,0.023935780000),
double3(0.115540205000,0.630125060000,0.000044825000),
double3(0.245722490000,0.610229895000,0.413664820000),
double3(0.116581350000,0.619157395000,0.107363070000),
double3(0.259104600000,0.586284570000,0.349791170000),
double3(0.109152080000,0.595853625000,0.165854335000),
double3(0.082523400000,0.594152615000,0.319800300000),
double3(0.286434530000,0.582803415000,0.194535585000),
double3(0.069198080000,0.617986530000,0.383912100000),
double3(0.293838620000,0.605956935000,0.135722850000),
double3(0.353822380000,0.772755600000,0.494608550000),
double3(0.349930825000,0.578798765000,0.494493400000),
double3(0.035155595000,0.705835820000,0.028484990000),
double3(0.214311750000,0.737080040000,0.465007215000),
double3(0.135515870000,0.994017930000,0.033289020000),
double3(0.372908950000,0.584353075000,0.058160215000),
double3(0.040915430000,0.940030100000,0.050543915000),
double3(0.450497030000,0.760578250000,0.012486920000),
double3(0.264294625000,0.891172230000,0.014701505000),
double3(0.232126340000,0.861418050000,0.060809710000),
double3(0.103286520000,0.832918020000,0.472300080000),
double3(0.089858175000,0.921759130000,0.479098975000),
double3(0.061572305000,0.749235975000,0.461377470000),
double3(0.045838730000,0.500353215000,0.449689420000),
double3(0.297912200000,0.506906035000,0.479046970000),
double3(0.227449625000,0.740156950000,0.103512915000),
double3(0.149748300000,0.597652995000,0.159579600000),
double3(0.171895850000,0.587973415000,0.329902170000),
double3(0.197268300000,0.587133890000,0.184584185000),
double3(0.118469120000,0.597258470000,0.340068430000),
double3(0.249134150000,0.590401115000,0.175638125000),
double3(0.110751035000,0.611498690000,0.376686215000),
double3(0.253321500000,0.604268290000,0.142202360000),
double3(0.156371740000,0.616464945000,0.403566120000),
double3(0.205723250000,0.614871805000,0.117295005000),
double3(0.191969975000,0.577903180000,0.221053585000),
double3(0.179633915000,0.578325000000,0.291296570000),
double3(0.149171300000,0.625950935000,0.442175250000),
double3(0.210397800000,0.623983400000,0.080769845000),
double3(0.209742160000,0.607176745000,0.393401680000),
double3(0.153925285000,0.611592350000,0.126244785000),
double3(0.217467575000,0.592858410000,0.356856050000),
double3(0.353045150000,0.730383400000,0.495839750000),
double3(0.054312230000,0.546127255000,0.042247085000),
double3(0.004856945000,0.524518445000,0.038259050000),
double3(0.453861900000,0.559905960000,0.035008720000),
double3(0.452279650000,0.610467195000,0.023771750000),
double3(0.003235160000,0.631387415000,0.028563165000),
double3(0.401654850000,0.642334180000,0.009622695000),
double3(0.401726200000,0.697017730000,0.006818570000),
double3(0.450480700000,0.718422220000,0.014709820000),
double3(0.000245155000,0.685875450000,0.024179520000),
double3(0.351337820000,0.621680335000,0.496688130000),
double3(0.303505270000,0.709917300000,0.486565470000),
double3(0.252733170000,0.749433265000,0.477217675000),
double3(0.106521725000,0.510568160000,0.052660925000),
double3(0.406672900000,0.551048175000,0.052388305000),
double3(0.006837010000,0.964684150000,0.036144035000),
double3(0.164760470000,0.751949800000,0.035507210000),
double3(0.185879635000,0.501518550000,0.480481265000),
double3(0.124727465000,0.773361115000,0.007821030000),
double3(0.135385800000,0.980876120000,0.470835600000),
double3(0.130498125000,0.820711500000,0.495953350000),
double3(0.130215400000,0.933624700000,0.483257475000),
double3(0.170405910000,0.851856000000,0.013941115000),
double3(0.176012070000,0.902207450000,0.000814050000),
double3(0.203937875000,0.835476350000,0.045086660000),
double3(0.227988870000,0.917526800000,0.004069945000),
double3(0.201520085000,0.786059650000,0.056279095000),
double3(0.233812050000,0.966279350000,0.493593725000),
double3(0.175620350000,0.692003860000,0.036398315000),
double3(0.185396550000,0.561533630000,0.485508025000),
double3(0.075645020000,0.748758150000,0.490243675000),
double3(0.087202260000,0.506126465000,0.447297200000),
double3(0.290342180000,0.978587500000,0.495390775000),
double3(0.235995010000,0.771890350000,0.090428525000),
double3(0.135289190000,0.579204640000,0.265131680000),
double3(0.236614450000,0.574713780000,0.246961685000),
double3(0.141362175000,0.578994170000,0.230615100000),
double3(0.230540470000,0.574913965000,0.281481550000),
double3(0.303384250000,0.655288025000,0.486392650000),
double3(0.053441045000,0.599649505000,0.038760370000),
double3(0.192751700000,0.625785635000,0.466177015000),
double3(0.166472120000,0.626646815000,0.057052940000),
double3(0.100362495000,0.628611610000,0.451195700000),
double3(0.258861400000,0.623820870000,0.072034290000),
double3(0.253176420000,0.798531000000,0.483273030000),
double3(0.115259650000,0.995915475000,0.082546300000),
double3(0.405969250000,0.508123595000,0.062588730000),
double3(0.471212200000,0.941749930000,0.016647165000),
double3(0.140216290000,0.663755760000,0.018313460000),
double3(0.139965070000,0.593506215000,0.478104530000),
double3(0.223458720000,0.668522910000,0.049045730000),
double3(0.227407700000,0.580736995000,0.003169850000),
double3(0.048208245000,0.731408800000,0.008327210000),
double3(0.093405730000,0.530582310000,0.423483075000),
double3(0.329323320000,0.956667425000,0.014714515000),
double3(0.273718400000,0.796289400000,0.104842595000),
double3(0.238906680000,0.623687305000,0.523935780000),
double3(0.115540205000,0.630125060000,0.500044825000),
double3(0.245722490000,0.610229895000,0.913664820000),
double3(0.116581350000,0.619157395000,0.607363070000),
double3(0.259104600000,0.586284570000,0.849791170000),
double3(0.109152080000,0.595853625000,0.665854335000),
double3(0.082523400000,0.594152615000,0.819800300000),
double3(0.286434530000,0.582803415000,0.694535585000),
double3(0.069198080000,0.617986530000,0.883912100000),
double3(0.293838620000,0.605956935000,0.635722850000),
double3(0.353822380000,0.772755600000,0.994608550000),
double3(0.349930825000,0.578798765000,0.994493400000),
double3(0.035155595000,0.705835820000,0.528484990000),
double3(0.214311750000,0.737080040000,0.965007215000),
double3(0.135515870000,0.994017930000,0.533289020000),
double3(0.372908950000,0.584353075000,0.558160215000),
double3(0.040915430000,0.940030100000,0.550543915000),
double3(0.450497030000,0.760578250000,0.512486920000),
double3(0.264294625000,0.891172230000,0.514701505000),
double3(0.232126340000,0.861418050000,0.560809710000),
double3(0.103286520000,0.832918020000,0.972300080000),
double3(0.089858175000,0.921759130000,0.979098975000),
double3(0.061572305000,0.749235975000,0.961377470000),
double3(0.045838730000,0.500353215000,0.949689420000),
double3(0.297912200000,0.506906035000,0.979046970000),
double3(0.227449625000,0.740156950000,0.603512915000),
double3(0.149748300000,0.597652995000,0.659579600000),
double3(0.171895850000,0.587973415000,0.829902170000),
double3(0.197268300000,0.587133890000,0.684584185000),
double3(0.118469120000,0.597258470000,0.840068430000),
double3(0.249134150000,0.590401115000,0.675638125000),
double3(0.110751035000,0.611498690000,0.876686215000),
double3(0.253321500000,0.604268290000,0.642202360000),
double3(0.156371740000,0.616464945000,0.903566120000),
double3(0.205723250000,0.614871805000,0.617295005000),
double3(0.191969975000,0.577903180000,0.721053585000),
double3(0.179633915000,0.578325000000,0.791296570000),
double3(0.149171300000,0.625950935000,0.942175250000),
double3(0.210397800000,0.623983400000,0.580769845000),
double3(0.209742160000,0.607176745000,0.893401680000),
double3(0.153925285000,0.611592350000,0.626244785000),
double3(0.217467575000,0.592858410000,0.856856050000),
double3(0.353045150000,0.730383400000,0.995839750000),
double3(0.054312230000,0.546127255000,0.542247085000),
double3(0.004856945000,0.524518445000,0.538259050000),
double3(0.453861900000,0.559905960000,0.535008720000),
double3(0.452279650000,0.610467195000,0.523771750000),
double3(0.003235160000,0.631387415000,0.528563165000),
double3(0.401654850000,0.642334180000,0.509622695000),
double3(0.401726200000,0.697017730000,0.506818570000),
double3(0.450480700000,0.718422220000,0.514709820000),
double3(0.000245155000,0.685875450000,0.524179520000),
double3(0.351337820000,0.621680335000,0.996688130000),
double3(0.303505270000,0.709917300000,0.986565470000),
double3(0.252733170000,0.749433265000,0.977217675000),
double3(0.106521725000,0.510568160000,0.552660925000),
double3(0.406672900000,0.551048175000,0.552388305000),
double3(0.006837010000,0.964684150000,0.536144035000),
double3(0.164760470000,0.751949800000,0.535507210000),
double3(0.185879635000,0.501518550000,0.980481265000),
double3(0.124727465000,0.773361115000,0.507821030000),
double3(0.135385800000,0.980876120000,0.970835600000),
double3(0.130498125000,0.820711500000,0.995953350000),
double3(0.130215400000,0.933624700000,0.983257475000),
double3(0.170405910000,0.851856000000,0.513941115000),
double3(0.176012070000,0.902207450000,0.500814050000),
double3(0.203937875000,0.835476350000,0.545086660000),
double3(0.227988870000,0.917526800000,0.504069945000),
double3(0.201520085000,0.786059650000,0.556279095000),
double3(0.233812050000,0.966279350000,0.993593725000),
double3(0.175620350000,0.692003860000,0.536398315000),
double3(0.185396550000,0.561533630000,0.985508025000),
double3(0.075645020000,0.748758150000,0.990243675000),
double3(0.087202260000,0.506126465000,0.947297200000),
double3(0.290342180000,0.978587500000,0.995390775000),
double3(0.235995010000,0.771890350000,0.590428525000),
double3(0.135289190000,0.579204640000,0.765131680000),
double3(0.236614450000,0.574713780000,0.746961685000),
double3(0.141362175000,0.578994170000,0.730615100000),
double3(0.230540470000,0.574913965000,0.781481550000),
double3(0.303384250000,0.655288025000,0.986392650000),
double3(0.053441045000,0.599649505000,0.538760370000),
double3(0.192751700000,0.625785635000,0.966177015000),
double3(0.166472120000,0.626646815000,0.557052940000),
double3(0.100362495000,0.628611610000,0.951195700000),
double3(0.258861400000,0.623820870000,0.572034290000),
double3(0.253176420000,0.798531000000,0.983273030000),
double3(0.115259650000,0.995915475000,0.582546300000),
double3(0.405969250000,0.508123595000,0.562588730000),
double3(0.471212200000,0.941749930000,0.516647165000),
double3(0.140216290000,0.663755760000,0.518313460000),
double3(0.139965070000,0.593506215000,0.978104530000),
double3(0.223458720000,0.668522910000,0.549045730000),
double3(0.227407700000,0.580736995000,0.503169850000),
double3(0.048208245000,0.731408800000,0.508327210000),
double3(0.093405730000,0.530582310000,0.923483075000),
double3(0.329323320000,0.956667425000,0.514714515000),
double3(0.273718400000,0.796289400000,0.604842595000),
double3(0.738906680000,0.123687305000,0.023935780000),
double3(0.615540205000,0.130125060000,0.000044825000),
double3(0.745722490000,0.110229895000,0.413664820000),
double3(0.616581350000,0.119157395000,0.107363070000),
double3(0.759104600000,0.086284570000,0.349791170000),
double3(0.609152080000,0.095853625000,0.165854335000),
double3(0.582523400000,0.094152615000,0.319800300000),
double3(0.786434530000,0.082803415000,0.194535585000),
double3(0.569198080000,0.117986530000,0.383912100000),
double3(0.793838620000,0.105956935000,0.135722850000),
double3(0.853822380000,0.272755600000,0.494608550000),
double3(0.849930825000,0.078798765000,0.494493400000),
double3(0.535155595000,0.205835820000,0.028484990000),
double3(0.714311750000,0.237080040000,0.465007215000),
double3(0.635515870000,0.494017930000,0.033289020000),
double3(0.872908950000,0.084353075000,0.058160215000),
double3(0.540915430000,0.440030100000,0.050543915000),
double3(0.950497030000,0.260578250000,0.012486920000),
double3(0.764294625000,0.391172230000,0.014701505000),
double3(0.732126340000,0.361418050000,0.060809710000),
double3(0.603286520000,0.332918020000,0.472300080000),
double3(0.589858175000,0.421759130000,0.479098975000),
double3(0.561572305000,0.249235975000,0.461377470000),
double3(0.545838730000,0.000353215000,0.449689420000),
double3(0.797912200000,0.006906035000,0.479046970000),
double3(0.727449625000,0.240156950000,0.103512915000),
double3(0.649748300000,0.097652995000,0.159579600000),
double3(0.671895850000,0.087973415000,0.329902170000),
double3(0.697268300000,0.087133890000,0.184584185000),
double3(0.618469120000,0.097258470000,0.340068430000),
double3(0.749134150000,0.090401115000,0.175638125000),
double3(0.610751035000,0.111498690000,0.376686215000),
double3(0.753321500000,0.104268290000,0.142202360000),
double3(0.656371740000,0.116464945000,0.403566120000),
double3(0.705723250000,0.114871805000,0.117295005000),
double3(0.691969975000,0.077903180000,0.221053585000),
double3(0.679633915000,0.078325000000,0.291296570000),
double3(0.649171300000,0.125950935000,0.442175250000),
double3(0.710397800000,0.123983400000,0.080769845000),
double3(0.709742160000,0.107176745000,0.393401680000),
double3(0.653925285000,0.111592350000,0.126244785000),
double3(0.717467575000,0.092858410000,0.356856050000),
double3(0.853045150000,0.230383400000,0.495839750000),
double3(0.554312230000,0.046127255000,0.042247085000),
double3(0.504856945000,0.024518445000,0.038259050000),
double3(0.953861900000,0.059905960000,0.035008720000),
double3(0.952279650000,0.110467195000,0.023771750000),
double3(0.503235160000,0.131387415000,0.028563165000),
double3(0.901654850000,0.142334180000,0.009622695000),
double3(0.901726200000,0.197017730000,0.006818570000),
double3(0.950480700000,0.218422220000,0.014709820000),
double3(0.500245155000,0.185875450000,0.024179520000),
double3(0.851337820000,0.121680335000,0.496688130000),
double3(0.803505270000,0.209917300000,0.486565470000),
double3(0.752733170000,0.249433265000,0.477217675000),
double3(0.606521725000,0.010568160000,0.052660925000),
double3(0.906672900000,0.051048175000,0.052388305000),
double3(0.506837010000,0.464684150000,0.036144035000),
double3(0.664760470000,0.251949800000,0.035507210000),
double3(0.685879635000,0.001518550000,0.480481265000),
double3(0.624727465000,0.273361115000,0.007821030000),
double3(0.635385800000,0.480876120000,0.470835600000),
double3(0.630498125000,0.320711500000,0.495953350000),
double3(0.630215400000,0.433624700000,0.483257475000),
double3(0.670405910000,0.351856000000,0.013941115000),
double3(0.676012070000,0.402207450000,0.000814050000),
double3(0.703937875000,0.335476350000,0.045086660000),
double3(0.727988870000,0.417526800000,0.004069945000),
double3(0.701520085000,0.286059650000,0.056279095000),
double3(0.733812050000,0.466279350000,0.493593725000),
double3(0.675620350000,0.192003860000,0.036398315000),
double3(0.685396550000,0.061533630000,0.485508025000),
double3(0.575645020000,0.248758150000,0.490243675000),
double3(0.587202260000,0.006126465000,0.447297200000),
double3(0.790342180000,0.478587500000,0.495390775000),
double3(0.735995010000,0.271890350000,0.090428525000),
double3(0.635289190000,0.079204640000,0.265131680000),
double3(0.736614450000,0.074713780000,0.246961685000),
double3(0.641362175000,0.078994170000,0.230615100000),
double3(0.730540470000,0.074913965000,0.281481550000),
double3(0.803384250000,0.155288025000,0.486392650000),
double3(0.553441045000,0.099649505000,0.038760370000),
double3(0.692751700000,0.125785635000,0.466177015000),
double3(0.666472120000,0.126646815000,0.057052940000),
double3(0.600362495000,0.128611610000,0.451195700000),
double3(0.758861400000,0.123820870000,0.072034290000),
double3(0.753176420000,0.298531000000,0.483273030000),
double3(0.615259650000,0.495915475000,0.082546300000),
double3(0.905969250000,0.008123595000,0.062588730000),
double3(0.971212200000,0.441749930000,0.016647165000),
double3(0.640216290000,0.163755760000,0.018313460000),
double3(0.639965070000,0.093506215000,0.478104530000),
double3(0.723458720000,0.168522910000,0.049045730000),
double3(0.727407700000,0.080736995000,0.003169850000),
double3(0.548208245000,0.231408800000,0.008327210000),
double3(0.593405730000,0.030582310000,0.423483075000),
double3(0.829323320000,0.456667425000,0.014714515000),
double3(0.773718400000,0.296289400000,0.104842595000),
double3(0.738906680000,0.123687305000,0.523935780000),
double3(0.615540205000,0.130125060000,0.500044825000),
double3(0.745722490000,0.110229895000,0.913664820000),
double3(0.616581350000,0.119157395000,0.607363070000),
double3(0.759104600000,0.086284570000,0.849791170000),
double3(0.609152080000,0.095853625000,0.665854335000),
double3(0.582523400000,0.094152615000,0.819800300000),
double3(0.786434530000,0.082803415000,0.694535585000),
double3(0.569198080000,0.117986530000,0.883912100000),
double3(0.793838620000,0.105956935000,0.635722850000),
double3(0.853822380000,0.272755600000,0.994608550000),
double3(0.849930825000,0.078798765000,0.994493400000),
double3(0.535155595000,0.205835820000,0.528484990000),
double3(0.714311750000,0.237080040000,0.965007215000),
double3(0.635515870000,0.494017930000,0.533289020000),
double3(0.872908950000,0.084353075000,0.558160215000),
double3(0.540915430000,0.440030100000,0.550543915000),
double3(0.950497030000,0.260578250000,0.512486920000),
double3(0.764294625000,0.391172230000,0.514701505000),
double3(0.732126340000,0.361418050000,0.560809710000),
double3(0.603286520000,0.332918020000,0.972300080000),
double3(0.589858175000,0.421759130000,0.979098975000),
double3(0.561572305000,0.249235975000,0.961377470000),
double3(0.545838730000,0.000353215000,0.949689420000),
double3(0.797912200000,0.006906035000,0.979046970000),
double3(0.727449625000,0.240156950000,0.603512915000),
double3(0.649748300000,0.097652995000,0.659579600000),
double3(0.671895850000,0.087973415000,0.829902170000),
double3(0.697268300000,0.087133890000,0.684584185000),
double3(0.618469120000,0.097258470000,0.840068430000),
double3(0.749134150000,0.090401115000,0.675638125000),
double3(0.610751035000,0.111498690000,0.876686215000),
double3(0.753321500000,0.104268290000,0.642202360000),
double3(0.656371740000,0.116464945000,0.903566120000),
double3(0.705723250000,0.114871805000,0.617295005000),
double3(0.691969975000,0.077903180000,0.721053585000),
double3(0.679633915000,0.078325000000,0.791296570000),
double3(0.649171300000,0.125950935000,0.942175250000),
double3(0.710397800000,0.123983400000,0.580769845000),
double3(0.709742160000,0.107176745000,0.893401680000),
double3(0.653925285000,0.111592350000,0.626244785000),
double3(0.717467575000,0.092858410000,0.856856050000),
double3(0.853045150000,0.230383400000,0.995839750000),
double3(0.554312230000,0.046127255000,0.542247085000),
double3(0.504856945000,0.024518445000,0.538259050000),
double3(0.953861900000,0.059905960000,0.535008720000),
double3(0.952279650000,0.110467195000,0.523771750000),
double3(0.503235160000,0.131387415000,0.528563165000),
double3(0.901654850000,0.142334180000,0.509622695000),
double3(0.901726200000,0.197017730000,0.506818570000),
double3(0.950480700000,0.218422220000,0.514709820000),
double3(0.500245155000,0.185875450000,0.524179520000),
double3(0.851337820000,0.121680335000,0.996688130000),
double3(0.803505270000,0.209917300000,0.986565470000),
double3(0.752733170000,0.249433265000,0.977217675000),
double3(0.606521725000,0.010568160000,0.552660925000),
double3(0.906672900000,0.051048175000,0.552388305000),
double3(0.506837010000,0.464684150000,0.536144035000),
double3(0.664760470000,0.251949800000,0.535507210000),
double3(0.685879635000,0.001518550000,0.980481265000),
double3(0.624727465000,0.273361115000,0.507821030000),
double3(0.635385800000,0.480876120000,0.970835600000),
double3(0.630498125000,0.320711500000,0.995953350000),
double3(0.630215400000,0.433624700000,0.983257475000),
double3(0.670405910000,0.351856000000,0.513941115000),
double3(0.676012070000,0.402207450000,0.500814050000),
double3(0.703937875000,0.335476350000,0.545086660000),
double3(0.727988870000,0.417526800000,0.504069945000),
double3(0.701520085000,0.286059650000,0.556279095000),
double3(0.733812050000,0.466279350000,0.993593725000),
double3(0.675620350000,0.192003860000,0.536398315000),
double3(0.685396550000,0.061533630000,0.985508025000),
double3(0.575645020000,0.248758150000,0.990243675000),
double3(0.587202260000,0.006126465000,0.947297200000),
double3(0.790342180000,0.478587500000,0.995390775000),
double3(0.735995010000,0.271890350000,0.590428525000),
double3(0.635289190000,0.079204640000,0.765131680000),
double3(0.736614450000,0.074713780000,0.746961685000),
double3(0.641362175000,0.078994170000,0.730615100000),
double3(0.730540470000,0.074913965000,0.781481550000),
double3(0.803384250000,0.155288025000,0.986392650000),
double3(0.553441045000,0.099649505000,0.538760370000),
double3(0.692751700000,0.125785635000,0.966177015000),
double3(0.666472120000,0.126646815000,0.557052940000),
double3(0.600362495000,0.128611610000,0.951195700000),
double3(0.758861400000,0.123820870000,0.572034290000),
double3(0.753176420000,0.298531000000,0.983273030000),
double3(0.615259650000,0.495915475000,0.582546300000),
double3(0.905969250000,0.008123595000,0.562588730000),
double3(0.971212200000,0.441749930000,0.516647165000),
double3(0.640216290000,0.163755760000,0.518313460000),
double3(0.639965070000,0.093506215000,0.978104530000),
double3(0.723458720000,0.168522910000,0.549045730000),
double3(0.727407700000,0.080736995000,0.503169850000),
double3(0.548208245000,0.231408800000,0.508327210000),
double3(0.593405730000,0.030582310000,0.923483075000),
double3(0.829323320000,0.456667425000,0.514714515000),
double3(0.773718400000,0.296289400000,0.604842595000),
double3(0.738906680000,0.623687305000,0.023935780000),
double3(0.615540205000,0.630125060000,0.000044825000),
double3(0.745722490000,0.610229895000,0.413664820000),
double3(0.616581350000,0.619157395000,0.107363070000),
double3(0.759104600000,0.586284570000,0.349791170000),
double3(0.609152080000,0.595853625000,0.165854335000),
double3(0.582523400000,0.594152615000,0.319800300000),
double3(0.786434530000,0.582803415000,0.194535585000),
double3(0.569198080000,0.617986530000,0.383912100000),
double3(0.793838620000,0.605956935000,0.135722850000),
double3(0.853822380000,0.772755600000,0.494608550000),
double3(0.849930825000,0.578798765000,0.494493400000),
double3(0.535155595000,0.705835820000,0.028484990000),
double3(0.714311750000,0.737080040000,0.465007215000),
double3(0.635515870000,0.994017930000,0.033289020000),
double3(0.872908950000,0.584353075000,0.058160215000),
double3(0.540915430000,0.940030100000,0.050543915000),
double3(0.950497030000,0.760578250000,0.012486920000),
double3(0.764294625000,0.891172230000,0.014701505000),
double3(0.732126340000,0.861418050000,0.060809710000),
double3(0.603286520000,0.832918020000,0.472300080000),
double3(0.589858175000,0.921759130000,0.479098975000),
double3(0.561572305000,0.749235975000,0.461377470000),
double3(0.545838730000,0.500353215000,0.449689420000),
double3(0.797912200000,0.506906035000,0.479046970000),
double3(0.727449625000,0.740156950000,0.103512915000),
double3(0.649748300000,0.597652995000,0.159579600000),
double3(0.671895850000,0.587973415000,0.329902170000),
double3(0.697268300000,0.587133890000,0.184584185000),
double3(0.618469120000,0.597258470000,0.340068430000),
double3(0.749134150000,0.590401115000,0.175638125000),
double3(0.610751035000,0.611498690000,0.376686215000),
double3(0.753321500000,0.604268290000,0.142202360000),
double3(0.656371740000,0.616464945000,0.403566120000),
double3(0.705723250000,0.614871805000,0.117295005000),
double3(0.691969975000,0.577903180000,0.221053585000),
double3(0.679633915000,0.578325000000,0.291296570000),
double3(0.649171300000,0.625950935000,0.442175250000),
double3(0.710397800000,0.623983400000,0.080769845000),
double3(0.709742160000,0.607176745000,0.393401680000),
double3(0.653925285000,0.611592350000,0.126244785000),
double3(0.717467575000,0.592858410000,0.356856050000),
double3(0.853045150000,0.730383400000,0.495839750000),
double3(0.554312230000,0.546127255000,0.042247085000),
double3(0.504856945000,0.524518445000,0.038259050000),
double3(0.953861900000,0.559905960000,0.035008720000),
double3(0.952279650000,0.610467195000,0.023771750000),
double3(0.503235160000,0.631387415000,0.028563165000),
double3(0.901654850000,0.642334180000,0.009622695000),
double3(0.901726200000,0.697017730000,0.006818570000),
double3(0.950480700000,0.718422220000,0.014709820000),
double3(0.500245155000,0.685875450000,0.024179520000),
double3(0.851337820000,0.621680335000,0.496688130000),
double3(0.803505270000,0.709917300000,0.486565470000),
double3(0.752733170000,0.749433265000,0.477217675000),
double3(0.606521725000,0.510568160000,0.052660925000),
double3(0.906672900000,0.551048175000,0.052388305000),
double3(0.506837010000,0.964684150000,0.036144035000),
double3(0.664760470000,0.751949800000,0.035507210000),
double3(0.685879635000,0.501518550000,0.480481265000),
double3(0.624727465000,0.773361115000,0.007821030000),
double3(0.635385800000,0.980876120000,0.470835600000),
double3(0.630498125000,0.820711500000,0.495953350000),
double3(0.630215400000,0.933624700000,0.483257475000),
double3(0.670405910000,0.851856000000,0.013941115000),
double3(0.676012070000,0.902207450000,0.000814050000),
double3(0.703937875000,0.835476350000,0.045086660000),
double3(0.727988870000,0.917526800000,0.004069945000),
double3(0.701520085000,0.786059650000,0.056279095000),
double3(0.733812050000,0.966279350000,0.493593725000),
double3(0.675620350000,0.692003860000,0.036398315000),
double3(0.685396550000,0.561533630000,0.485508025000),
double3(0.575645020000,0.748758150000,0.490243675000),
double3(0.587202260000,0.506126465000,0.447297200000),
double3(0.790342180000,0.978587500000,0.495390775000),
double3(0.735995010000,0.771890350000,0.090428525000),
double3(0.635289190000,0.579204640000,0.265131680000),
double3(0.736614450000,0.574713780000,0.246961685000),
double3(0.641362175000,0.578994170000,0.230615100000),
double3(0.730540470000,0.574913965000,0.281481550000),
double3(0.803384250000,0.655288025000,0.486392650000),
double3(0.553441045000,0.599649505000,0.038760370000),
double3(0.692751700000,0.625785635000,0.466177015000),
double3(0.666472120000,0.626646815000,0.057052940000),
double3(0.600362495000,0.628611610000,0.451195700000),
double3(0.758861400000,0.623820870000,0.072034290000),
double3(0.753176420000,0.798531000000,0.483273030000),
double3(0.615259650000,0.995915475000,0.082546300000),
double3(0.905969250000,0.508123595000,0.062588730000),
double3(0.971212200000,0.941749930000,0.016647165000),
double3(0.640216290000,0.663755760000,0.018313460000),
double3(0.639965070000,0.593506215000,0.478104530000),
double3(0.723458720000,0.668522910000,0.049045730000),
double3(0.727407700000,0.580736995000,0.003169850000),
double3(0.548208245000,0.731408800000,0.008327210000),
double3(0.593405730000,0.530582310000,0.423483075000),
double3(0.829323320000,0.956667425000,0.014714515000),
double3(0.773718400000,0.796289400000,0.104842595000),
double3(0.738906680000,0.623687305000,0.523935780000),
double3(0.615540205000,0.630125060000,0.500044825000),
double3(0.745722490000,0.610229895000,0.913664820000),
double3(0.616581350000,0.619157395000,0.607363070000),
double3(0.759104600000,0.586284570000,0.849791170000),
double3(0.609152080000,0.595853625000,0.665854335000),
double3(0.582523400000,0.594152615000,0.819800300000),
double3(0.786434530000,0.582803415000,0.694535585000),
double3(0.569198080000,0.617986530000,0.883912100000),
double3(0.793838620000,0.605956935000,0.635722850000),
double3(0.853822380000,0.772755600000,0.994608550000),
double3(0.849930825000,0.578798765000,0.994493400000),
double3(0.535155595000,0.705835820000,0.528484990000),
double3(0.714311750000,0.737080040000,0.965007215000),
double3(0.635515870000,0.994017930000,0.533289020000),
double3(0.872908950000,0.584353075000,0.558160215000),
double3(0.540915430000,0.940030100000,0.550543915000),
double3(0.950497030000,0.760578250000,0.512486920000),
double3(0.764294625000,0.891172230000,0.514701505000),
double3(0.732126340000,0.861418050000,0.560809710000),
double3(0.603286520000,0.832918020000,0.972300080000),
double3(0.589858175000,0.921759130000,0.979098975000),
double3(0.561572305000,0.749235975000,0.961377470000),
double3(0.545838730000,0.500353215000,0.949689420000),
double3(0.797912200000,0.506906035000,0.979046970000),
double3(0.727449625000,0.740156950000,0.603512915000),
double3(0.649748300000,0.597652995000,0.659579600000),
double3(0.671895850000,0.587973415000,0.829902170000),
double3(0.697268300000,0.587133890000,0.684584185000),
double3(0.618469120000,0.597258470000,0.840068430000),
double3(0.749134150000,0.590401115000,0.675638125000),
double3(0.610751035000,0.611498690000,0.876686215000),
double3(0.753321500000,0.604268290000,0.642202360000),
double3(0.656371740000,0.616464945000,0.903566120000),
double3(0.705723250000,0.614871805000,0.617295005000),
double3(0.691969975000,0.577903180000,0.721053585000),
double3(0.679633915000,0.578325000000,0.791296570000),
double3(0.649171300000,0.625950935000,0.942175250000),
double3(0.710397800000,0.623983400000,0.580769845000),
double3(0.709742160000,0.607176745000,0.893401680000),
double3(0.653925285000,0.611592350000,0.626244785000),
double3(0.717467575000,0.592858410000,0.856856050000),
double3(0.853045150000,0.730383400000,0.995839750000),
double3(0.554312230000,0.546127255000,0.542247085000),
double3(0.504856945000,0.524518445000,0.538259050000),
double3(0.953861900000,0.559905960000,0.535008720000),
double3(0.952279650000,0.610467195000,0.523771750000),
double3(0.503235160000,0.631387415000,0.528563165000),
double3(0.901654850000,0.642334180000,0.509622695000),
double3(0.901726200000,0.697017730000,0.506818570000),
double3(0.950480700000,0.718422220000,0.514709820000),
double3(0.500245155000,0.685875450000,0.524179520000),
double3(0.851337820000,0.621680335000,0.996688130000),
double3(0.803505270000,0.709917300000,0.986565470000),
double3(0.752733170000,0.749433265000,0.977217675000),
double3(0.606521725000,0.510568160000,0.552660925000),
double3(0.906672900000,0.551048175000,0.552388305000),
double3(0.506837010000,0.964684150000,0.536144035000),
double3(0.664760470000,0.751949800000,0.535507210000),
double3(0.685879635000,0.501518550000,0.980481265000),
double3(0.624727465000,0.773361115000,0.507821030000),
double3(0.635385800000,0.980876120000,0.970835600000),
double3(0.630498125000,0.820711500000,0.995953350000),
double3(0.630215400000,0.933624700000,0.983257475000),
double3(0.670405910000,0.851856000000,0.513941115000),
double3(0.676012070000,0.902207450000,0.500814050000),
double3(0.703937875000,0.835476350000,0.545086660000),
double3(0.727988870000,0.917526800000,0.504069945000),
double3(0.701520085000,0.786059650000,0.556279095000),
double3(0.733812050000,0.966279350000,0.993593725000),
double3(0.675620350000,0.692003860000,0.536398315000),
double3(0.685396550000,0.561533630000,0.985508025000),
double3(0.575645020000,0.748758150000,0.990243675000),
double3(0.587202260000,0.506126465000,0.947297200000),
double3(0.790342180000,0.978587500000,0.995390775000),
double3(0.735995010000,0.771890350000,0.590428525000),
double3(0.635289190000,0.579204640000,0.765131680000),
double3(0.736614450000,0.574713780000,0.746961685000),
double3(0.641362175000,0.578994170000,0.730615100000),
double3(0.730540470000,0.574913965000,0.781481550000),
double3(0.803384250000,0.655288025000,0.986392650000),
double3(0.553441045000,0.599649505000,0.538760370000),
double3(0.692751700000,0.625785635000,0.966177015000),
double3(0.666472120000,0.626646815000,0.557052940000),
double3(0.600362495000,0.628611610000,0.951195700000),
double3(0.758861400000,0.623820870000,0.572034290000),
double3(0.753176420000,0.798531000000,0.983273030000),
double3(0.615259650000,0.995915475000,0.582546300000),
double3(0.905969250000,0.508123595000,0.562588730000),
double3(0.971212200000,0.941749930000,0.516647165000),
double3(0.640216290000,0.663755760000,0.518313460000),
double3(0.639965070000,0.593506215000,0.978104530000),
double3(0.723458720000,0.668522910000,0.549045730000),
double3(0.727407700000,0.580736995000,0.503169850000),
double3(0.548208245000,0.731408800000,0.508327210000),
double3(0.593405730000,0.530582310000,0.923483075000),
double3(0.829323320000,0.956667425000,0.514714515000),
double3(0.773718400000,0.796289400000,0.604842595000),
