[double3(18.268100000000,0.000000000000,0.000000000000),double3(-3.414283471141,17.908149544191,0.000000000000),double3(-6.074042054120,-7.138232375202,21.859351752575)]

double3(0.249971600000,0.257962465000,0.028931465000),
double3(0.250919225000,0.324223450000,0.496862300000),
double3(0.295230850000,0.346778200000,0.067692510000),
double3(0.328835400000,0.298531980000,0.020113780000),
double3(0.055967170000,0.036392160000,0.059974035000),
double3(0.491430820000,0.080730100000,0.041395025000),
double3(0.069358335000,0.097677320000,0.024341660000),
double3(0.004866625000,0.015563070000,0.490917300000),
double3(0.269533785000,0.264325080000,0.230166570000),
double3(0.043155630000,0.099812260000,0.327108950000),
double3(0.160306300000,0.198885190000,0.159455950000),
double3(0.152772950000,0.164376650000,0.397680520000),
double3(0.128347620000,0.229129435000,0.256401180000),
double3(0.184579000000,0.134326935000,0.300736150000),
double3(0.102487980000,0.205181465000,0.293427150000),
double3(0.210459770000,0.158292710000,0.263716875000),
double3(0.415143300000,0.480001120000,0.409566000000),
double3(0.397339580000,0.387159170000,0.148653150000),
double3(0.029799580000,0.490440600000,0.398830400000),
double3(0.282603400000,0.375684380000,0.159375300000),
double3(0.444398970000,0.002991975000,0.304255950000),
double3(0.368080650000,0.363405400000,0.253949250000),
double3(0.414994500000,0.478060750000,0.248231700000),
double3(0.397470600000,0.388342300000,0.309984100000),
double3(0.080310935000,0.118222760000,0.387709675000),
double3(0.232554940000,0.245545610000,0.169515820000),
double3(0.240034850000,0.245352090000,0.223006325000),
double3(0.072759360000,0.118553995000,0.334234200000),
double3(0.225300535000,0.234257130000,0.244985535000),
double3(0.087531940000,0.129557250000,0.312246900000),
double3(0.186657400000,0.209613370000,0.235581475000),
double3(0.126299400000,0.153901815000,0.321595000000),
double3(0.163465200000,0.197076635000,0.204582150000),
double3(0.149583200000,0.166252420000,0.352561150000),
double3(0.178558170000,0.208884270000,0.183194875000),
double3(0.134455515000,0.154542100000,0.373969100000),
double3(0.216856970000,0.232979015000,0.192181200000),
double3(0.096029430000,0.130726115000,0.365029950000),
double3(0.140619190000,0.208399200000,0.265993000000),
double3(0.172312560000,0.155065300000,0.291145025000),
double3(0.126024250000,0.194888665000,0.286975620000),
double3(0.186915220000,0.168584930000,0.270169080000),
double3(0.141855270000,0.168217100000,0.299603950000),
double3(0.171087235000,0.195262925000,0.257544450000),
double3(0.394159750000,0.231375150000,0.029608090000),
double3(0.419306750000,0.134018050000,0.028324325000),
double3(0.384814150000,0.267806150000,0.030103595000),
double3(0.428648680000,0.097601150000,0.027829000000),
double3(0.402108135000,0.200578600000,0.029201615000),
double3(0.411359900000,0.164808250000,0.028734565000),
double3(0.185388050000,0.241493210000,0.037120300000),
double3(0.170621170000,0.199584840000,0.027502385000),
double3(0.154625535000,0.164864800000,0.017968000000),
double3(0.133674740000,0.124257060000,0.008950865000),
double3(0.455171400000,0.476623325000,0.041888040000),
double3(0.356659200000,0.387577500000,0.014538280000),
double3(0.391314775000,0.418907750000,0.024178095000),
double3(0.420536050000,0.445275575000,0.032274145000),
double3(0.185921000000,0.397342400000,0.018425045000),
double3(0.100573630000,0.494777750000,0.045856090000),
double3(0.209238320000,0.370722620000,0.010930770000),
double3(0.123888565000,0.468158250000,0.038365690000),
double3(0.143437030000,0.445843520000,0.032079600000),
double3(0.166374920000,0.419656850000,0.024707235000),
double3(0.320032050000,0.366922300000,0.116665535000),
double3(0.492403200000,0.499792875000,0.441545725000),
double3(0.433594735000,0.477327550000,0.395010700000),
double3(0.378864500000,0.389557750000,0.163204090000),
double3(0.416101550000,0.465423200000,0.363224415000),
double3(0.396343650000,0.401352675000,0.194981700000),
double3(0.440312700000,0.462144700000,0.344259380000),
double3(0.372117730000,0.404284600000,0.213945835000),
double3(0.481389015000,0.471326170000,0.357445330000),
double3(0.331024530000,0.394880100000,0.200764550000),
double3(0.498166350000,0.483580085000,0.389117900000),
double3(0.314247000000,0.382735300000,0.169092685000),
double3(0.474495250000,0.486608800000,0.408102275000),
double3(0.337941825000,0.380036700000,0.150108350000),
double3(0.427827835000,0.472516565000,0.293340000000),
double3(0.384649515000,0.393886415000,0.264870075000),
double3(0.411143600000,0.458421400000,0.261642515000),
double3(0.401324200000,0.407984850000,0.296568450000),
double3(0.389506250000,0.419090925000,0.247349400000),
double3(0.422956850000,0.447319120000,0.310861975000),
double3(0.249716940000,0.248574420000,0.276555050000),
double3(0.063034150000,0.115456415000,0.280717075000),
double3(0.374045200000,0.457273450000,0.350761250000),
double3(0.438407950000,0.409749270000,0.207450350000),
double3(0.115682765000,0.165300070000,0.191464275000),
double3(0.197522670000,0.197706310000,0.365628570000),
double3(0.012784780000,0.466457500000,0.334897000000),
double3(0.299592970000,0.399360480000,0.223313585000),
double3(0.044795210000,0.096248830000,0.379025750000),
double3(0.268067500000,0.267527135000,0.178201140000),
double3(0.102304340000,0.129048110000,0.415920650000),
double3(0.210558350000,0.234727850000,0.141306265000),
double3(0.234499110000,0.257347050000,0.298447220000),
double3(0.287788450000,0.257051000000,0.283437050000),
double3(0.024995040000,0.107633540000,0.273913300000),
double3(0.078083625000,0.106172515000,0.258780630000),
double3(0.349035620000,0.268497450000,0.020946030000),
double3(0.412279070000,0.299558370000,0.039704780000),
double3(0.401197350000,0.065864355000,0.018236410000),
double3(0.464409600000,0.096909950000,0.036985905000),
double3(0.281243750000,0.306872515000,0.028401365000),
double3(0.101627685000,0.110184275000,0.485860550000),
double3(0.145133100000,0.105937930000,0.027955740000),
double3(0.210665480000,0.259334700000,0.065062875000),
double3(0.157996610000,0.257302225000,0.026615680000),
double3(0.487287370000,0.469753685000,0.040472550000),
double3(0.357755570000,0.352603600000,0.004464320000),
double3(0.324541925000,0.394450300000,0.015938170000),
double3(0.454073725000,0.011600375000,0.051946425000),
double3(0.030404905000,0.057589600000,0.029156570000),
double3(0.112999350000,0.031355975000,0.048924530000),
double3(0.067429080000,0.481852830000,0.049446745000),
double3(0.234436020000,0.364430130000,0.031662190000),
double3(0.205135050000,0.352933080000,0.483419565000),
double3(0.342373880000,0.364614300000,0.099528075000),
double3(0.470061750000,0.002109585000,0.458683225000),
double3(0.282238450000,0.357541250000,0.104869950000),
double3(0.030197085000,0.009182630000,0.453341300000),
double3(0.358242035000,0.465957100000,0.326310900000),
double3(0.351560700000,0.445168650000,0.365720870000),
double3(0.460843475000,0.422479900000,0.192679350000),
double3(0.454291600000,0.400639300000,0.231669000000),
double3(0.249971600000,0.257962465000,0.528931465000),
double3(0.250919225000,0.324223450000,0.996862300000),
double3(0.295230850000,0.346778200000,0.567692510000),
double3(0.328835400000,0.298531980000,0.520113780000),
double3(0.055967170000,0.036392160000,0.559974035000),
double3(0.491430820000,0.080730100000,0.541395025000),
double3(0.069358335000,0.097677320000,0.524341660000),
double3(0.004866625000,0.015563070000,0.990917300000),
double3(0.269533785000,0.264325080000,0.730166570000),
double3(0.043155630000,0.099812260000,0.827108950000),
double3(0.160306300000,0.198885190000,0.659455950000),
double3(0.152772950000,0.164376650000,0.897680520000),
double3(0.128347620000,0.229129435000,0.756401180000),
double3(0.184579000000,0.134326935000,0.800736150000),
double3(0.102487980000,0.205181465000,0.793427150000),
double3(0.210459770000,0.158292710000,0.763716875000),
double3(0.415143300000,0.480001120000,0.909566000000),
double3(0.397339580000,0.387159170000,0.648653150000),
double3(0.029799580000,0.490440600000,0.898830400000),
double3(0.282603400000,0.375684380000,0.659375300000),
double3(0.444398970000,0.002991975000,0.804255950000),
double3(0.368080650000,0.363405400000,0.753949250000),
double3(0.414994500000,0.478060750000,0.748231700000),
double3(0.397470600000,0.388342300000,0.809984100000),
double3(0.080310935000,0.118222760000,0.887709675000),
double3(0.232554940000,0.245545610000,0.669515820000),
double3(0.240034850000,0.245352090000,0.723006325000),
double3(0.072759360000,0.118553995000,0.834234200000),
double3(0.225300535000,0.234257130000,0.744985535000),
double3(0.087531940000,0.129557250000,0.812246900000),
double3(0.186657400000,0.209613370000,0.735581475000),
double3(0.126299400000,0.153901815000,0.821595000000),
double3(0.163465200000,0.197076635000,0.704582150000),
double3(0.149583200000,0.166252420000,0.852561150000),
double3(0.178558170000,0.208884270000,0.683194875000),
double3(0.134455515000,0.154542100000,0.873969100000),
double3(0.216856970000,0.232979015000,0.692181200000),
double3(0.096029430000,0.130726115000,0.865029950000),
double3(0.140619190000,0.208399200000,0.765993000000),
double3(0.172312560000,0.155065300000,0.791145025000),
double3(0.126024250000,0.194888665000,0.786975620000),
double3(0.186915220000,0.168584930000,0.770169080000),
double3(0.141855270000,0.168217100000,0.799603950000),
double3(0.171087235000,0.195262925000,0.757544450000),
double3(0.394159750000,0.231375150000,0.529608090000),
double3(0.419306750000,0.134018050000,0.528324325000),
double3(0.384814150000,0.267806150000,0.530103595000),
double3(0.428648680000,0.097601150000,0.527829000000),
double3(0.402108135000,0.200578600000,0.529201615000),
double3(0.411359900000,0.164808250000,0.528734565000),
double3(0.185388050000,0.241493210000,0.537120300000),
double3(0.170621170000,0.199584840000,0.527502385000),
double3(0.154625535000,0.164864800000,0.517968000000),
double3(0.133674740000,0.124257060000,0.508950865000),
double3(0.455171400000,0.476623325000,0.541888040000),
double3(0.356659200000,0.387577500000,0.514538280000),
double3(0.391314775000,0.418907750000,0.524178095000),
double3(0.420536050000,0.445275575000,0.532274145000),
double3(0.185921000000,0.397342400000,0.518425045000),
double3(0.100573630000,0.494777750000,0.545856090000),
double3(0.209238320000,0.370722620000,0.510930770000),
double3(0.123888565000,0.468158250000,0.538365690000),
double3(0.143437030000,0.445843520000,0.532079600000),
double3(0.166374920000,0.419656850000,0.524707235000),
double3(0.320032050000,0.366922300000,0.616665535000),
double3(0.492403200000,0.499792875000,0.941545725000),
double3(0.433594735000,0.477327550000,0.895010700000),
double3(0.378864500000,0.389557750000,0.663204090000),
double3(0.416101550000,0.465423200000,0.863224415000),
double3(0.396343650000,0.401352675000,0.694981700000),
double3(0.440312700000,0.462144700000,0.844259380000),
double3(0.372117730000,0.404284600000,0.713945835000),
double3(0.481389015000,0.471326170000,0.857445330000),
double3(0.331024530000,0.394880100000,0.700764550000),
double3(0.498166350000,0.483580085000,0.889117900000),
double3(0.314247000000,0.382735300000,0.669092685000),
double3(0.474495250000,0.486608800000,0.908102275000),
double3(0.337941825000,0.380036700000,0.650108350000),
double3(0.427827835000,0.472516565000,0.793340000000),
double3(0.384649515000,0.393886415000,0.764870075000),
double3(0.411143600000,0.458421400000,0.761642515000),
double3(0.401324200000,0.407984850000,0.796568450000),
double3(0.389506250000,0.419090925000,0.747349400000),
double3(0.422956850000,0.447319120000,0.810861975000),
double3(0.249716940000,0.248574420000,0.776555050000),
double3(0.063034150000,0.115456415000,0.780717075000),
double3(0.374045200000,0.457273450000,0.850761250000),
double3(0.438407950000,0.409749270000,0.707450350000),
double3(0.115682765000,0.165300070000,0.691464275000),
double3(0.197522670000,0.197706310000,0.865628570000),
double3(0.012784780000,0.466457500000,0.834897000000),
double3(0.299592970000,0.399360480000,0.723313585000),
double3(0.044795210000,0.096248830000,0.879025750000),
double3(0.268067500000,0.267527135000,0.678201140000),
double3(0.102304340000,0.129048110000,0.915920650000),
double3(0.210558350000,0.234727850000,0.641306265000),
double3(0.234499110000,0.257347050000,0.798447220000),
double3(0.287788450000,0.257051000000,0.783437050000),
double3(0.024995040000,0.107633540000,0.773913300000),
double3(0.078083625000,0.106172515000,0.758780630000),
double3(0.349035620000,0.268497450000,0.520946030000),
double3(0.412279070000,0.299558370000,0.539704780000),
double3(0.401197350000,0.065864355000,0.518236410000),
double3(0.464409600000,0.096909950000,0.536985905000),
double3(0.281243750000,0.306872515000,0.528401365000),
double3(0.101627685000,0.110184275000,0.985860550000),
double3(0.145133100000,0.105937930000,0.527955740000),
double3(0.210665480000,0.259334700000,0.565062875000),
double3(0.157996610000,0.257302225000,0.526615680000),
double3(0.487287370000,0.469753685000,0.540472550000),
double3(0.357755570000,0.352603600000,0.504464320000),
double3(0.324541925000,0.394450300000,0.515938170000),
double3(0.454073725000,0.011600375000,0.551946425000),
double3(0.030404905000,0.057589600000,0.529156570000),
double3(0.112999350000,0.031355975000,0.548924530000),
double3(0.067429080000,0.481852830000,0.549446745000),
double3(0.234436020000,0.364430130000,0.531662190000),
double3(0.205135050000,0.352933080000,0.983419565000),
double3(0.342373880000,0.364614300000,0.599528075000),
double3(0.470061750000,0.002109585000,0.958683225000),
double3(0.282238450000,0.357541250000,0.604869950000),
double3(0.030197085000,0.009182630000,0.953341300000),
double3(0.358242035000,0.465957100000,0.826310900000),
double3(0.351560700000,0.445168650000,0.865720870000),
double3(0.460843475000,0.422479900000,0.692679350000),
double3(0.454291600000,0.400639300000,0.731669000000),
double3(0.249971600000,0.757962465000,0.028931465000),
double3(0.250919225000,0.824223450000,0.496862300000),
double3(0.295230850000,0.846778200000,0.067692510000),
double3(0.328835400000,0.798531980000,0.020113780000),
double3(0.055967170000,0.536392160000,0.059974035000),
double3(0.491430820000,0.580730100000,0.041395025000),
double3(0.069358335000,0.597677320000,0.024341660000),
double3(0.004866625000,0.515563070000,0.490917300000),
double3(0.269533785000,0.764325080000,0.230166570000),
double3(0.043155630000,0.599812260000,0.327108950000),
double3(0.160306300000,0.698885190000,0.159455950000),
double3(0.152772950000,0.664376650000,0.397680520000),
double3(0.128347620000,0.729129435000,0.256401180000),
double3(0.184579000000,0.634326935000,0.300736150000),
double3(0.102487980000,0.705181465000,0.293427150000),
double3(0.210459770000,0.658292710000,0.263716875000),
double3(0.415143300000,0.980001120000,0.409566000000),
double3(0.397339580000,0.887159170000,0.148653150000),
double3(0.029799580000,0.990440600000,0.398830400000),
double3(0.282603400000,0.875684380000,0.159375300000),
double3(0.444398970000,0.502991975000,0.304255950000),
double3(0.368080650000,0.863405400000,0.253949250000),
double3(0.414994500000,0.978060750000,0.248231700000),
double3(0.397470600000,0.888342300000,0.309984100000),
double3(0.080310935000,0.618222760000,0.387709675000),
double3(0.232554940000,0.745545610000,0.169515820000),
double3(0.240034850000,0.745352090000,0.223006325000),
double3(0.072759360000,0.618553995000,0.334234200000),
double3(0.225300535000,0.734257130000,0.244985535000),
double3(0.087531940000,0.629557250000,0.312246900000),
double3(0.186657400000,0.709613370000,0.235581475000),
double3(0.126299400000,0.653901815000,0.321595000000),
double3(0.163465200000,0.697076635000,0.204582150000),
double3(0.149583200000,0.666252420000,0.352561150000),
double3(0.178558170000,0.708884270000,0.183194875000),
double3(0.134455515000,0.654542100000,0.373969100000),
double3(0.216856970000,0.732979015000,0.192181200000),
double3(0.096029430000,0.630726115000,0.365029950000),
double3(0.140619190000,0.708399200000,0.265993000000),
double3(0.172312560000,0.655065300000,0.291145025000),
double3(0.126024250000,0.694888665000,0.286975620000),
double3(0.186915220000,0.668584930000,0.270169080000),
double3(0.141855270000,0.668217100000,0.299603950000),
double3(0.171087235000,0.695262925000,0.257544450000),
double3(0.394159750000,0.731375150000,0.029608090000),
double3(0.419306750000,0.634018050000,0.028324325000),
double3(0.384814150000,0.767806150000,0.030103595000),
double3(0.428648680000,0.597601150000,0.027829000000),
double3(0.402108135000,0.700578600000,0.029201615000),
double3(0.411359900000,0.664808250000,0.028734565000),
double3(0.185388050000,0.741493210000,0.037120300000),
double3(0.170621170000,0.699584840000,0.027502385000),
double3(0.154625535000,0.664864800000,0.017968000000),
double3(0.133674740000,0.624257060000,0.008950865000),
double3(0.455171400000,0.976623325000,0.041888040000),
double3(0.356659200000,0.887577500000,0.014538280000),
double3(0.391314775000,0.918907750000,0.024178095000),
double3(0.420536050000,0.945275575000,0.032274145000),
double3(0.185921000000,0.897342400000,0.018425045000),
double3(0.100573630000,0.994777750000,0.045856090000),
double3(0.209238320000,0.870722620000,0.010930770000),
double3(0.123888565000,0.968158250000,0.038365690000),
double3(0.143437030000,0.945843520000,0.032079600000),
double3(0.166374920000,0.919656850000,0.024707235000),
double3(0.320032050000,0.866922300000,0.116665535000),
double3(0.492403200000,0.999792875000,0.441545725000),
double3(0.433594735000,0.977327550000,0.395010700000),
double3(0.378864500000,0.889557750000,0.163204090000),
double3(0.416101550000,0.965423200000,0.363224415000),
double3(0.396343650000,0.901352675000,0.194981700000),
double3(0.440312700000,0.962144700000,0.344259380000),
double3(0.372117730000,0.904284600000,0.213945835000),
double3(0.481389015000,0.971326170000,0.357445330000),
double3(0.331024530000,0.894880100000,0.200764550000),
double3(0.498166350000,0.983580085000,0.389117900000),
double3(0.314247000000,0.882735300000,0.169092685000),
double3(0.474495250000,0.986608800000,0.408102275000),
double3(0.337941825000,0.880036700000,0.150108350000),
double3(0.427827835000,0.972516565000,0.293340000000),
double3(0.384649515000,0.893886415000,0.264870075000),
double3(0.411143600000,0.958421400000,0.261642515000),
double3(0.401324200000,0.907984850000,0.296568450000),
double3(0.389506250000,0.919090925000,0.247349400000),
double3(0.422956850000,0.947319120000,0.310861975000),
double3(0.249716940000,0.748574420000,0.276555050000),
double3(0.063034150000,0.615456415000,0.280717075000),
double3(0.374045200000,0.957273450000,0.350761250000),
double3(0.438407950000,0.909749270000,0.207450350000),
double3(0.115682765000,0.665300070000,0.191464275000),
double3(0.197522670000,0.697706310000,0.365628570000),
double3(0.012784780000,0.966457500000,0.334897000000),
double3(0.299592970000,0.899360480000,0.223313585000),
double3(0.044795210000,0.596248830000,0.379025750000),
double3(0.268067500000,0.767527135000,0.178201140000),
double3(0.102304340000,0.629048110000,0.415920650000),
double3(0.210558350000,0.734727850000,0.141306265000),
double3(0.234499110000,0.757347050000,0.298447220000),
double3(0.287788450000,0.757051000000,0.283437050000),
double3(0.024995040000,0.607633540000,0.273913300000),
double3(0.078083625000,0.606172515000,0.258780630000),
double3(0.349035620000,0.768497450000,0.020946030000),
double3(0.412279070000,0.799558370000,0.039704780000),
double3(0.401197350000,0.565864355000,0.018236410000),
double3(0.464409600000,0.596909950000,0.036985905000),
double3(0.281243750000,0.806872515000,0.028401365000),
double3(0.101627685000,0.610184275000,0.485860550000),
double3(0.145133100000,0.605937930000,0.027955740000),
double3(0.210665480000,0.759334700000,0.065062875000),
double3(0.157996610000,0.757302225000,0.026615680000),
double3(0.487287370000,0.969753685000,0.040472550000),
double3(0.357755570000,0.852603600000,0.004464320000),
double3(0.324541925000,0.894450300000,0.015938170000),
double3(0.454073725000,0.511600375000,0.051946425000),
double3(0.030404905000,0.557589600000,0.029156570000),
double3(0.112999350000,0.531355975000,0.048924530000),
double3(0.067429080000,0.981852830000,0.049446745000),
double3(0.234436020000,0.864430130000,0.031662190000),
double3(0.205135050000,0.852933080000,0.483419565000),
double3(0.342373880000,0.864614300000,0.099528075000),
double3(0.470061750000,0.502109585000,0.458683225000),
double3(0.282238450000,0.857541250000,0.104869950000),
double3(0.030197085000,0.509182630000,0.453341300000),
double3(0.358242035000,0.965957100000,0.326310900000),
double3(0.351560700000,0.945168650000,0.365720870000),
double3(0.460843475000,0.922479900000,0.192679350000),
double3(0.454291600000,0.900639300000,0.231669000000),
double3(0.249971600000,0.757962465000,0.528931465000),
double3(0.250919225000,0.824223450000,0.996862300000),
double3(0.295230850000,0.846778200000,0.567692510000),
double3(0.328835400000,0.798531980000,0.520113780000),
double3(0.055967170000,0.536392160000,0.559974035000),
double3(0.491430820000,0.580730100000,0.541395025000),
double3(0.069358335000,0.597677320000,0.524341660000),
double3(0.004866625000,0.515563070000,0.990917300000),
double3(0.269533785000,0.764325080000,0.730166570000),
double3(0.043155630000,0.599812260000,0.827108950000),
double3(0.160306300000,0.698885190000,0.659455950000),
double3(0.152772950000,0.664376650000,0.897680520000),
double3(0.128347620000,0.729129435000,0.756401180000),
double3(0.184579000000,0.634326935000,0.800736150000),
double3(0.102487980000,0.705181465000,0.793427150000),
double3(0.210459770000,0.658292710000,0.763716875000),
double3(0.415143300000,0.980001120000,0.909566000000),
double3(0.397339580000,0.887159170000,0.648653150000),
double3(0.029799580000,0.990440600000,0.898830400000),
double3(0.282603400000,0.875684380000,0.659375300000),
double3(0.444398970000,0.502991975000,0.804255950000),
double3(0.368080650000,0.863405400000,0.753949250000),
double3(0.414994500000,0.978060750000,0.748231700000),
double3(0.397470600000,0.888342300000,0.809984100000),
double3(0.080310935000,0.618222760000,0.887709675000),
double3(0.232554940000,0.745545610000,0.669515820000),
double3(0.240034850000,0.745352090000,0.723006325000),
double3(0.072759360000,0.618553995000,0.834234200000),
double3(0.225300535000,0.734257130000,0.744985535000),
double3(0.087531940000,0.629557250000,0.812246900000),
double3(0.186657400000,0.709613370000,0.735581475000),
double3(0.126299400000,0.653901815000,0.821595000000),
double3(0.163465200000,0.697076635000,0.704582150000),
double3(0.149583200000,0.666252420000,0.852561150000),
double3(0.178558170000,0.708884270000,0.683194875000),
double3(0.134455515000,0.654542100000,0.873969100000),
double3(0.216856970000,0.732979015000,0.692181200000),
double3(0.096029430000,0.630726115000,0.865029950000),
double3(0.140619190000,0.708399200000,0.765993000000),
double3(0.172312560000,0.655065300000,0.791145025000),
double3(0.126024250000,0.694888665000,0.786975620000),
double3(0.186915220000,0.668584930000,0.770169080000),
double3(0.141855270000,0.668217100000,0.799603950000),
double3(0.171087235000,0.695262925000,0.757544450000),
double3(0.394159750000,0.731375150000,0.529608090000),
double3(0.419306750000,0.634018050000,0.528324325000),
double3(0.384814150000,0.767806150000,0.530103595000),
double3(0.428648680000,0.597601150000,0.527829000000),
double3(0.402108135000,0.700578600000,0.529201615000),
double3(0.411359900000,0.664808250000,0.528734565000),
double3(0.185388050000,0.741493210000,0.537120300000),
double3(0.170621170000,0.699584840000,0.527502385000),
double3(0.154625535000,0.664864800000,0.517968000000),
double3(0.133674740000,0.624257060000,0.508950865000),
double3(0.455171400000,0.976623325000,0.541888040000),
double3(0.356659200000,0.887577500000,0.514538280000),
double3(0.391314775000,0.918907750000,0.524178095000),
double3(0.420536050000,0.945275575000,0.532274145000),
double3(0.185921000000,0.897342400000,0.518425045000),
double3(0.100573630000,0.994777750000,0.545856090000),
double3(0.209238320000,0.870722620000,0.510930770000),
double3(0.123888565000,0.968158250000,0.538365690000),
double3(0.143437030000,0.945843520000,0.532079600000),
double3(0.166374920000,0.919656850000,0.524707235000),
double3(0.320032050000,0.866922300000,0.616665535000),
double3(0.492403200000,0.999792875000,0.941545725000),
double3(0.433594735000,0.977327550000,0.895010700000),
double3(0.378864500000,0.889557750000,0.663204090000),
double3(0.416101550000,0.965423200000,0.863224415000),
double3(0.396343650000,0.901352675000,0.694981700000),
double3(0.440312700000,0.962144700000,0.844259380000),
double3(0.372117730000,0.904284600000,0.713945835000),
double3(0.481389015000,0.971326170000,0.857445330000),
double3(0.331024530000,0.894880100000,0.700764550000),
double3(0.498166350000,0.983580085000,0.889117900000),
double3(0.314247000000,0.882735300000,0.669092685000),
double3(0.474495250000,0.986608800000,0.908102275000),
double3(0.337941825000,0.880036700000,0.650108350000),
double3(0.427827835000,0.972516565000,0.793340000000),
double3(0.384649515000,0.893886415000,0.764870075000),
double3(0.411143600000,0.958421400000,0.761642515000),
double3(0.401324200000,0.907984850000,0.796568450000),
double3(0.389506250000,0.919090925000,0.747349400000),
double3(0.422956850000,0.947319120000,0.810861975000),
double3(0.249716940000,0.748574420000,0.776555050000),
double3(0.063034150000,0.615456415000,0.780717075000),
double3(0.374045200000,0.957273450000,0.850761250000),
double3(0.438407950000,0.909749270000,0.707450350000),
double3(0.115682765000,0.665300070000,0.691464275000),
double3(0.197522670000,0.697706310000,0.865628570000),
double3(0.012784780000,0.966457500000,0.834897000000),
double3(0.299592970000,0.899360480000,0.723313585000),
double3(0.044795210000,0.596248830000,0.879025750000),
double3(0.268067500000,0.767527135000,0.678201140000),
double3(0.102304340000,0.629048110000,0.915920650000),
double3(0.210558350000,0.734727850000,0.641306265000),
double3(0.234499110000,0.757347050000,0.798447220000),
double3(0.287788450000,0.757051000000,0.783437050000),
double3(0.024995040000,0.607633540000,0.773913300000),
double3(0.078083625000,0.606172515000,0.758780630000),
double3(0.349035620000,0.768497450000,0.520946030000),
double3(0.412279070000,0.799558370000,0.539704780000),
double3(0.401197350000,0.565864355000,0.518236410000),
double3(0.464409600000,0.596909950000,0.536985905000),
double3(0.281243750000,0.806872515000,0.528401365000),
double3(0.101627685000,0.610184275000,0.985860550000),
double3(0.145133100000,0.605937930000,0.527955740000),
double3(0.210665480000,0.759334700000,0.565062875000),
double3(0.157996610000,0.757302225000,0.526615680000),
double3(0.487287370000,0.969753685000,0.540472550000),
double3(0.357755570000,0.852603600000,0.504464320000),
double3(0.324541925000,0.894450300000,0.515938170000),
double3(0.454073725000,0.511600375000,0.551946425000),
double3(0.030404905000,0.557589600000,0.529156570000),
double3(0.112999350000,0.531355975000,0.548924530000),
double3(0.067429080000,0.981852830000,0.549446745000),
double3(0.234436020000,0.864430130000,0.531662190000),
double3(0.205135050000,0.852933080000,0.983419565000),
double3(0.342373880000,0.864614300000,0.599528075000),
double3(0.470061750000,0.502109585000,0.958683225000),
double3(0.282238450000,0.857541250000,0.604869950000),
double3(0.030197085000,0.509182630000,0.953341300000),
double3(0.358242035000,0.965957100000,0.826310900000),
double3(0.351560700000,0.945168650000,0.865720870000),
double3(0.460843475000,0.922479900000,0.692679350000),
double3(0.454291600000,0.900639300000,0.731669000000),
double3(0.749971600000,0.257962465000,0.028931465000),
double3(0.750919225000,0.324223450000,0.496862300000),
double3(0.795230850000,0.346778200000,0.067692510000),
double3(0.828835400000,0.298531980000,0.020113780000),
double3(0.555967170000,0.036392160000,0.059974035000),
double3(0.991430820000,0.080730100000,0.041395025000),
double3(0.569358335000,0.097677320000,0.024341660000),
double3(0.504866625000,0.015563070000,0.490917300000),
double3(0.769533785000,0.264325080000,0.230166570000),
double3(0.543155630000,0.099812260000,0.327108950000),
double3(0.660306300000,0.198885190000,0.159455950000),
double3(0.652772950000,0.164376650000,0.397680520000),
double3(0.628347620000,0.229129435000,0.256401180000),
double3(0.684579000000,0.134326935000,0.300736150000),
double3(0.602487980000,0.205181465000,0.293427150000),
double3(0.710459770000,0.158292710000,0.263716875000),
double3(0.915143300000,0.480001120000,0.409566000000),
double3(0.897339580000,0.387159170000,0.148653150000),
double3(0.529799580000,0.490440600000,0.398830400000),
double3(0.782603400000,0.375684380000,0.159375300000),
double3(0.944398970000,0.002991975000,0.304255950000),
double3(0.868080650000,0.363405400000,0.253949250000),
double3(0.914994500000,0.478060750000,0.248231700000),
double3(0.897470600000,0.388342300000,0.309984100000),
double3(0.580310935000,0.118222760000,0.387709675000),
double3(0.732554940000,0.245545610000,0.169515820000),
double3(0.740034850000,0.245352090000,0.223006325000),
double3(0.572759360000,0.118553995000,0.334234200000),
double3(0.725300535000,0.234257130000,0.244985535000),
double3(0.587531940000,0.129557250000,0.312246900000),
double3(0.686657400000,0.209613370000,0.235581475000),
double3(0.626299400000,0.153901815000,0.321595000000),
double3(0.663465200000,0.197076635000,0.204582150000),
double3(0.649583200000,0.166252420000,0.352561150000),
double3(0.678558170000,0.208884270000,0.183194875000),
double3(0.634455515000,0.154542100000,0.373969100000),
double3(0.716856970000,0.232979015000,0.192181200000),
double3(0.596029430000,0.130726115000,0.365029950000),
double3(0.640619190000,0.208399200000,0.265993000000),
double3(0.672312560000,0.155065300000,0.291145025000),
double3(0.626024250000,0.194888665000,0.286975620000),
double3(0.686915220000,0.168584930000,0.270169080000),
double3(0.641855270000,0.168217100000,0.299603950000),
double3(0.671087235000,0.195262925000,0.257544450000),
double3(0.894159750000,0.231375150000,0.029608090000),
double3(0.919306750000,0.134018050000,0.028324325000),
double3(0.884814150000,0.267806150000,0.030103595000),
double3(0.928648680000,0.097601150000,0.027829000000),
double3(0.902108135000,0.200578600000,0.029201615000),
double3(0.911359900000,0.164808250000,0.028734565000),
double3(0.685388050000,0.241493210000,0.037120300000),
double3(0.670621170000,0.199584840000,0.027502385000),
double3(0.654625535000,0.164864800000,0.017968000000),
double3(0.633674740000,0.124257060000,0.008950865000),
double3(0.955171400000,0.476623325000,0.041888040000),
double3(0.856659200000,0.387577500000,0.014538280000),
double3(0.891314775000,0.418907750000,0.024178095000),
double3(0.920536050000,0.445275575000,0.032274145000),
double3(0.685921000000,0.397342400000,0.018425045000),
double3(0.600573630000,0.494777750000,0.045856090000),
double3(0.709238320000,0.370722620000,0.010930770000),
double3(0.623888565000,0.468158250000,0.038365690000),
double3(0.643437030000,0.445843520000,0.032079600000),
double3(0.666374920000,0.419656850000,0.024707235000),
double3(0.820032050000,0.366922300000,0.116665535000),
double3(0.992403200000,0.499792875000,0.441545725000),
double3(0.933594735000,0.477327550000,0.395010700000),
double3(0.878864500000,0.389557750000,0.163204090000),
double3(0.916101550000,0.465423200000,0.363224415000),
double3(0.896343650000,0.401352675000,0.194981700000),
double3(0.940312700000,0.462144700000,0.344259380000),
double3(0.872117730000,0.404284600000,0.213945835000),
double3(0.981389015000,0.471326170000,0.357445330000),
double3(0.831024530000,0.394880100000,0.200764550000),
double3(0.998166350000,0.483580085000,0.389117900000),
double3(0.814247000000,0.382735300000,0.169092685000),
double3(0.974495250000,0.486608800000,0.408102275000),
double3(0.837941825000,0.380036700000,0.150108350000),
double3(0.927827835000,0.472516565000,0.293340000000),
double3(0.884649515000,0.393886415000,0.264870075000),
double3(0.911143600000,0.458421400000,0.261642515000),
double3(0.901324200000,0.407984850000,0.296568450000),
double3(0.889506250000,0.419090925000,0.247349400000),
double3(0.922956850000,0.447319120000,0.310861975000),
double3(0.749716940000,0.248574420000,0.276555050000),
double3(0.563034150000,0.115456415000,0.280717075000),
double3(0.874045200000,0.457273450000,0.350761250000),
double3(0.938407950000,0.409749270000,0.207450350000),
double3(0.615682765000,0.165300070000,0.191464275000),
double3(0.697522670000,0.197706310000,0.365628570000),
double3(0.512784780000,0.466457500000,0.334897000000),
double3(0.799592970000,0.399360480000,0.223313585000),
double3(0.544795210000,0.096248830000,0.379025750000),
double3(0.768067500000,0.267527135000,0.178201140000),
double3(0.602304340000,0.129048110000,0.415920650000),
double3(0.710558350000,0.234727850000,0.141306265000),
double3(0.734499110000,0.257347050000,0.298447220000),
double3(0.787788450000,0.257051000000,0.283437050000),
double3(0.524995040000,0.107633540000,0.273913300000),
double3(0.578083625000,0.106172515000,0.258780630000),
double3(0.849035620000,0.268497450000,0.020946030000),
double3(0.912279070000,0.299558370000,0.039704780000),
double3(0.901197350000,0.065864355000,0.018236410000),
double3(0.964409600000,0.096909950000,0.036985905000),
double3(0.781243750000,0.306872515000,0.028401365000),
double3(0.601627685000,0.110184275000,0.485860550000),
double3(0.645133100000,0.105937930000,0.027955740000),
double3(0.710665480000,0.259334700000,0.065062875000),
double3(0.657996610000,0.257302225000,0.026615680000),
double3(0.987287370000,0.469753685000,0.040472550000),
double3(0.857755570000,0.352603600000,0.004464320000),
double3(0.824541925000,0.394450300000,0.015938170000),
double3(0.954073725000,0.011600375000,0.051946425000),
double3(0.530404905000,0.057589600000,0.029156570000),
double3(0.612999350000,0.031355975000,0.048924530000),
double3(0.567429080000,0.481852830000,0.049446745000),
double3(0.734436020000,0.364430130000,0.031662190000),
double3(0.705135050000,0.352933080000,0.483419565000),
double3(0.842373880000,0.364614300000,0.099528075000),
double3(0.970061750000,0.002109585000,0.458683225000),
double3(0.782238450000,0.357541250000,0.104869950000),
double3(0.530197085000,0.009182630000,0.453341300000),
double3(0.858242035000,0.465957100000,0.326310900000),
double3(0.851560700000,0.445168650000,0.365720870000),
double3(0.960843475000,0.422479900000,0.192679350000),
double3(0.954291600000,0.400639300000,0.231669000000),
double3(0.749971600000,0.257962465000,0.528931465000),
double3(0.750919225000,0.324223450000,0.996862300000),
double3(0.795230850000,0.346778200000,0.567692510000),
double3(0.828835400000,0.298531980000,0.520113780000),
double3(0.555967170000,0.036392160000,0.559974035000),
double3(0.991430820000,0.080730100000,0.541395025000),
double3(0.569358335000,0.097677320000,0.524341660000),
double3(0.504866625000,0.015563070000,0.990917300000),
double3(0.769533785000,0.264325080000,0.730166570000),
double3(0.543155630000,0.099812260000,0.827108950000),
double3(0.660306300000,0.198885190000,0.659455950000),
double3(0.652772950000,0.164376650000,0.897680520000),
double3(0.628347620000,0.229129435000,0.756401180000),
double3(0.684579000000,0.134326935000,0.800736150000),
double3(0.602487980000,0.205181465000,0.793427150000),
double3(0.710459770000,0.158292710000,0.763716875000),
double3(0.915143300000,0.480001120000,0.909566000000),
double3(0.897339580000,0.387159170000,0.648653150000),
double3(0.529799580000,0.490440600000,0.898830400000),
double3(0.782603400000,0.375684380000,0.659375300000),
double3(0.944398970000,0.002991975000,0.804255950000),
double3(0.868080650000,0.363405400000,0.753949250000),
double3(0.914994500000,0.478060750000,0.748231700000),
double3(0.897470600000,0.388342300000,0.809984100000),
double3(0.580310935000,0.118222760000,0.887709675000),
double3(0.732554940000,0.245545610000,0.669515820000),
double3(0.740034850000,0.245352090000,0.723006325000),
double3(0.572759360000,0.118553995000,0.834234200000),
double3(0.725300535000,0.234257130000,0.744985535000),
double3(0.587531940000,0.129557250000,0.812246900000),
double3(0.686657400000,0.209613370000,0.735581475000),
double3(0.626299400000,0.153901815000,0.821595000000),
double3(0.663465200000,0.197076635000,0.704582150000),
double3(0.649583200000,0.166252420000,0.852561150000),
double3(0.678558170000,0.208884270000,0.683194875000),
double3(0.634455515000,0.154542100000,0.873969100000),
double3(0.716856970000,0.232979015000,0.692181200000),
double3(0.596029430000,0.130726115000,0.865029950000),
double3(0.640619190000,0.208399200000,0.765993000000),
double3(0.672312560000,0.155065300000,0.791145025000),
double3(0.626024250000,0.194888665000,0.786975620000),
double3(0.686915220000,0.168584930000,0.770169080000),
double3(0.641855270000,0.168217100000,0.799603950000),
double3(0.671087235000,0.195262925000,0.757544450000),
double3(0.894159750000,0.231375150000,0.529608090000),
double3(0.919306750000,0.134018050000,0.528324325000),
double3(0.884814150000,0.267806150000,0.530103595000),
double3(0.928648680000,0.097601150000,0.527829000000),
double3(0.902108135000,0.200578600000,0.529201615000),
double3(0.911359900000,0.164808250000,0.528734565000),
double3(0.685388050000,0.241493210000,0.537120300000),
double3(0.670621170000,0.199584840000,0.527502385000),
double3(0.654625535000,0.164864800000,0.517968000000),
double3(0.633674740000,0.124257060000,0.508950865000),
double3(0.955171400000,0.476623325000,0.541888040000),
double3(0.856659200000,0.387577500000,0.514538280000),
double3(0.891314775000,0.418907750000,0.524178095000),
double3(0.920536050000,0.445275575000,0.532274145000),
double3(0.685921000000,0.397342400000,0.518425045000),
double3(0.600573630000,0.494777750000,0.545856090000),
double3(0.709238320000,0.370722620000,0.510930770000),
double3(0.623888565000,0.468158250000,0.538365690000),
double3(0.643437030000,0.445843520000,0.532079600000),
double3(0.666374920000,0.419656850000,0.524707235000),
double3(0.820032050000,0.366922300000,0.616665535000),
double3(0.992403200000,0.499792875000,0.941545725000),
double3(0.933594735000,0.477327550000,0.895010700000),
double3(0.878864500000,0.389557750000,0.663204090000),
double3(0.916101550000,0.465423200000,0.863224415000),
double3(0.896343650000,0.401352675000,0.694981700000),
double3(0.940312700000,0.462144700000,0.844259380000),
double3(0.872117730000,0.404284600000,0.713945835000),
double3(0.981389015000,0.471326170000,0.857445330000),
double3(0.831024530000,0.394880100000,0.700764550000),
double3(0.998166350000,0.483580085000,0.889117900000),
double3(0.814247000000,0.382735300000,0.669092685000),
double3(0.974495250000,0.486608800000,0.908102275000),
double3(0.837941825000,0.380036700000,0.650108350000),
double3(0.927827835000,0.472516565000,0.793340000000),
double3(0.884649515000,0.393886415000,0.764870075000),
double3(0.911143600000,0.458421400000,0.761642515000),
double3(0.901324200000,0.407984850000,0.796568450000),
double3(0.889506250000,0.419090925000,0.747349400000),
double3(0.922956850000,0.447319120000,0.810861975000),
double3(0.749716940000,0.248574420000,0.776555050000),
double3(0.563034150000,0.115456415000,0.780717075000),
double3(0.874045200000,0.457273450000,0.850761250000),
double3(0.938407950000,0.409749270000,0.707450350000),
double3(0.615682765000,0.165300070000,0.691464275000),
double3(0.697522670000,0.197706310000,0.865628570000),
double3(0.512784780000,0.466457500000,0.834897000000),
double3(0.799592970000,0.399360480000,0.723313585000),
double3(0.544795210000,0.096248830000,0.879025750000),
double3(0.768067500000,0.267527135000,0.678201140000),
double3(0.602304340000,0.129048110000,0.915920650000),
double3(0.710558350000,0.234727850000,0.641306265000),
double3(0.734499110000,0.257347050000,0.798447220000),
double3(0.787788450000,0.257051000000,0.783437050000),
double3(0.524995040000,0.107633540000,0.773913300000),
double3(0.578083625000,0.106172515000,0.758780630000),
double3(0.849035620000,0.268497450000,0.520946030000),
double3(0.912279070000,0.299558370000,0.539704780000),
double3(0.901197350000,0.065864355000,0.518236410000),
double3(0.964409600000,0.096909950000,0.536985905000),
double3(0.781243750000,0.306872515000,0.528401365000),
double3(0.601627685000,0.110184275000,0.985860550000),
double3(0.645133100000,0.105937930000,0.527955740000),
double3(0.710665480000,0.259334700000,0.565062875000),
double3(0.657996610000,0.257302225000,0.526615680000),
double3(0.987287370000,0.469753685000,0.540472550000),
double3(0.857755570000,0.352603600000,0.504464320000),
double3(0.824541925000,0.394450300000,0.515938170000),
double3(0.954073725000,0.011600375000,0.551946425000),
double3(0.530404905000,0.057589600000,0.529156570000),
double3(0.612999350000,0.031355975000,0.548924530000),
double3(0.567429080000,0.481852830000,0.549446745000),
double3(0.734436020000,0.364430130000,0.531662190000),
double3(0.705135050000,0.352933080000,0.983419565000),
double3(0.842373880000,0.364614300000,0.599528075000),
double3(0.970061750000,0.002109585000,0.958683225000),
double3(0.782238450000,0.357541250000,0.604869950000),
double3(0.530197085000,0.009182630000,0.953341300000),
double3(0.858242035000,0.465957100000,0.826310900000),
double3(0.851560700000,0.445168650000,0.865720870000),
double3(0.960843475000,0.422479900000,0.692679350000),
double3(0.954291600000,0.400639300000,0.731669000000),
double3(0.749971600000,0.757962465000,0.028931465000),
double3(0.750919225000,0.824223450000,0.496862300000),
double3(0.795230850000,0.846778200000,0.067692510000),
double3(0.828835400000,0.798531980000,0.020113780000),
double3(0.555967170000,0.536392160000,0.059974035000),
double3(0.991430820000,0.580730100000,0.041395025000),
double3(0.569358335000,0.597677320000,0.024341660000),
double3(0.504866625000,0.515563070000,0.490917300000),
double3(0.769533785000,0.764325080000,0.230166570000),
double3(0.543155630000,0.599812260000,0.327108950000),
double3(0.660306300000,0.698885190000,0.159455950000),
double3(0.652772950000,0.664376650000,0.397680520000),
double3(0.628347620000,0.729129435000,0.256401180000),
double3(0.684579000000,0.634326935000,0.300736150000),
double3(0.602487980000,0.705181465000,0.293427150000),
double3(0.710459770000,0.658292710000,0.263716875000),
double3(0.915143300000,0.980001120000,0.409566000000),
double3(0.897339580000,0.887159170000,0.148653150000),
double3(0.529799580000,0.990440600000,0.398830400000),
double3(0.782603400000,0.875684380000,0.159375300000),
double3(0.944398970000,0.502991975000,0.304255950000),
double3(0.868080650000,0.863405400000,0.253949250000),
double3(0.914994500000,0.978060750000,0.248231700000),
double3(0.897470600000,0.888342300000,0.309984100000),
double3(0.580310935000,0.618222760000,0.387709675000),
double3(0.732554940000,0.745545610000,0.169515820000),
double3(0.740034850000,0.745352090000,0.223006325000),
double3(0.572759360000,0.618553995000,0.334234200000),
double3(0.725300535000,0.734257130000,0.244985535000),
double3(0.587531940000,0.629557250000,0.312246900000),
double3(0.686657400000,0.709613370000,0.235581475000),
double3(0.626299400000,0.653901815000,0.321595000000),
double3(0.663465200000,0.697076635000,0.204582150000),
double3(0.649583200000,0.666252420000,0.352561150000),
double3(0.678558170000,0.708884270000,0.183194875000),
double3(0.634455515000,0.654542100000,0.373969100000),
double3(0.716856970000,0.732979015000,0.192181200000),
double3(0.596029430000,0.630726115000,0.365029950000),
double3(0.640619190000,0.708399200000,0.265993000000),
double3(0.672312560000,0.655065300000,0.291145025000),
double3(0.626024250000,0.694888665000,0.286975620000),
double3(0.686915220000,0.668584930000,0.270169080000),
double3(0.641855270000,0.668217100000,0.299603950000),
double3(0.671087235000,0.695262925000,0.257544450000),
double3(0.894159750000,0.731375150000,0.029608090000),
double3(0.919306750000,0.634018050000,0.028324325000),
double3(0.884814150000,0.767806150000,0.030103595000),
double3(0.928648680000,0.597601150000,0.027829000000),
double3(0.902108135000,0.700578600000,0.029201615000),
double3(0.911359900000,0.664808250000,0.028734565000),
double3(0.685388050000,0.741493210000,0.037120300000),
double3(0.670621170000,0.699584840000,0.027502385000),
double3(0.654625535000,0.664864800000,0.017968000000),
double3(0.633674740000,0.624257060000,0.008950865000),
double3(0.955171400000,0.976623325000,0.041888040000),
double3(0.856659200000,0.887577500000,0.014538280000),
double3(0.891314775000,0.918907750000,0.024178095000),
double3(0.920536050000,0.945275575000,0.032274145000),
double3(0.685921000000,0.897342400000,0.018425045000),
double3(0.600573630000,0.994777750000,0.045856090000),
double3(0.709238320000,0.870722620000,0.010930770000),
double3(0.623888565000,0.968158250000,0.038365690000),
double3(0.643437030000,0.945843520000,0.032079600000),
double3(0.666374920000,0.919656850000,0.024707235000),
double3(0.820032050000,0.866922300000,0.116665535000),
double3(0.992403200000,0.999792875000,0.441545725000),
double3(0.933594735000,0.977327550000,0.395010700000),
double3(0.878864500000,0.889557750000,0.163204090000),
double3(0.916101550000,0.965423200000,0.363224415000),
double3(0.896343650000,0.901352675000,0.194981700000),
double3(0.940312700000,0.962144700000,0.344259380000),
double3(0.872117730000,0.904284600000,0.213945835000),
double3(0.981389015000,0.971326170000,0.357445330000),
double3(0.831024530000,0.894880100000,0.200764550000),
double3(0.998166350000,0.983580085000,0.389117900000),
double3(0.814247000000,0.882735300000,0.169092685000),
double3(0.974495250000,0.986608800000,0.408102275000),
double3(0.837941825000,0.880036700000,0.150108350000),
double3(0.927827835000,0.972516565000,0.293340000000),
double3(0.884649515000,0.893886415000,0.264870075000),
double3(0.911143600000,0.958421400000,0.261642515000),
double3(0.901324200000,0.907984850000,0.296568450000),
double3(0.889506250000,0.919090925000,0.247349400000),
double3(0.922956850000,0.947319120000,0.310861975000),
double3(0.749716940000,0.748574420000,0.276555050000),
double3(0.563034150000,0.615456415000,0.280717075000),
double3(0.874045200000,0.957273450000,0.350761250000),
double3(0.938407950000,0.909749270000,0.207450350000),
double3(0.615682765000,0.665300070000,0.191464275000),
double3(0.697522670000,0.697706310000,0.365628570000),
double3(0.512784780000,0.966457500000,0.334897000000),
double3(0.799592970000,0.899360480000,0.223313585000),
double3(0.544795210000,0.596248830000,0.379025750000),
double3(0.768067500000,0.767527135000,0.178201140000),
double3(0.602304340000,0.629048110000,0.415920650000),
double3(0.710558350000,0.734727850000,0.141306265000),
double3(0.734499110000,0.757347050000,0.298447220000),
double3(0.787788450000,0.757051000000,0.283437050000),
double3(0.524995040000,0.607633540000,0.273913300000),
double3(0.578083625000,0.606172515000,0.258780630000),
double3(0.849035620000,0.768497450000,0.020946030000),
double3(0.912279070000,0.799558370000,0.039704780000),
double3(0.901197350000,0.565864355000,0.018236410000),
double3(0.964409600000,0.596909950000,0.036985905000),
double3(0.781243750000,0.806872515000,0.028401365000),
double3(0.601627685000,0.610184275000,0.485860550000),
double3(0.645133100000,0.605937930000,0.027955740000),
double3(0.710665480000,0.759334700000,0.065062875000),
double3(0.657996610000,0.757302225000,0.026615680000),
double3(0.987287370000,0.969753685000,0.040472550000),
double3(0.857755570000,0.852603600000,0.004464320000),
double3(0.824541925000,0.894450300000,0.015938170000),
double3(0.954073725000,0.511600375000,0.051946425000),
double3(0.530404905000,0.557589600000,0.029156570000),
double3(0.612999350000,0.531355975000,0.048924530000),
double3(0.567429080000,0.981852830000,0.049446745000),
double3(0.734436020000,0.864430130000,0.031662190000),
double3(0.705135050000,0.852933080000,0.483419565000),
double3(0.842373880000,0.864614300000,0.099528075000),
double3(0.970061750000,0.502109585000,0.458683225000),
double3(0.782238450000,0.857541250000,0.104869950000),
double3(0.530197085000,0.509182630000,0.453341300000),
double3(0.858242035000,0.965957100000,0.326310900000),
double3(0.851560700000,0.945168650000,0.365720870000),
double3(0.960843475000,0.922479900000,0.192679350000),
double3(0.954291600000,0.900639300000,0.231669000000),
double3(0.749971600000,0.757962465000,0.528931465000),
double3(0.750919225000,0.824223450000,0.996862300000),
double3(0.795230850000,0.846778200000,0.567692510000),
double3(0.828835400000,0.798531980000,0.520113780000),
double3(0.555967170000,0.536392160000,0.559974035000),
double3(0.991430820000,0.580730100000,0.541395025000),
double3(0.569358335000,0.597677320000,0.524341660000),
double3(0.504866625000,0.515563070000,0.990917300000),
double3(0.769533785000,0.764325080000,0.730166570000),
double3(0.543155630000,0.599812260000,0.827108950000),
double3(0.660306300000,0.698885190000,0.659455950000),
double3(0.652772950000,0.664376650000,0.897680520000),
double3(0.628347620000,0.729129435000,0.756401180000),
double3(0.684579000000,0.634326935000,0.800736150000),
double3(0.602487980000,0.705181465000,0.793427150000),
double3(0.710459770000,0.658292710000,0.763716875000),
double3(0.915143300000,0.980001120000,0.909566000000),
double3(0.897339580000,0.887159170000,0.648653150000),
double3(0.529799580000,0.990440600000,0.898830400000),
double3(0.782603400000,0.875684380000,0.659375300000),
double3(0.944398970000,0.502991975000,0.804255950000),
double3(0.868080650000,0.863405400000,0.753949250000),
double3(0.914994500000,0.978060750000,0.748231700000),
double3(0.897470600000,0.888342300000,0.809984100000),
double3(0.580310935000,0.618222760000,0.887709675000),
double3(0.732554940000,0.745545610000,0.669515820000),
double3(0.740034850000,0.745352090000,0.723006325000),
double3(0.572759360000,0.618553995000,0.834234200000),
double3(0.725300535000,0.734257130000,0.744985535000),
double3(0.587531940000,0.629557250000,0.812246900000),
double3(0.686657400000,0.709613370000,0.735581475000),
double3(0.626299400000,0.653901815000,0.821595000000),
double3(0.663465200000,0.697076635000,0.704582150000),
double3(0.649583200000,0.666252420000,0.852561150000),
double3(0.678558170000,0.708884270000,0.683194875000),
double3(0.634455515000,0.654542100000,0.873969100000),
double3(0.716856970000,0.732979015000,0.692181200000),
double3(0.596029430000,0.630726115000,0.865029950000),
double3(0.640619190000,0.708399200000,0.765993000000),
double3(0.672312560000,0.655065300000,0.791145025000),
double3(0.626024250000,0.694888665000,0.786975620000),
double3(0.686915220000,0.668584930000,0.770169080000),
double3(0.641855270000,0.668217100000,0.799603950000),
double3(0.671087235000,0.695262925000,0.757544450000),
double3(0.894159750000,0.731375150000,0.529608090000),
double3(0.919306750000,0.634018050000,0.528324325000),
double3(0.884814150000,0.767806150000,0.530103595000),
double3(0.928648680000,0.597601150000,0.527829000000),
double3(0.902108135000,0.700578600000,0.529201615000),
double3(0.911359900000,0.664808250000,0.528734565000),
double3(0.685388050000,0.741493210000,0.537120300000),
double3(0.670621170000,0.699584840000,0.527502385000),
double3(0.654625535000,0.664864800000,0.517968000000),
double3(0.633674740000,0.624257060000,0.508950865000),
double3(0.955171400000,0.976623325000,0.541888040000),
double3(0.856659200000,0.887577500000,0.514538280000),
double3(0.891314775000,0.918907750000,0.524178095000),
double3(0.920536050000,0.945275575000,0.532274145000),
double3(0.685921000000,0.897342400000,0.518425045000),
double3(0.600573630000,0.994777750000,0.545856090000),
double3(0.709238320000,0.870722620000,0.510930770000),
double3(0.623888565000,0.968158250000,0.538365690000),
double3(0.643437030000,0.945843520000,0.532079600000),
double3(0.666374920000,0.919656850000,0.524707235000),
double3(0.820032050000,0.866922300000,0.616665535000),
double3(0.992403200000,0.999792875000,0.941545725000),
double3(0.933594735000,0.977327550000,0.895010700000),
double3(0.878864500000,0.889557750000,0.663204090000),
double3(0.916101550000,0.965423200000,0.863224415000),
double3(0.896343650000,0.901352675000,0.694981700000),
double3(0.940312700000,0.962144700000,0.844259380000),
double3(0.872117730000,0.904284600000,0.713945835000),
double3(0.981389015000,0.971326170000,0.857445330000),
double3(0.831024530000,0.894880100000,0.700764550000),
double3(0.998166350000,0.983580085000,0.889117900000),
double3(0.814247000000,0.882735300000,0.669092685000),
double3(0.974495250000,0.986608800000,0.908102275000),
double3(0.837941825000,0.880036700000,0.650108350000),
double3(0.927827835000,0.972516565000,0.793340000000),
double3(0.884649515000,0.893886415000,0.764870075000),
double3(0.911143600000,0.958421400000,0.761642515000),
double3(0.901324200000,0.907984850000,0.796568450000),
double3(0.889506250000,0.919090925000,0.747349400000),
double3(0.922956850000,0.947319120000,0.810861975000),
double3(0.749716940000,0.748574420000,0.776555050000),
double3(0.563034150000,0.615456415000,0.780717075000),
double3(0.874045200000,0.957273450000,0.850761250000),
double3(0.938407950000,0.909749270000,0.707450350000),
double3(0.615682765000,0.665300070000,0.691464275000),
double3(0.697522670000,0.697706310000,0.865628570000),
double3(0.512784780000,0.966457500000,0.834897000000),
double3(0.799592970000,0.899360480000,0.723313585000),
double3(0.544795210000,0.596248830000,0.879025750000),
double3(0.768067500000,0.767527135000,0.678201140000),
double3(0.602304340000,0.629048110000,0.915920650000),
double3(0.710558350000,0.734727850000,0.641306265000),
double3(0.734499110000,0.757347050000,0.798447220000),
double3(0.787788450000,0.757051000000,0.783437050000),
double3(0.524995040000,0.607633540000,0.773913300000),
double3(0.578083625000,0.606172515000,0.758780630000),
double3(0.849035620000,0.768497450000,0.520946030000),
double3(0.912279070000,0.799558370000,0.539704780000),
double3(0.901197350000,0.565864355000,0.518236410000),
double3(0.964409600000,0.596909950000,0.536985905000),
double3(0.781243750000,0.806872515000,0.528401365000),
double3(0.601627685000,0.610184275000,0.985860550000),
double3(0.645133100000,0.605937930000,0.527955740000),
double3(0.710665480000,0.759334700000,0.565062875000),
double3(0.657996610000,0.757302225000,0.526615680000),
double3(0.987287370000,0.969753685000,0.540472550000),
double3(0.857755570000,0.852603600000,0.504464320000),
double3(0.824541925000,0.894450300000,0.515938170000),
double3(0.954073725000,0.511600375000,0.551946425000),
double3(0.530404905000,0.557589600000,0.529156570000),
double3(0.612999350000,0.531355975000,0.548924530000),
double3(0.567429080000,0.981852830000,0.549446745000),
double3(0.734436020000,0.864430130000,0.531662190000),
double3(0.705135050000,0.852933080000,0.983419565000),
double3(0.842373880000,0.864614300000,0.599528075000),
double3(0.970061750000,0.502109585000,0.958683225000),
double3(0.782238450000,0.857541250000,0.604869950000),
double3(0.530197085000,0.509182630000,0.953341300000),
double3(0.858242035000,0.965957100000,0.826310900000),
double3(0.851560700000,0.945168650000,0.865720870000),
double3(0.960843475000,0.922479900000,0.692679350000),
double3(0.954291600000,0.900639300000,0.731669000000),
